;demonimador;numerador;FrequÃªncia;Qtd_1_Denom;Qtd_0_Demon;D0N0;D0N1;D1N0;D1N1
1;Analgésicos;Fuma;0.252032520325203;123;63;49;14;92;31
2;Analgésicos;Cirurgia_coluna;0.385185185185185;135;63;39;24;83;52
3;Analgésicos;Aposentado;0.181102362204724;127;66;54;12;104;23
4;Analgésicos;Desempregado;0.144;125;64;54;10;107;18
5;Analgésicos;Licenca_Medica;0.088;125;66;58;8;114;11
6;Analgésicos;Aposentado_Invalidez;0.0555555555555556;126;64;63;1;119;7
7;Analgésicos;Analgésicos;1;147;68;68;0;0;147
8;Analgésicos;OutraDoenca;0.401515151515151;132;67;45;22;79;53
9;Analgésicos;Dor_costas;0.727941176470588;136;64;41;23;37;99
10;Analgésicos;Dor_pernas;0.402985074626866;134;64;54;10;80;54
11;Analgésicos;Retornar_trabalho;0.135338345864662;133;59;56;3;115;18
12;Analgésicos;Masc;0.693877551020408;147;68;27;41;45;102
13;Analgésicos;Fem;0.306122448979592;147;68;41;27;102;45
14;Analgésicos;Casado_Amasiado;0.459016393442623;122;65;40;25;66;56
15;Analgésicos;Solteiro;0.39344262295082;122;65;33;32;74;48
16;Analgésicos;Separado_Divorciado;0.0491803278688525;122;65;63;2;116;6
17;Analgésicos;X4;0.0163934426229508;122;65;64;1;120;2
18;Analgésicos;X5;0.00819672131147541;122;65;62;3;121;1
19;Analgésicos;X6;0.0737704918032787;122;65;63;2;113;9
20;Analgésicos;Livrar_costas;0.88659793814433;97;26;4;22;11;86
21;Analgésicos;Livrar_perna;0.11340206185567;97;26;23;3;86;11
22;Analgésicos;Livrar_perda_sens;0;97;26;25;1;97;0
23;Analgésicos;D1;0.0113636363636364;88;42;42;0;87;1
24;Analgésicos;D15;0.0340909090909091;88;42;38;4;85;3
25;Analgésicos;D16;0.204545454545455;88;42;40;2;70;18
26;Analgésicos;D17;0.0454545454545455;88;42;41;1;84;4
27;Analgésicos;D18;0.147727272727273;88;42;40;2;75;13
28;Analgésicos;D19;0.0568181818181818;88;42;41;1;83;5
29;Analgésicos;D2;0.0795454545454545;88;42;41;1;81;7
30;Analgésicos;D20;0.0681818181818182;88;42;41;1;82;6
31;Analgésicos;D21;0.0681818181818182;88;42;41;1;82;6
32;Analgésicos;D22;0.0113636363636364;88;42;42;0;87;1
33;Analgésicos;D23;0.0227272727272727;88;42;42;0;86;2
34;Analgésicos;D24;0.193181818181818;88;42;33;9;71;17
35;Analgésicos;D25;0.0340909090909091;88;42;41;1;85;3
36;Analgésicos;D26;0.0227272727272727;88;42;42;0;86;2
37;Analgésicos;D27;0.0454545454545455;88;42;41;1;84;4
38;Analgésicos;D28;0.0454545454545455;88;42;40;2;84;4
39;Analgésicos;D29;0.397727272727273;88;42;35;7;53;35
40;Analgésicos;D3;0.0227272727272727;88;42;42;0;86;2
41;Analgésicos;D30;0.602272727272727;88;42;33;9;35;53
42;Analgésicos;D31;0.102272727272727;88;42;34;8;79;9
43;Analgésicos;D32;0.375;88;42;38;4;55;33
44;Analgésicos;D33;0.0909090909090909;88;42;38;4;80;8
45;Analgésicos;D34;0.0227272727272727;88;42;41;1;86;2
46;Analgésicos;D35;0.0227272727272727;88;42;42;0;86;2
47;Analgésicos;D36;0.0340909090909091;88;42;37;5;85;3
48;Analgésicos;D37;0.204545454545455;88;42;38;4;70;18
49;Analgésicos;D38;0.0113636363636364;88;42;40;2;87;1
50;Analgésicos;D39;0.159090909090909;88;42;41;1;74;14
51;Analgésicos;D4;0.0454545454545455;88;42;42;0;84;4
52;Analgésicos;D40;0.0227272727272727;88;42;39;3;86;2
53;Analgésicos;D41;0.0568181818181818;88;42;40;2;83;5
54;Analgésicos;D42;0.0113636363636364;88;42;41;1;87;1
55;Analgésicos;D43;0.0340909090909091;88;42;42;0;85;3
56;Analgésicos;D44;0.375;88;42;37;5;55;33
57;Analgésicos;D45;0.102272727272727;88;42;39;3;79;9
58;Analgésicos;D46;0.375;88;42;37;5;55;33
59;Analgésicos;D47;0.0909090909090909;88;42;38;4;80;8
60;Analgésicos;D48;0.25;88;42;38;4;66;22
61;Analgésicos;D49;0.0909090909090909;88;42;37;5;80;8
62;Analgésicos;D5;0.0227272727272727;88;42;41;1;86;2
63;Analgésicos;D50;0.0113636363636364;88;42;41;1;87;1
64;Analgésicos;D51;0.0113636363636364;88;42;42;0;87;1
65;Analgésicos;D52;0.0113636363636364;88;42;41;1;87;1
66;Analgésicos;D53;0.0227272727272727;88;42;42;0;86;2
67;Analgésicos;D9;0.0113636363636364;88;42;42;0;87;1
68;Aposentado;Fuma;0.323529411764706;34;155;121;34;23;11
69;Aposentado;Cirurgia_coluna;0.606060606060606;33;151;99;52;13;20
70;Aposentado;Aposentado;1;37;164;164;0;0;37
71;Aposentado;Desempregado;0.305555555555556;36;161;142;19;25;11
72;Aposentado;Licenca_Medica;0.138888888888889;36;163;149;14;31;5
73;Aposentado;Aposentado_Invalidez;0.0285714285714286;35;159;152;7;34;1
74;Aposentado;Analgésicos;0.657142857142857;35;158;54;104;12;23
75;Aposentado;OutraDoenca;0.513513513513513;37;158;106;52;18;19
76;Aposentado;Dor_costas;0.694444444444444;36;157;65;92;11;25
77;Aposentado;Dor_pernas;0.388888888888889;36;155;108;47;22;14
78;Aposentado;Retornar_trabalho;0.433333333333333;30;146;138;8;17;13
79;Aposentado;Masc;0.783783783783784;37;164;61;103;8;29
80;Aposentado;Fem;0.216216216216216;37;164;103;61;29;8
81;Aposentado;Casado_Amasiado;0.441176470588235;34;156;88;68;19;15
82;Aposentado;Solteiro;0.264705882352941;34;156;84;72;25;9
83;Aposentado;Separado_Divorciado;0.0882352941176471;34;156;151;5;31;3
84;Aposentado;X4;0;34;156;153;3;34;0
85;Aposentado;X5;0;34;156;152;4;34;0
86;Aposentado;X6;0.205882352941176;34;156;152;4;27;7
87;Aposentado;Livrar_costas;0.961538461538462;26;93;13;80;1;25
88;Aposentado;Livrar_perna;0.0384615384615385;26;93;81;12;25;1
89;Aposentado;Livrar_perda_sens;0;26;93;92;1;26;0
90;Aposentado;D1;0;31;101;100;1;31;0
91;Aposentado;D15;0.032258064516129;31;101;96;5;30;1
92;Aposentado;D16;0.290322580645161;31;101;90;11;22;9
93;Aposentado;D17;0;31;101;96;5;31;0
94;Aposentado;D18;0.0645161290322581;31;101;87;14;29;2
95;Aposentado;D19;0.0645161290322581;31;101;96;5;29;2
96;Aposentado;D2;0.0645161290322581;31;101;95;6;29;2
97;Aposentado;D20;0.0645161290322581;31;101;95;6;29;2
98;Aposentado;D21;0.0645161290322581;31;101;96;5;29;2
99;Aposentado;D22;0.032258064516129;31;101;100;1;30;1
100;Aposentado;D23;0.032258064516129;31;101;100;1;30;1
101;Aposentado;D24;0.129032258064516;31;101;79;22;27;4
102;Aposentado;D25;0.0645161290322581;31;101;99;2;29;2
103;Aposentado;D26;0.032258064516129;31;101;100;1;30;1
104;Aposentado;D27;0.0645161290322581;31;101;98;3;29;2
105;Aposentado;D28;0.0645161290322581;31;101;97;4;29;2
106;Aposentado;D29;0.419354838709677;31;101;72;29;18;13
107;Aposentado;D3;0;31;101;99;2;31;0
108;Aposentado;D30;0.645161290322581;31;101;59;42;11;20
109;Aposentado;D31;0.0967741935483871;31;101;88;13;28;3
110;Aposentado;D32;0.32258064516129;31;101;74;27;21;10
111;Aposentado;D33;0.032258064516129;31;101;91;10;30;1
112;Aposentado;D34;0.032258064516129;31;101;99;2;30;1
113;Aposentado;D35;0.032258064516129;31;101;100;1;30;1
114;Aposentado;D36;0.0645161290322581;31;101;96;5;29;2
115;Aposentado;D37;0.290322580645161;31;101;88;13;22;9
116;Aposentado;D38;0;31;101;99;2;31;0
117;Aposentado;D39;0.225806451612903;31;101;93;8;24;7
118;Aposentado;D4;0.032258064516129;31;101;98;3;30;1
119;Aposentado;D40;0;31;101;97;4;31;0
120;Aposentado;D41;0.0645161290322581;31;101;96;5;29;2
121;Aposentado;D42;0.032258064516129;31;101;99;2;30;1
122;Aposentado;D43;0.032258064516129;31;101;99;2;30;1
123;Aposentado;D44;0.387096774193548;31;101;75;26;19;12
124;Aposentado;D45;0.0645161290322581;31;101;92;9;29;2
125;Aposentado;D46;0.354838709677419;31;101;74;27;20;11
126;Aposentado;D47;0.032258064516129;31;101;91;10;30;1
127;Aposentado;D48;0.32258064516129;31;101;85;16;21;10
128;Aposentado;D49;0.032258064516129;31;101;90;11;30;1
129;Aposentado;D5;0.0645161290322581;31;101;100;1;29;2
130;Aposentado;D50;0;31;101;99;2;31;0
131;Aposentado;D51;0.032258064516129;31;101;101;0;30;1
132;Aposentado;D52;0;31;101;99;2;31;0
133;Aposentado;D53;0;31;101;99;2;31;0
134;Aposentado;D9;0.032258064516129;31;101;101;0;30;1
135;Aposentado_Invalidez;Fuma;0.625;8;174;135;39;3;5
136;Aposentado_Invalidez;Cirurgia_coluna;0.4;5;176;107;69;3;2
137;Aposentado_Invalidez;Aposentado;0.125;8;186;152;34;7;1
138;Aposentado_Invalidez;Desempregado;0.375;8;183;157;26;5;3
139;Aposentado_Invalidez;Licenca_Medica;0.375;8;184;169;15;5;3
140;Aposentado_Invalidez;Aposentado_Invalidez;1;8;189;189;0;0;8
141;Aposentado_Invalidez;Analgésicos;0.875;8;182;63;119;1;7
142;Aposentado_Invalidez;OutraDoenca;0.625;8;184;117;67;3;5
143;Aposentado_Invalidez;Dor_costas;0.875;8;182;74;108;1;7
144;Aposentado_Invalidez;Dor_pernas;0.875;8;180;128;52;1;7
145;Aposentado_Invalidez;Retornar_trabalho;0.571428571428571;7;167;150;17;3;4
146;Aposentado_Invalidez;Masc;0.5;8;189;65;124;4;4
147;Aposentado_Invalidez;Fem;0.5;8;189;124;65;4;4
148;Aposentado_Invalidez;Casado_Amasiado;0.375;8;178;98;80;5;3
149;Aposentado_Invalidez;Solteiro;0.5;8;178;105;73;4;4
150;Aposentado_Invalidez;Separado_Divorciado;0;8;178;170;8;8;0
151;Aposentado_Invalidez;X4;0;8;178;175;3;8;0
152;Aposentado_Invalidez;X5;0;8;178;174;4;8;0
153;Aposentado_Invalidez;X6;0.125;8;178;168;10;7;1
154;Aposentado_Invalidez;Livrar_costas;0.75;8;109;13;96;2;6
155;Aposentado_Invalidez;Livrar_perna;0.25;8;109;98;11;6;2
156;Aposentado_Invalidez;Livrar_perda_sens;0;8;109;107;2;8;0
157;Aposentado_Invalidez;D1;0;8;123;122;1;8;0
158;Aposentado_Invalidez;D15;0.125;8;123;118;5;7;1
159;Aposentado_Invalidez;D16;0.375;8;123;107;16;5;3
160;Aposentado_Invalidez;D17;0;8;123;118;5;8;0
161;Aposentado_Invalidez;D18;0.125;8;123;108;15;7;1
162;Aposentado_Invalidez;D19;0.125;8;123;117;6;7;1
163;Aposentado_Invalidez;D2;0.125;8;123;116;7;7;1
164;Aposentado_Invalidez;D20;0.125;8;123;116;7;7;1
165;Aposentado_Invalidez;D21;0;8;123;116;7;8;0
166;Aposentado_Invalidez;D22;0;8;123;121;2;8;0
167;Aposentado_Invalidez;D23;0;8;123;121;2;8;0
168;Aposentado_Invalidez;D24;0.375;8;123;100;23;5;3
169;Aposentado_Invalidez;D25;0;8;123;119;4;8;0
170;Aposentado_Invalidez;D26;0;8;123;121;2;8;0
171;Aposentado_Invalidez;D27;0.125;8;123;119;4;7;1
172;Aposentado_Invalidez;D28;0;8;123;117;6;8;0
173;Aposentado_Invalidez;D29;0.625;8;123;86;37;3;5
174;Aposentado_Invalidez;D3;0.125;8;123;122;1;7;1
175;Aposentado_Invalidez;D30;0.875;8;123;69;54;1;7
176;Aposentado_Invalidez;D31;0.125;8;123;108;15;7;1
177;Aposentado_Invalidez;D32;0.5;8;123;91;32;4;4
178;Aposentado_Invalidez;D33;0;8;123;113;10;8;0
179;Aposentado_Invalidez;D34;0;8;123;120;3;8;0
180;Aposentado_Invalidez;D35;0;8;123;121;2;8;0
181;Aposentado_Invalidez;D36;0;8;123;116;7;8;0
182;Aposentado_Invalidez;D37;0.25;8;123;103;20;6;2
183;Aposentado_Invalidez;D38;0;8;123;121;2;8;0
184;Aposentado_Invalidez;D39;0.125;8;123;109;14;7;1
185;Aposentado_Invalidez;D4;0.125;8;123;120;3;7;1
186;Aposentado_Invalidez;D40;0;8;123;119;4;8;0
187;Aposentado_Invalidez;D41;0.125;8;123;117;6;7;1
188;Aposentado_Invalidez;D42;0;8;123;120;3;8;0
189;Aposentado_Invalidez;D43;0;8;123;120;3;8;0
190;Aposentado_Invalidez;D44;0.5;8;123;90;33;4;4
191;Aposentado_Invalidez;D45;0.125;8;123;114;9;7;1
192;Aposentado_Invalidez;D46;0.625;8;123;90;33;3;5
193;Aposentado_Invalidez;D47;0.25;8;123;114;9;6;2
194;Aposentado_Invalidez;D48;0.25;8;123;99;24;6;2
195;Aposentado_Invalidez;D49;0;8;123;111;12;8;0
196;Aposentado_Invalidez;D5;0;8;123;120;3;8;0
197;Aposentado_Invalidez;D50;0;8;123;121;2;8;0
198;Aposentado_Invalidez;D51;0;8;123;122;1;8;0
199;Aposentado_Invalidez;D52;0;8;123;121;2;8;0
200;Aposentado_Invalidez;D53;0;8;123;121;2;8;0
201;Aposentado_Invalidez;D9;0;8;123;122;1;8;0
202;Casado_Amasiado;Fuma;0.142857142857143;84;109;75;34;72;12
203;Casado_Amasiado;Cirurgia_coluna;0.353658536585366;82;96;53;43;53;29
204;Casado_Amasiado;Aposentado;0.180722891566265;83;107;88;19;68;15
205;Casado_Amasiado;Desempregado;0.109756097560976;82;104;87;17;73;9
206;Casado_Amasiado;Licenca_Medica;0.0617283950617284;81;107;93;14;76;5
207;Casado_Amasiado;Aposentado_Invalidez;0.036144578313253;83;103;98;5;80;3
208;Casado_Amasiado;Analgésicos;0.691358024691358;81;106;40;66;25;56
209;Casado_Amasiado;OutraDoenca;0.333333333333333;84;105;64;41;56;28
210;Casado_Amasiado;Dor_costas;0.614457831325301;83;103;45;58;32;51
211;Casado_Amasiado;Dor_pernas;0.313253012048193;83;102;66;36;57;26
212;Casado_Amasiado;Retornar_trabalho;0.0985915492957746;71;96;82;14;64;7
213;Casado_Amasiado;Masc;0.588235294117647;85;117;33;84;35;50
214;Casado_Amasiado;Fem;0.411764705882353;85;117;84;33;50;35
215;Casado_Amasiado;Casado_Amasiado;1;85;117;117;0;0;85
216;Casado_Amasiado;Solteiro;0;85;117;29;88;85;0
217;Casado_Amasiado;Separado_Divorciado;0;85;117;109;8;85;0
218;Casado_Amasiado;X4;0;85;117;114;3;85;0
219;Casado_Amasiado;X5;0;85;117;111;6;85;0
220;Casado_Amasiado;X6;0;85;117;105;12;85;0
221;Casado_Amasiado;Livrar_costas;0.891304347826087;46;66;10;56;5;41
222;Casado_Amasiado;Livrar_perna;0.108695652173913;46;66;57;9;41;5
223;Casado_Amasiado;Livrar_perda_sens;0;46;66;65;1;46;0
224;Casado_Amasiado;D1;0.0181818181818182;55;81;81;0;54;1
225;Casado_Amasiado;D15;0.0545454545454545;55;81;77;4;52;3
226;Casado_Amasiado;D16;0.181818181818182;55;81;71;10;45;10
227;Casado_Amasiado;D17;0.0363636363636364;55;81;78;3;53;2
228;Casado_Amasiado;D18;0.109090909090909;55;81;71;10;49;6
229;Casado_Amasiado;D19;0.0545454545454545;55;81;77;4;52;3
230;Casado_Amasiado;D2;0.0181818181818182;55;81;74;7;54;1
231;Casado_Amasiado;D20;0.0727272727272727;55;81;77;4;51;4
232;Casado_Amasiado;D21;0.0909090909090909;55;81;79;2;50;5
233;Casado_Amasiado;D22;0.0363636363636364;55;81;81;0;53;2
234;Casado_Amasiado;D23;0;55;81;79;2;55;0
235;Casado_Amasiado;D24;0.2;55;81;66;15;44;11
236;Casado_Amasiado;D25;0.0181818181818182;55;81;78;3;54;1
237;Casado_Amasiado;D26;0.0363636363636364;55;81;81;0;53;2
238;Casado_Amasiado;D27;0;55;81;76;5;55;0
239;Casado_Amasiado;D28;0.0363636363636364;55;81;77;4;53;2
240;Casado_Amasiado;D29;0.4;55;81;61;20;33;22
241;Casado_Amasiado;D3;0;55;81;79;2;55;0
242;Casado_Amasiado;D30;0.527272727272727;55;81;48;33;26;29
243;Casado_Amasiado;D31;0.0909090909090909;55;81;69;12;50;5
244;Casado_Amasiado;D32;0.327272727272727;55;81;62;19;37;18
245;Casado_Amasiado;D33;0.0727272727272727;55;81;73;8;51;4
246;Casado_Amasiado;D34;0.0181818181818182;55;81;79;2;54;1
247;Casado_Amasiado;D35;0;55;81;79;2;55;0
248;Casado_Amasiado;D36;0.0727272727272727;55;81;77;4;51;4
249;Casado_Amasiado;D37;0.2;55;81;70;11;44;11
250;Casado_Amasiado;D38;0;55;81;78;3;55;0
251;Casado_Amasiado;D39;0.145454545454545;55;81;74;7;47;8
252;Casado_Amasiado;D4;0;55;81;77;4;55;0
253;Casado_Amasiado;D40;0.0181818181818182;55;81;77;4;54;1
254;Casado_Amasiado;D41;0.0545454545454545;55;81;77;4;52;3
255;Casado_Amasiado;D42;0.0363636363636364;55;81;80;1;53;2
256;Casado_Amasiado;D43;0.0545454545454545;55;81;81;0;52;3
257;Casado_Amasiado;D44;0.345454545454545;55;81;62;19;36;19
258;Casado_Amasiado;D45;0.0363636363636364;55;81;71;10;53;2
259;Casado_Amasiado;D46;0.345454545454545;55;81;62;19;36;19
260;Casado_Amasiado;D47;0.0363636363636364;55;81;71;10;53;2
261;Casado_Amasiado;D48;0.218181818181818;55;81;67;14;43;12
262;Casado_Amasiado;D49;0.0909090909090909;55;81;73;8;50;5
263;Casado_Amasiado;D5;0;55;81;78;3;55;0
264;Casado_Amasiado;D50;0.0181818181818182;55;81;80;1;54;1
265;Casado_Amasiado;D51;0;55;81;80;1;55;0
266;Casado_Amasiado;D52;0.0181818181818182;55;81;80;1;54;1
267;Casado_Amasiado;D53;0.0363636363636364;55;81;81;0;53;2
268;Casado_Amasiado;D9;0;55;81;80;1;55;0
269;Cirurgia_coluna;Fuma;0.314285714285714;70;108;96;12;48;22
270;Cirurgia_coluna;Cirurgia_coluna;1;79;134;134;0;0;79
271;Cirurgia_coluna;Aposentado;0.277777777777778;72;112;99;13;52;20
272;Cirurgia_coluna;Desempregado;0.208333333333333;72;108;99;9;57;15
273;Cirurgia_coluna;Licenca_Medica;0.138888888888889;72;110;107;3;62;10
274;Cirurgia_coluna;Aposentado_Invalidez;0.028169014084507;71;110;107;3;69;2
275;Cirurgia_coluna;Analgésicos;0.684210526315789;76;122;39;83;24;52
276;Cirurgia_coluna;OutraDoenca;0.373333333333333;75;114;69;45;47;28
277;Cirurgia_coluna;Dor_costas;0.64;75;115;48;67;27;48
278;Cirurgia_coluna;Dor_pernas;0.410958904109589;73;113;89;24;43;30
279;Cirurgia_coluna;Retornar_trabalho;0.119402985074627;67;118;110;8;59;8
280;Cirurgia_coluna;Masc;0.708860759493671;79;134;49;85;23;56
281;Cirurgia_coluna;Fem;0.291139240506329;79;134;85;49;56;23
282;Cirurgia_coluna;Casado_Amasiado;0.402777777777778;72;106;53;53;43;29
283;Cirurgia_coluna;Solteiro;0.430555555555556;72;106;64;42;41;31
284;Cirurgia_coluna;Separado_Divorciado;0.0416666666666667;72;106;101;5;69;3
285;Cirurgia_coluna;X4;0;72;106;105;1;72;0
286;Cirurgia_coluna;X5;0.0277777777777778;72;106;104;2;70;2
287;Cirurgia_coluna;X6;0.0972222222222222;72;106;103;3;65;7
288;Cirurgia_coluna;Livrar_costas;0.86;50;63;8;55;7;43
289;Cirurgia_coluna;Livrar_perna;0.12;50;63;56;7;44;6
290;Cirurgia_coluna;Livrar_perda_sens;0.02;50;63;62;1;49;1
291;Cirurgia_coluna;D1;0;55;63;62;1;55;0
292;Cirurgia_coluna;D15;0.0909090909090909;55;63;63;0;50;5
293;Cirurgia_coluna;D16;0.145454545454545;55;63;54;9;47;8
294;Cirurgia_coluna;D17;0.0363636363636364;55;63;62;1;53;2
295;Cirurgia_coluna;D18;0.127272727272727;55;63;58;5;48;7
296;Cirurgia_coluna;D19;0;55;63;59;4;55;0
297;Cirurgia_coluna;D2;0.0545454545454545;55;63;61;2;52;3
298;Cirurgia_coluna;D20;0.0181818181818182;55;63;58;5;54;1
299;Cirurgia_coluna;D21;0;55;63;58;5;55;0
300;Cirurgia_coluna;D22;0;55;63;62;1;55;0
301;Cirurgia_coluna;D23;0.0181818181818182;55;63;62;1;54;1
302;Cirurgia_coluna;D24;0.163636363636364;55;63;50;13;46;9
303;Cirurgia_coluna;D25;0.0363636363636364;55;63;61;2;53;2
304;Cirurgia_coluna;D26;0;55;63;62;1;55;0
305;Cirurgia_coluna;D27;0.0545454545454545;55;63;63;0;52;3
306;Cirurgia_coluna;D28;0.0545454545454545;55;63;61;2;52;3
307;Cirurgia_coluna;D29;0.345454545454545;55;63;45;18;36;19
308;Cirurgia_coluna;D3;0;55;63;62;1;55;0
309;Cirurgia_coluna;D30;0.490909090909091;55;63;36;27;28;27
310;Cirurgia_coluna;D31;0.145454545454545;55;63;58;5;47;8
311;Cirurgia_coluna;D32;0.272727272727273;55;63;46;17;40;15
312;Cirurgia_coluna;D33;0.0727272727272727;55;63;58;5;51;4
313;Cirurgia_coluna;D34;0.0363636363636364;55;63;63;0;53;2
314;Cirurgia_coluna;D35;0.0363636363636364;55;63;63;0;53;2
315;Cirurgia_coluna;D36;0.109090909090909;55;63;63;0;49;6
316;Cirurgia_coluna;D37;0.181818181818182;55;63;54;9;45;10
317;Cirurgia_coluna;D38;0.0363636363636364;55;63;63;0;53;2
318;Cirurgia_coluna;D39;0.109090909090909;55;63;55;8;49;6
319;Cirurgia_coluna;D4;0.0363636363636364;55;63;62;1;53;2
320;Cirurgia_coluna;D40;0.0727272727272727;55;63;63;0;51;4
321;Cirurgia_coluna;D41;0.0909090909090909;55;63;62;1;50;5
322;Cirurgia_coluna;D42;0;55;63;61;2;55;0
323;Cirurgia_coluna;D43;0.0181818181818182;55;63;62;1;54;1
324;Cirurgia_coluna;D44;0.327272727272727;55;63;46;17;37;18
325;Cirurgia_coluna;D45;0.127272727272727;55;63;60;3;48;7
326;Cirurgia_coluna;D46;0.309090909090909;55;63;46;17;38;17
327;Cirurgia_coluna;D47;0.109090909090909;55;63;60;3;49;6
328;Cirurgia_coluna;D48;0.163636363636364;55;63;48;15;46;9
329;Cirurgia_coluna;D49;0.0909090909090909;55;63;57;6;50;5
330;Cirurgia_coluna;D5;0.0363636363636364;55;63;63;0;53;2
331;Cirurgia_coluna;D50;0.0181818181818182;55;63;63;0;54;1
332;Cirurgia_coluna;D51;0.0181818181818182;55;63;63;0;54;1
333;Cirurgia_coluna;D52;0.0181818181818182;55;63;62;1;54;1
334;Cirurgia_coluna;D53;0.0181818181818182;55;63;62;1;54;1
335;Cirurgia_coluna;D9;0.0181818181818182;55;63;63;0;54;1
336;D1;Fuma;0;1;127;81;46;1;0
337;D1;Cirurgia_coluna;0;1;117;62;55;1;0
338;D1;Aposentado;0;1;131;100;31;1;0
339;D1;Desempregado;0;1;129;104;25;1;0
340;D1;Licenca_Medica;0;1;131;113;18;1;0
341;D1;Aposentado_Invalidez;0;1;130;122;8;1;0
342;D1;Analgésicos;1;1;129;42;87;0;1
343;D1;OutraDoenca;0;1;129;79;50;1;0
344;D1;Dor_costas;1;1;127;37;90;0;1
345;D1;Dor_pernas;0;1;126;71;55;1;0
346;D1;Retornar_trabalho;0;1;118;98;20;1;0
347;D1;Masc;1;1;135;48;87;0;1
348;D1;Fem;0;1;135;87;48;1;0
349;D1;Casado_Amasiado;1;1;135;81;54;0;1
350;D1;Solteiro;0;1;135;76;59;1;0
351;D1;Separado_Divorciado;0;1;135;128;7;1;0
352;D1;X4;0;1;135;132;3;1;0
353;D1;X5;0;1;135;133;2;1;0
354;D1;X6;0;1;135;125;10;1;0
355;D1;Livrar_costas;1;1;99;14;85;0;1
356;D1;Livrar_perna;0;1;99;85;14;1;0
357;D1;Livrar_perda_sens;0;1;99;99;0;1;0
358;D1;D1;1;1;135;135;0;0;1
359;D1;D15;0;1;135;128;7;1;0
360;D1;D16;0;1;135;115;20;1;0
361;D1;D17;1;1;135;131;4;0;1
362;D1;D18;1;1;135;120;15;0;1
363;D1;D19;0;1;135;128;7;1;0
364;D1;D2;0;1;135;127;8;1;0
365;D1;D20;0;1;135;127;8;1;0
366;D1;D21;0;1;135;128;7;1;0
367;D1;D22;0;1;135;133;2;1;0
368;D1;D23;0;1;135;133;2;1;0
369;D1;D24;0;1;135;109;26;1;0
370;D1;D25;0;1;135;131;4;1;0
371;D1;D26;0;1;135;133;2;1;0
372;D1;D27;0;1;135;130;5;1;0
373;D1;D28;0;1;135;129;6;1;0
374;D1;D29;0;1;135;93;42;1;0
375;D1;D3;0;1;135;133;2;1;0
376;D1;D30;0;1;135;73;62;1;0
377;D1;D31;0;1;135;118;17;1;0
378;D1;D32;0;1;135;98;37;1;0
379;D1;D33;0;1;135;123;12;1;0
380;D1;D34;0;1;135;132;3;1;0
381;D1;D35;0;1;135;133;2;1;0
382;D1;D36;0;1;135;127;8;1;0
383;D1;D37;0;1;135;113;22;1;0
384;D1;D38;0;1;135;132;3;1;0
385;D1;D39;0;1;135;120;15;1;0
386;D1;D4;0;1;135;131;4;1;0
387;D1;D40;0;1;135;130;5;1;0
388;D1;D41;0;1;135;128;7;1;0
389;D1;D42;0;1;135;132;3;1;0
390;D1;D43;0;1;135;132;3;1;0
391;D1;D44;0;1;135;97;38;1;0
392;D1;D45;0;1;135;123;12;1;0
393;D1;D46;0;1;135;97;38;1;0
394;D1;D47;0;1;135;123;12;1;0
395;D1;D48;0;1;135;109;26;1;0
396;D1;D49;0;1;135;122;13;1;0
397;D1;D5;0;1;135;132;3;1;0
398;D1;D50;0;1;135;133;2;1;0
399;D1;D51;0;1;135;134;1;1;0
400;D1;D52;0;1;135;133;2;1;0
401;D1;D53;0;1;135;133;2;1;0
402;D1;D9;0;1;135;134;1;1;0
403;D15;Fuma;1;5;123;82;41;0;5
404;D15;Cirurgia_coluna;1;5;113;63;50;0;5
405;D15;Aposentado;0.166666666666667;6;126;96;30;5;1
406;D15;Desempregado;0.333333333333333;6;124;101;23;4;2
407;D15;Licenca_Medica;0.5;6;126;111;15;3;3
408;D15;Aposentado_Invalidez;0.166666666666667;6;125;118;7;5;1
409;D15;Analgésicos;0.428571428571429;7;123;38;85;4;3
410;D15;OutraDoenca;0.285714285714286;7;123;75;48;5;2
411;D15;Dor_costas;0.714285714285714;7;121;35;86;2;5
412;D15;Dor_pernas;0.857142857142857;7;120;71;49;1;6
413;D15;Retornar_trabalho;0;7;112;92;20;7;0
414;D15;Masc;0.571428571428571;7;129;45;84;3;4
415;D15;Fem;0.428571428571429;7;129;84;45;4;3
416;D15;Casado_Amasiado;0.428571428571429;7;129;77;52;4;3
417;D15;Solteiro;0.428571428571429;7;129;73;56;4;3
418;D15;Separado_Divorciado;0;7;129;122;7;7;0
419;D15;X4;0.142857142857143;7;129;127;2;6;1
420;D15;X5;0;7;129;127;2;7;0
421;D15;X6;0;7;129;119;10;7;0
422;D15;Livrar_costas;0.666666666666667;6;94;12;82;2;4
423;D15;Livrar_perna;0.333333333333333;6;94;82;12;4;2
424;D15;Livrar_perda_sens;0;6;94;94;0;6;0
425;D15;D1;0;7;129;128;1;7;0
426;D15;D15;1;7;129;129;0;0;7
427;D15;D16;0.428571428571429;7;129;112;17;4;3
428;D15;D17;0.285714285714286;7;129;126;3;5;2
429;D15;D18;0.285714285714286;7;129;115;14;5;2
430;D15;D19;0;7;129;122;7;7;0
431;D15;D2;0.142857142857143;7;129;122;7;6;1
432;D15;D20;0;7;129;121;8;7;0
433;D15;D21;0;7;129;122;7;7;0
434;D15;D22;0;7;129;127;2;7;0
435;D15;D23;0;7;129;127;2;7;0
436;D15;D24;0;7;129;103;26;7;0
437;D15;D25;0;7;129;125;4;7;0
438;D15;D26;0;7;129;127;2;7;0
439;D15;D27;0;7;129;124;5;7;0
440;D15;D28;0;7;129;123;6;7;0
441;D15;D29;0.571428571428571;7;129;91;38;3;4
442;D15;D3;0;7;129;127;2;7;0
443;D15;D30;0.285714285714286;7;129;69;60;5;2
444;D15;D31;0.571428571428571;7;129;116;13;3;4
445;D15;D32;0.142857142857143;7;129;93;36;6;1
446;D15;D33;0.285714285714286;7;129;119;10;5;2
447;D15;D34;0.142857142857143;7;129;127;2;6;1
448;D15;D35;0.142857142857143;7;129;128;1;6;1
449;D15;D36;0.714285714285714;7;129;126;3;2;5
450;D15;D37;0.571428571428571;7;129;111;18;3;4
451;D15;D38;0.285714285714286;7;129;128;1;5;2
452;D15;D39;0;7;129;114;15;7;0
453;D15;D4;0.142857142857143;7;129;126;3;6;1
454;D15;D40;0.571428571428571;7;129;128;1;3;4
455;D15;D41;0.428571428571429;7;129;125;4;4;3
456;D15;D42;0;7;129;126;3;7;0
457;D15;D43;0;7;129;126;3;7;0
458;D15;D44;0.285714285714286;7;129;93;36;5;2
459;D15;D45;0.285714285714286;7;129;119;10;5;2
460;D15;D46;0.285714285714286;7;129;93;36;5;2
461;D15;D47;0.428571428571429;7;129;120;9;4;3
462;D15;D48;0.142857142857143;7;129;104;25;6;1
463;D15;D49;0.285714285714286;7;129;118;11;5;2
464;D15;D5;0.142857142857143;7;129;127;2;6;1
465;D15;D50;0;7;129;127;2;7;0
466;D15;D51;0.142857142857143;7;129;129;0;6;1
467;D15;D52;0;7;129;127;2;7;0
468;D15;D53;0;7;129;127;2;7;0
469;D15;D9;0.142857142857143;7;129;129;0;6;1
470;D16;Fuma;0.421052631578947;19;109;71;38;11;8
471;D16;Cirurgia_coluna;0.470588235294118;17;101;54;47;9;8
472;D16;Aposentado;0.45;20;112;90;22;11;9
473;D16;Desempregado;0.1;20;110;87;23;18;2
474;D16;Licenca_Medica;0.15;20;112;97;15;17;3
475;D16;Aposentado_Invalidez;0.157894736842105;19;112;107;5;16;3
476;D16;Analgésicos;0.9;20;110;40;70;2;18
477;D16;OutraDoenca;0.35;20;110;67;43;13;7
478;D16;Dor_costas;0.95;20;108;36;72;1;19
479;D16;Dor_pernas;0.95;20;107;71;36;1;19
480;D16;Retornar_trabalho;0.411764705882353;17;102;89;13;10;7
481;D16;Masc;0.7;20;116;42;74;6;14
482;D16;Fem;0.3;20;116;74;42;14;6
483;D16;Casado_Amasiado;0.5;20;116;71;45;10;10
484;D16;Solteiro;0.3;20;116;63;53;14;6
485;D16;Separado_Divorciado;0.05;20;116;110;6;19;1
486;D16;X4;0;20;116;113;3;20;0
487;D16;X5;0;20;116;114;2;20;0
488;D16;X6;0.15;20;116;109;7;17;3
489;D16;Livrar_costas;0.894736842105263;19;81;12;69;2;17
490;D16;Livrar_perna;0.105263157894737;19;81;69;12;17;2
491;D16;Livrar_perda_sens;0;19;81;81;0;19;0
492;D16;D1;0;20;116;115;1;20;0
493;D16;D15;0.15;20;116;112;4;17;3
494;D16;D16;1;20;116;116;0;0;20
495;D16;D17;0.05;20;116;112;4;19;1
496;D16;D18;0.05;20;116;101;15;19;1
497;D16;D19;0.05;20;116;110;6;19;1
498;D16;D2;0.05;20;116;109;7;19;1
499;D16;D20;0;20;116;108;8;20;0
500;D16;D21;0.05;20;116;110;6;19;1
501;D16;D22;0;20;116;114;2;20;0
502;D16;D23;0;20;116;114;2;20;0
503;D16;D24;0.1;20;116;92;24;18;2
504;D16;D25;0;20;116;112;4;20;0
505;D16;D26;0;20;116;114;2;20;0
506;D16;D27;0.05;20;116;112;4;19;1
507;D16;D28;0;20;116;110;6;20;0
508;D16;D29;0.8;20;116;90;26;4;16
509;D16;D3;0;20;116;114;2;20;0
510;D16;D30;0.8;20;116;70;46;4;16
511;D16;D31;0.05;20;116;100;16;19;1
512;D16;D32;0.85;20;116;96;20;3;17
513;D16;D33;0.05;20;116;105;11;19;1
514;D16;D34;0.05;20;116;114;2;19;1
515;D16;D35;0.05;20;116;115;1;19;1
516;D16;D36;0.05;20;116;109;7;19;1
517;D16;D37;0.9;20;116;112;4;2;18
518;D16;D38;0;20;116;113;3;20;0
519;D16;D39;0.65;20;116;114;2;7;13
520;D16;D4;0.05;20;116;113;3;19;1
521;D16;D40;0;20;116;111;5;20;0
522;D16;D41;0.2;20;116;113;3;16;4
523;D16;D42;0;20;116;113;3;20;0
524;D16;D43;0;20;116;113;3;20;0
525;D16;D44;0.8;20;116;94;22;4;16
526;D16;D45;0.1;20;116;106;10;18;2
527;D16;D46;0.8;20;116;94;22;4;16
528;D16;D47;0.05;20;116;105;11;19;1
529;D16;D48;0.75;20;116;105;11;5;15
530;D16;D49;0;20;116;103;13;20;0
531;D16;D5;0.05;20;116;114;2;19;1
532;D16;D50;0;20;116;114;2;20;0
533;D16;D51;0.05;20;116;116;0;19;1
534;D16;D52;0;20;116;114;2;20;0
535;D16;D53;0;20;116;114;2;20;0
536;D16;D9;0.05;20;116;116;0;19;1
537;D17;Fuma;0.75;4;124;81;43;1;3
538;D17;Cirurgia_coluna;0.666666666666667;3;115;62;53;1;2
539;D17;Aposentado;0;5;127;96;31;5;0
540;D17;Desempregado;0.2;5;125;101;24;4;1
541;D17;Licenca_Medica;0.4;5;127;111;16;3;2
542;D17;Aposentado_Invalidez;0;5;126;118;8;5;0
543;D17;Analgésicos;0.8;5;125;41;84;1;4
544;D17;OutraDoenca;0;5;125;75;50;5;0
545;D17;Dor_costas;1;5;123;37;86;0;5
546;D17;Dor_pernas;0.4;5;122;69;53;3;2
547;D17;Retornar_trabalho;0;5;114;94;20;5;0
548;D17;Masc;1;5;131;48;83;0;5
549;D17;Fem;0;5;131;83;48;5;0
550;D17;Casado_Amasiado;0.4;5;131;78;53;3;2
551;D17;Solteiro;0.4;5;131;74;57;3;2
552;D17;Separado_Divorciado;0;5;131;124;7;5;0
553;D17;X4;0.2;5;131;129;2;4;1
554;D17;X5;0;5;131;129;2;5;0
555;D17;X6;0;5;131;121;10;5;0
556;D17;Livrar_costas;1;4;96;14;82;0;4
557;D17;Livrar_perna;0;4;96;82;14;4;0
558;D17;Livrar_perda_sens;0;4;96;96;0;4;0
559;D17;D1;0.2;5;131;131;0;4;1
560;D17;D15;0.4;5;131;126;5;3;2
561;D17;D16;0.2;5;131;112;19;4;1
562;D17;D17;1;5;131;131;0;0;5
563;D17;D18;1;5;131;120;11;0;5
564;D17;D19;0.2;5;131;125;6;4;1
565;D17;D2;0.2;5;131;124;7;4;1
566;D17;D20;0;5;131;123;8;5;0
567;D17;D21;0.2;5;131;125;6;4;1
568;D17;D22;0;5;131;129;2;5;0
569;D17;D23;0;5;131;129;2;5;0
570;D17;D24;0.2;5;131;106;25;4;1
571;D17;D25;0;5;131;127;4;5;0
572;D17;D26;0;5;131;129;2;5;0
573;D17;D27;0;5;131;126;5;5;0
574;D17;D28;0;5;131;125;6;5;0
575;D17;D29;0.4;5;131;91;40;3;2
576;D17;D3;0;5;131;129;2;5;0
577;D17;D30;0.2;5;131;70;61;4;1
578;D17;D31;0.2;5;131;115;16;4;1
579;D17;D32;0.2;5;131;95;36;4;1
580;D17;D33;0;5;131;119;12;5;0
581;D17;D34;0;5;131;128;3;5;0
582;D17;D35;0;5;131;129;2;5;0
583;D17;D36;0.4;5;131;125;6;3;2
584;D17;D37;0.6;5;131;112;19;2;3
585;D17;D38;0;5;131;128;3;5;0
586;D17;D39;0.2;5;131;117;14;4;1
587;D17;D4;0;5;131;127;4;5;0
588;D17;D40;0.4;5;131;128;3;3;2
589;D17;D41;0.4;5;131;126;5;3;2
590;D17;D42;0;5;131;128;3;5;0
591;D17;D43;0;5;131;128;3;5;0
592;D17;D44;0;5;131;93;38;5;0
593;D17;D45;0;5;131;119;12;5;0
594;D17;D46;0.2;5;131;94;37;4;1
595;D17;D47;0;5;131;119;12;5;0
596;D17;D48;0;5;131;105;26;5;0
597;D17;D49;0;5;131;118;13;5;0
598;D17;D5;0;5;131;128;3;5;0
599;D17;D50;0;5;131;129;2;5;0
600;D17;D51;0;5;131;130;1;5;0
601;D17;D52;0;5;131;129;2;5;0
602;D17;D53;0;5;131;129;2;5;0
603;D17;D9;0;5;131;130;1;5;0
604;D18;Fuma;0.642857142857143;14;114;77;37;5;9
605;D18;Cirurgia_coluna;0.583333333333333;12;106;58;48;5;7
606;D18;Aposentado;0.125;16;116;87;29;14;2
607;D18;Desempregado;0.25;16;114;93;21;12;4
608;D18;Licenca_Medica;0.1875;16;116;101;15;13;3
609;D18;Aposentado_Invalidez;0.0625;16;115;108;7;15;1
610;D18;Analgésicos;0.866666666666667;15;115;40;75;2;13
611;D18;OutraDoenca;0.3125;16;114;69;45;11;5
612;D18;Dor_costas;0.9375;16;112;36;76;1;15
613;D18;Dor_pernas;0.3125;16;111;61;50;11;5
614;D18;Retornar_trabalho;0.125;16;103;85;18;14;2
615;D18;Masc;0.8125;16;120;45;75;3;13
616;D18;Fem;0.1875;16;120;75;45;13;3
617;D18;Casado_Amasiado;0.375;16;120;71;49;10;6
618;D18;Solteiro;0.5;16;120;69;51;8;8
619;D18;Separado_Divorciado;0;16;120;113;7;16;0
620;D18;X4;0.0625;16;120;118;2;15;1
621;D18;X5;0.0625;16;120;119;1;15;1
622;D18;X6;0;16;120;110;10;16;0
623;D18;Livrar_costas;1;12;88;14;74;0;12
624;D18;Livrar_perna;0;12;88;74;14;12;0
625;D18;Livrar_perda_sens;0;12;88;88;0;12;0
626;D18;D1;0.0625;16;120;120;0;15;1
627;D18;D15;0.125;16;120;115;5;14;2
628;D18;D16;0.0625;16;120;101;19;15;1
629;D18;D17;0.3125;16;120;120;0;11;5
630;D18;D18;1;16;120;120;0;0;16
631;D18;D19;0.25;16;120;117;3;12;4
632;D18;D2;0.25;16;120;116;4;12;4
633;D18;D20;0.3125;16;120;117;3;11;5
634;D18;D21;0.1875;16;120;116;4;13;3
635;D18;D22;0.125;16;120;120;0;14;2
636;D18;D23;0;16;120;118;2;16;0
637;D18;D24;0.25;16;120;98;22;12;4
638;D18;D25;0;16;120;116;4;16;0
639;D18;D26;0.0625;16;120;119;1;15;1
640;D18;D27;0;16;120;115;5;16;0
641;D18;D28;0.0625;16;120;115;5;15;1
642;D18;D29;0.125;16;120;80;40;14;2
643;D18;D3;0.0625;16;120;119;1;15;1
644;D18;D30;0.25;16;120;62;58;12;4
645;D18;D31;0.0625;16;120;104;16;15;1
646;D18;D32;0.0625;16;120;84;36;15;1
647;D18;D33;0;16;120;108;12;16;0
648;D18;D34;0;16;120;117;3;16;0
649;D18;D35;0.0625;16;120;119;1;15;1
650;D18;D36;0.125;16;120;114;6;14;2
651;D18;D37;0.1875;16;120;101;19;13;3
652;D18;D38;0;16;120;117;3;16;0
653;D18;D39;0.0625;16;120;106;14;15;1
654;D18;D4;0.125;16;120;118;2;14;2
655;D18;D40;0.125;16;120;117;3;14;2
656;D18;D41;0.125;16;120;115;5;14;2
657;D18;D42;0.125;16;120;119;1;14;2
658;D18;D43;0.125;16;120;119;1;14;2
659;D18;D44;0;16;120;82;38;16;0
660;D18;D45;0;16;120;108;12;16;0
661;D18;D46;0.125;16;120;84;36;14;2
662;D18;D47;0.0625;16;120;109;11;15;1
663;D18;D48;0;16;120;94;26;16;0
664;D18;D49;0;16;120;107;13;16;0
665;D18;D5;0;16;120;117;3;16;0
666;D18;D50;0;16;120;118;2;16;0
667;D18;D51;0;16;120;119;1;16;0
668;D18;D52;0;16;120;118;2;16;0
669;D18;D53;0.0625;16;120;119;1;15;1
670;D18;D9;0;16;120;119;1;16;0
671;D19;Fuma;0.571428571428571;7;121;79;42;3;4
672;D19;Cirurgia_coluna;0;4;114;59;55;4;0
673;D19;Aposentado;0.285714285714286;7;125;96;29;5;2
674;D19;Desempregado;0.285714285714286;7;123;100;23;5;2
675;D19;Licenca_Medica;0.142857142857143;7;125;108;17;6;1
676;D19;Aposentado_Invalidez;0.142857142857143;7;124;117;7;6;1
677;D19;Analgésicos;0.833333333333333;6;124;41;83;1;5
678;D19;OutraDoenca;0.428571428571429;7;123;76;47;4;3
679;D19;Dor_costas;1;7;121;37;84;0;7
680;D19;Dor_pernas;0.428571428571429;7;120;68;52;4;3
681;D19;Retornar_trabalho;0.428571428571429;7;112;95;17;4;3
682;D19;Masc;1;7;129;48;81;0;7
683;D19;Fem;0;7;129;81;48;7;0
684;D19;Casado_Amasiado;0.428571428571429;7;129;77;52;4;3
685;D19;Solteiro;0.428571428571429;7;129;73;56;4;3
686;D19;Separado_Divorciado;0;7;129;122;7;7;0
687;D19;X4;0.142857142857143;7;129;127;2;6;1
688;D19;X5;0;7;129;127;2;7;0
689;D19;X6;0;7;129;119;10;7;0
690;D19;Livrar_costas;1;5;95;14;81;0;5
691;D19;Livrar_perna;0;5;95;81;14;5;0
692;D19;Livrar_perda_sens;0;5;95;95;0;5;0
693;D19;D1;0;7;129;128;1;7;0
694;D19;D15;0;7;129;122;7;7;0
695;D19;D16;0.142857142857143;7;129;110;19;6;1
696;D19;D17;0.142857142857143;7;129;125;4;6;1
697;D19;D18;0.571428571428571;7;129;117;12;3;4
698;D19;D19;1;7;129;129;0;0;7
699;D19;D2;0.285714285714286;7;129;123;6;5;2
700;D19;D20;0.571428571428571;7;129;125;4;3;4
701;D19;D21;0.571428571428571;7;129;126;3;3;4
702;D19;D22;0.285714285714286;7;129;129;0;5;2
703;D19;D23;0;7;129;127;2;7;0
704;D19;D24;0.571428571428571;7;129;107;22;3;4
705;D19;D25;0.285714285714286;7;129;127;2;5;2
706;D19;D26;0.142857142857143;7;129;128;1;6;1
707;D19;D27;0;7;129;124;5;7;0
708;D19;D28;0;7;129;123;6;7;0
709;D19;D29;0.142857142857143;7;129;88;41;6;1
710;D19;D3;0.285714285714286;7;129;129;0;5;2
711;D19;D30;0.571428571428571;7;129;71;58;3;4
712;D19;D31;0;7;129;112;17;7;0
713;D19;D32;0.142857142857143;7;129;93;36;6;1
714;D19;D33;0;7;129;117;12;7;0
715;D19;D34;0;7;129;126;3;7;0
716;D19;D35;0;7;129;127;2;7;0
717;D19;D36;0;7;129;121;8;7;0
718;D19;D37;0.142857142857143;7;129;108;21;6;1
719;D19;D38;0;7;129;126;3;7;0
720;D19;D39;0.142857142857143;7;129;115;14;6;1
721;D19;D4;0.285714285714286;7;129;127;2;5;2
722;D19;D40;0;7;129;124;5;7;0
723;D19;D41;0;7;129;122;7;7;0
724;D19;D42;0.285714285714286;7;129;128;1;5;2
725;D19;D43;0.142857142857143;7;129;127;2;6;1
726;D19;D44;0;7;129;91;38;7;0
727;D19;D45;0;7;129;117;12;7;0
728;D19;D46;0.285714285714286;7;129;93;36;5;2
729;D19;D47;0.142857142857143;7;129;118;11;6;1
730;D19;D48;0;7;129;103;26;7;0
731;D19;D49;0;7;129;116;13;7;0
732;D19;D5;0;7;129;126;3;7;0
733;D19;D50;0;7;129;127;2;7;0
734;D19;D51;0;7;129;128;1;7;0
735;D19;D52;0;7;129;127;2;7;0
736;D19;D53;0;7;129;127;2;7;0
737;D19;D9;0;7;129;128;1;7;0
738;D2;Fuma;1;8;120;82;38;0;8
739;D2;Cirurgia_coluna;0.6;5;113;61;52;2;3
740;D2;Aposentado;0.25;8;124;95;29;6;2
741;D2;Desempregado;0.375;8;122;100;22;5;3
742;D2;Licenca_Medica;0.25;8;124;108;16;6;2
743;D2;Aposentado_Invalidez;0.125;8;123;116;7;7;1
744;D2;Analgésicos;0.875;8;122;41;81;1;7
745;D2;OutraDoenca;0.5;8;122;76;46;4;4
746;D2;Dor_costas;1;8;120;37;83;0;8
747;D2;Dor_pernas;0.5;8;119;68;51;4;4
748;D2;Retornar_trabalho;0.25;8;111;93;18;6;2
749;D2;Masc;0.75;8;128;46;82;2;6
750;D2;Fem;0.25;8;128;82;46;6;2
751;D2;Casado_Amasiado;0.125;8;128;74;54;7;1
752;D2;Solteiro;0.5;8;128;73;55;4;4
753;D2;Separado_Divorciado;0;8;128;121;7;8;0
754;D2;X4;0.25;8;128;127;1;6;2
755;D2;X5;0;8;128;126;2;8;0
756;D2;X6;0.125;8;128;119;9;7;1
757;D2;Livrar_costas;1;7;93;14;79;0;7
758;D2;Livrar_perna;0;7;93;79;14;7;0
759;D2;Livrar_perda_sens;0;7;93;93;0;7;0
760;D2;D1;0;8;128;127;1;8;0
761;D2;D15;0.125;8;128;122;6;7;1
762;D2;D16;0.125;8;128;109;19;7;1
763;D2;D17;0.125;8;128;124;4;7;1
764;D2;D18;0.5;8;128;116;12;4;4
765;D2;D19;0.25;8;128;123;5;6;2
766;D2;D2;1;8;128;128;0;0;8
767;D2;D20;0.125;8;128;121;7;7;1
768;D2;D21;0.125;8;128;122;6;7;1
769;D2;D22;0;8;128;126;2;8;0
770;D2;D23;0;8;128;126;2;8;0
771;D2;D24;0.375;8;128;105;23;5;3
772;D2;D25;0;8;128;124;4;8;0
773;D2;D26;0;8;128;126;2;8;0
774;D2;D27;0;8;128;123;5;8;0
775;D2;D28;0.125;8;128;123;5;7;1
776;D2;D29;0.125;8;128;87;41;7;1
777;D2;D3;0.25;8;128;128;0;6;2
778;D2;D30;0.25;8;128;68;60;6;2
779;D2;D31;0.125;8;128;112;16;7;1
780;D2;D32;0;8;128;91;37;8;0
781;D2;D33;0;8;128;116;12;8;0
782;D2;D34;0.25;8;128;127;1;6;2
783;D2;D35;0.125;8;128;127;1;7;1
784;D2;D36;0;8;128;120;8;8;0
785;D2;D37;0.125;8;128;107;21;7;1
786;D2;D38;0;8;128;125;3;8;0
787;D2;D39;0;8;128;113;15;8;0
788;D2;D4;0.375;8;128;127;1;5;3
789;D2;D40;0;8;128;123;5;8;0
790;D2;D41;0;8;128;121;7;8;0
791;D2;D42;0;8;128;125;3;8;0
792;D2;D43;0.125;8;128;126;2;7;1
793;D2;D44;0.125;8;128;91;37;7;1
794;D2;D45;0.125;8;128;117;11;7;1
795;D2;D46;0.25;8;128;92;36;6;2
796;D2;D47;0.25;8;128;118;10;6;2
797;D2;D48;0.125;8;128;103;25;7;1
798;D2;D49;0.125;8;128;116;12;7;1
799;D2;D5;0.375;8;128;128;0;5;3
800;D2;D50;0.125;8;128;127;1;7;1
801;D2;D51;0.125;8;128;128;0;7;1
802;D2;D52;0;8;128;126;2;8;0
803;D2;D53;0.125;8;128;127;1;7;1
804;D2;D9;0.125;8;128;128;0;7;1
805;D20;Fuma;0.375;8;120;77;43;5;3
806;D20;Cirurgia_coluna;0.166666666666667;6;112;58;54;5;1
807;D20;Aposentado;0.25;8;124;95;29;6;2
808;D20;Desempregado;0.25;8;122;99;23;6;2
809;D20;Licenca_Medica;0.25;8;124;108;16;6;2
810;D20;Aposentado_Invalidez;0.125;8;123;116;7;7;1
811;D20;Analgésicos;0.857142857142857;7;123;41;82;1;6
812;D20;OutraDoenca;0.25;8;122;74;48;6;2
813;D20;Dor_costas;1;8;120;37;83;0;8
814;D20;Dor_pernas;0.25;8;119;66;53;6;2
815;D20;Retornar_trabalho;0.375;8;111;94;17;5;3
816;D20;Masc;0.625;8;128;45;83;3;5
817;D20;Fem;0.375;8;128;83;45;5;3
818;D20;Casado_Amasiado;0.5;8;128;77;51;4;4
819;D20;Solteiro;0.5;8;128;73;55;4;4
820;D20;Separado_Divorciado;0;8;128;121;7;8;0
821;D20;X4;0;8;128;125;3;8;0
822;D20;X5;0;8;128;126;2;8;0
823;D20;X6;0;8;128;118;10;8;0
824;D20;Livrar_costas;1;7;93;14;79;0;7
825;D20;Livrar_perna;0;7;93;79;14;7;0
826;D20;Livrar_perda_sens;0;7;93;93;0;7;0
827;D20;D1;0;8;128;127;1;8;0
828;D20;D15;0;8;128;121;7;8;0
829;D20;D16;0;8;128;108;20;8;0
830;D20;D17;0;8;128;123;5;8;0
831;D20;D18;0.625;8;128;117;11;3;5
832;D20;D19;0.5;8;128;125;3;4;4
833;D20;D2;0.125;8;128;121;7;7;1
834;D20;D20;1;8;128;128;0;0;8
835;D20;D21;0.5;8;128;125;3;4;4
836;D20;D22;0.25;8;128;128;0;6;2
837;D20;D23;0;8;128;126;2;8;0
838;D20;D24;0.5;8;128;106;22;4;4
839;D20;D25;0.25;8;128;126;2;6;2
840;D20;D26;0.125;8;128;127;1;7;1
841;D20;D27;0;8;128;123;5;8;0
842;D20;D28;0.125;8;128;123;5;7;1
843;D20;D29;0.125;8;128;87;41;7;1
844;D20;D3;0;8;128;126;2;8;0
845;D20;D30;0.625;8;128;71;57;3;5
846;D20;D31;0;8;128;111;17;8;0
847;D20;D32;0;8;128;91;37;8;0
848;D20;D33;0;8;128;116;12;8;0
849;D20;D34;0;8;128;125;3;8;0
850;D20;D35;0;8;128;126;2;8;0
851;D20;D36;0;8;128;120;8;8;0
852;D20;D37;0;8;128;106;22;8;0
853;D20;D38;0;8;128;125;3;8;0
854;D20;D39;0;8;128;113;15;8;0
855;D20;D4;0;8;128;124;4;8;0
856;D20;D40;0;8;128;123;5;8;0
857;D20;D41;0;8;128;121;7;8;0
858;D20;D42;0.25;8;128;127;1;6;2
859;D20;D43;0.25;8;128;127;1;6;2
860;D20;D44;0;8;128;90;38;8;0
861;D20;D45;0;8;128;116;12;8;0
862;D20;D46;0;8;128;90;38;8;0
863;D20;D47;0;8;128;116;12;8;0
864;D20;D48;0;8;128;102;26;8;0
865;D20;D49;0;8;128;115;13;8;0
866;D20;D5;0;8;128;125;3;8;0
867;D20;D50;0;8;128;126;2;8;0
868;D20;D51;0;8;128;127;1;8;0
869;D20;D52;0;8;128;126;2;8;0
870;D20;D53;0.125;8;128;127;1;7;1
871;D20;D9;0;8;128;127;1;8;0
872;D21;Fuma;0.285714285714286;7;121;77;44;5;2
873;D21;Cirurgia_coluna;0;5;113;58;55;5;0
874;D21;Aposentado;0.285714285714286;7;125;96;29;5;2
875;D21;Desempregado;0.142857142857143;7;123;99;24;6;1
876;D21;Licenca_Medica;0.142857142857143;7;125;108;17;6;1
877;D21;Aposentado_Invalidez;0;7;124;116;8;7;0
878;D21;Analgésicos;0.857142857142857;7;123;41;82;1;6
879;D21;OutraDoenca;0.142857142857143;7;123;74;49;6;1
880;D21;Dor_costas;1;7;121;37;84;0;7
881;D21;Dor_pernas;0.285714285714286;7;120;67;53;5;2
882;D21;Retornar_trabalho;0.285714285714286;7;112;94;18;5;2
883;D21;Masc;0.714285714285714;7;129;46;83;2;5
884;D21;Fem;0.285714285714286;7;129;83;46;5;2
885;D21;Casado_Amasiado;0.714285714285714;7;129;79;50;2;5
886;D21;Solteiro;0.285714285714286;7;129;72;57;5;2
887;D21;Separado_Divorciado;0;7;129;122;7;7;0
888;D21;X4;0;7;129;126;3;7;0
889;D21;X5;0;7;129;127;2;7;0
890;D21;X6;0;7;129;119;10;7;0
891;D21;Livrar_costas;1;7;93;14;79;0;7
892;D21;Livrar_perna;0;7;93;79;14;7;0
893;D21;Livrar_perda_sens;0;7;93;93;0;7;0
894;D21;D1;0;7;129;128;1;7;0
895;D21;D15;0;7;129;122;7;7;0
896;D21;D16;0.142857142857143;7;129;110;19;6;1
897;D21;D17;0.142857142857143;7;129;125;4;6;1
898;D21;D18;0.428571428571429;7;129;116;13;4;3
899;D21;D19;0.571428571428571;7;129;126;3;3;4
900;D21;D2;0.142857142857143;7;129;122;7;6;1
901;D21;D20;0.571428571428571;7;129;125;4;3;4
902;D21;D21;1;7;129;129;0;0;7
903;D21;D22;0.142857142857143;7;129;128;1;6;1
904;D21;D23;0;7;129;127;2;7;0
905;D21;D24;0.428571428571429;7;129;106;23;4;3
906;D21;D25;0.285714285714286;7;129;127;2;5;2
907;D21;D26;0.142857142857143;7;129;128;1;6;1
908;D21;D27;0;7;129;124;5;7;0
909;D21;D28;0.142857142857143;7;129;124;5;6;1
910;D21;D29;0.142857142857143;7;129;88;41;6;1
911;D21;D3;0;7;129;127;2;7;0
912;D21;D30;0.714285714285714;7;129;72;57;2;5
913;D21;D31;0;7;129;112;17;7;0
914;D21;D32;0.142857142857143;7;129;93;36;6;1
915;D21;D33;0.285714285714286;7;129;119;10;5;2
916;D21;D34;0;7;129;126;3;7;0
917;D21;D35;0;7;129;127;2;7;0
918;D21;D36;0;7;129;121;8;7;0
919;D21;D37;0.142857142857143;7;129;108;21;6;1
920;D21;D38;0;7;129;126;3;7;0
921;D21;D39;0.142857142857143;7;129;115;14;6;1
922;D21;D4;0;7;129;125;4;7;0
923;D21;D40;0;7;129;124;5;7;0
924;D21;D41;0;7;129;122;7;7;0
925;D21;D42;0.142857142857143;7;129;127;2;6;1
926;D21;D43;0.285714285714286;7;129;128;1;5;2
927;D21;D44;0;7;129;91;38;7;0
928;D21;D45;0;7;129;117;12;7;0
929;D21;D46;0.142857142857143;7;129;92;37;6;1
930;D21;D47;0;7;129;117;12;7;0
931;D21;D48;0;7;129;103;26;7;0
932;D21;D49;0.285714285714286;7;129;118;11;5;2
933;D21;D5;0;7;129;126;3;7;0
934;D21;D50;0;7;129;127;2;7;0
935;D21;D51;0;7;129;128;1;7;0
936;D21;D52;0;7;129;127;2;7;0
937;D21;D53;0.142857142857143;7;129;128;1;6;1
938;D21;D9;0;7;129;128;1;7;0
939;D22;Fuma;0.5;2;126;81;45;1;1
940;D22;Cirurgia_coluna;0;1;117;62;55;1;0
941;D22;Aposentado;0.5;2;130;100;30;1;1
942;D22;Desempregado;0.5;2;128;104;24;1;1
943;D22;Licenca_Medica;0.5;2;130;113;17;1;1
944;D22;Aposentado_Invalidez;0;2;129;121;8;2;0
945;D22;Analgésicos;1;1;129;42;87;0;1
946;D22;OutraDoenca;0;2;128;78;50;2;0
947;D22;Dor_costas;1;2;126;37;89;0;2
948;D22;Dor_pernas;0;2;125;70;55;2;0
949;D22;Retornar_trabalho;0.5;2;117;98;19;1;1
950;D22;Masc;1;2;134;48;86;0;2
951;D22;Fem;0;2;134;86;48;2;0
952;D22;Casado_Amasiado;1;2;134;81;53;0;2
953;D22;Solteiro;0;2;134;75;59;2;0
954;D22;Separado_Divorciado;0;2;134;127;7;2;0
955;D22;X4;0;2;134;131;3;2;0
956;D22;X5;0;2;134;132;2;2;0
957;D22;X6;0;2;134;124;10;2;0
958;D22;Livrar_costas;1;1;99;14;85;0;1
959;D22;Livrar_perna;0;1;99;85;14;1;0
960;D22;Livrar_perda_sens;0;1;99;99;0;1;0
961;D22;D1;0;2;134;133;1;2;0
962;D22;D15;0;2;134;127;7;2;0
963;D22;D16;0;2;134;114;20;2;0
964;D22;D17;0;2;134;129;5;2;0
965;D22;D18;1;2;134;120;14;0;2
966;D22;D19;1;2;134;129;5;0;2
967;D22;D2;0;2;134;126;8;2;0
968;D22;D20;1;2;134;128;6;0;2
969;D22;D21;0.5;2;134;128;6;1;1
970;D22;D22;1;2;134;134;0;0;2
971;D22;D23;0;2;134;132;2;2;0
972;D22;D24;0;2;134;108;26;2;0
973;D22;D25;0;2;134;130;4;2;0
974;D22;D26;0.5;2;134;133;1;1;1
975;D22;D27;0;2;134;129;5;2;0
976;D22;D28;0;2;134;128;6;2;0
977;D22;D29;0;2;134;92;42;2;0
978;D22;D3;0;2;134;132;2;2;0
979;D22;D30;0.5;2;134;73;61;1;1
980;D22;D31;0;2;134;117;17;2;0
981;D22;D32;0;2;134;97;37;2;0
982;D22;D33;0;2;134;122;12;2;0
983;D22;D34;0;2;134;131;3;2;0
984;D22;D35;0;2;134;132;2;2;0
985;D22;D36;0;2;134;126;8;2;0
986;D22;D37;0;2;134;112;22;2;0
987;D22;D38;0;2;134;131;3;2;0
988;D22;D39;0;2;134;119;15;2;0
989;D22;D4;0;2;134;130;4;2;0
990;D22;D40;0;2;134;129;5;2;0
991;D22;D41;0;2;134;127;7;2;0
992;D22;D42;1;2;134;133;1;0;2
993;D22;D43;0.5;2;134;132;2;1;1
994;D22;D44;0;2;134;96;38;2;0
995;D22;D45;0;2;134;122;12;2;0
996;D22;D46;0;2;134;96;38;2;0
997;D22;D47;0;2;134;122;12;2;0
998;D22;D48;0;2;134;108;26;2;0
999;D22;D49;0;2;134;121;13;2;0
1000;D22;D5;0;2;134;131;3;2;0
1001;D22;D50;0;2;134;132;2;2;0
1002;D22;D51;0;2;134;133;1;2;0
1003;D22;D52;0;2;134;132;2;2;0
1004;D22;D53;0;2;134;132;2;2;0
1005;D22;D9;0;2;134;133;1;2;0
1006;D23;Fuma;0;1;127;81;46;1;0
1007;D23;Cirurgia_coluna;0.5;2;116;62;54;1;1
1008;D23;Aposentado;0.5;2;130;100;30;1;1
1009;D23;Desempregado;0.5;2;128;104;24;1;1
1010;D23;Licenca_Medica;0;2;130;112;18;2;0
1011;D23;Aposentado_Invalidez;0;2;129;121;8;2;0
1012;D23;Analgésicos;1;2;128;42;86;0;2
1013;D23;OutraDoenca;0;2;128;78;50;2;0
1014;D23;Dor_costas;1;2;126;37;89;0;2
1015;D23;Dor_pernas;0.5;2;125;71;54;1;1
1016;D23;Retornar_trabalho;0.5;2;117;98;19;1;1
1017;D23;Masc;0.5;2;134;47;87;1;1
1018;D23;Fem;0.5;2;134;87;47;1;1
1019;D23;Casado_Amasiado;0;2;134;79;55;2;0
1020;D23;Solteiro;1;2;134;77;57;0;2
1021;D23;Separado_Divorciado;0;2;134;127;7;2;0
1022;D23;X4;0;2;134;131;3;2;0
1023;D23;X5;0;2;134;132;2;2;0
1024;D23;X6;0;2;134;124;10;2;0
1025;D23;Livrar_costas;1;2;98;14;84;0;2
1026;D23;Livrar_perna;0;2;98;84;14;2;0
1027;D23;Livrar_perda_sens;0;2;98;98;0;2;0
1028;D23;D1;0;2;134;133;1;2;0
1029;D23;D15;0;2;134;127;7;2;0
1030;D23;D16;0;2;134;114;20;2;0
1031;D23;D17;0;2;134;129;5;2;0
1032;D23;D18;0;2;134;118;16;2;0
1033;D23;D19;0;2;134;127;7;2;0
1034;D23;D2;0;2;134;126;8;2;0
1035;D23;D20;0;2;134;126;8;2;0
1036;D23;D21;0;2;134;127;7;2;0
1037;D23;D22;0;2;134;132;2;2;0
1038;D23;D23;1;2;134;134;0;0;2
1039;D23;D24;0.5;2;134;109;25;1;1
1040;D23;D25;0.5;2;134;131;3;1;1
1041;D23;D26;0;2;134;132;2;2;0
1042;D23;D27;0.5;2;134;130;4;1;1
1043;D23;D28;0.5;2;134;129;5;1;1
1044;D23;D29;0;2;134;92;42;2;0
1045;D23;D3;0;2;134;132;2;2;0
1046;D23;D30;1;2;134;74;60;0;2
1047;D23;D31;0;2;134;117;17;2;0
1048;D23;D32;0;2;134;97;37;2;0
1049;D23;D33;0;2;134;122;12;2;0
1050;D23;D34;0;2;134;131;3;2;0
1051;D23;D35;0;2;134;132;2;2;0
1052;D23;D36;0;2;134;126;8;2;0
1053;D23;D37;0;2;134;112;22;2;0
1054;D23;D38;0;2;134;131;3;2;0
1055;D23;D39;0;2;134;119;15;2;0
1056;D23;D4;0;2;134;130;4;2;0
1057;D23;D40;0;2;134;129;5;2;0
1058;D23;D41;0;2;134;127;7;2;0
1059;D23;D42;0;2;134;131;3;2;0
1060;D23;D43;0;2;134;131;3;2;0
1061;D23;D44;0.5;2;134;97;37;1;1
1062;D23;D45;0.5;2;134;123;11;1;1
1063;D23;D46;0.5;2;134;97;37;1;1
1064;D23;D47;0.5;2;134;123;11;1;1
1065;D23;D48;0.5;2;134;109;25;1;1
1066;D23;D49;0.5;2;134;122;12;1;1
1067;D23;D5;0;2;134;131;3;2;0
1068;D23;D50;0;2;134;132;2;2;0
1069;D23;D51;0;2;134;133;1;2;0
1070;D23;D52;0;2;134;132;2;2;0
1071;D23;D53;0;2;134;132;2;2;0
1072;D23;D9;0;2;134;133;1;2;0
1073;D24;Fuma;0.333333333333333;24;104;66;38;16;8
1074;D24;Cirurgia_coluna;0.409090909090909;22;96;50;46;13;9
1075;D24;Aposentado;0.153846153846154;26;106;79;27;22;4
1076;D24;Desempregado;0.269230769230769;26;104;86;18;19;7
1077;D24;Licenca_Medica;0.153846153846154;26;106;92;14;22;4
1078;D24;Aposentado_Invalidez;0.115384615384615;26;105;100;5;23;3
1079;D24;Analgésicos;0.653846153846154;26;104;33;71;9;17
1080;D24;OutraDoenca;0.384615384615385;26;104;64;40;16;10
1081;D24;Dor_costas;0.846153846153846;26;102;33;69;4;22
1082;D24;Dor_pernas;0.269230769230769;26;101;53;48;19;7
1083;D24;Retornar_trabalho;0.291666666666667;24;95;82;13;17;7
1084;D24;Masc;0.615384615384615;26;110;38;72;10;16
1085;D24;Fem;0.384615384615385;26;110;72;38;16;10
1086;D24;Casado_Amasiado;0.423076923076923;26;110;66;44;15;11
1087;D24;Solteiro;0.5;26;110;64;46;13;13
1088;D24;Separado_Divorciado;0;26;110;103;7;26;0
1089;D24;X4;0;26;110;107;3;26;0
1090;D24;X5;0.0384615384615385;26;110;109;1;25;1
1091;D24;X6;0.0384615384615385;26;110;101;9;25;1
1092;D24;Livrar_costas;1;25;75;14;61;0;25
1093;D24;Livrar_perna;0;25;75;61;14;25;0
1094;D24;Livrar_perda_sens;0;25;75;75;0;25;0
1095;D24;D1;0;26;110;109;1;26;0
1096;D24;D15;0;26;110;103;7;26;0
1097;D24;D16;0.0769230769230769;26;110;92;18;24;2
1098;D24;D17;0.0384615384615385;26;110;106;4;25;1
1099;D24;D18;0.153846153846154;26;110;98;12;22;4
1100;D24;D19;0.153846153846154;26;110;107;3;22;4
1101;D24;D2;0.115384615384615;26;110;105;5;23;3
1102;D24;D20;0.153846153846154;26;110;106;4;22;4
1103;D24;D21;0.115384615384615;26;110;106;4;23;3
1104;D24;D22;0;26;110;108;2;26;0
1105;D24;D23;0.0384615384615385;26;110;109;1;25;1
1106;D24;D24;1;26;110;110;0;0;26
1107;D24;D25;0.153846153846154;26;110;110;0;22;4
1108;D24;D26;0.0384615384615385;26;110;109;1;25;1
1109;D24;D27;0.0384615384615385;26;110;106;4;25;1
1110;D24;D28;0.0769230769230769;26;110;106;4;24;2
1111;D24;D29;0.230769230769231;26;110;74;36;20;6
1112;D24;D3;0.0384615384615385;26;110;109;1;25;1
1113;D24;D30;0.5;26;110;61;49;13;13
1114;D24;D31;0.115384615384615;26;110;96;14;23;3
1115;D24;D32;0.153846153846154;26;110;77;33;22;4
1116;D24;D33;0.0384615384615385;26;110;99;11;25;1
1117;D24;D34;0.0384615384615385;26;110;108;2;25;1
1118;D24;D35;0;26;110;108;2;26;0
1119;D24;D36;0;26;110;102;8;26;0
1120;D24;D37;0.0769230769230769;26;110;90;20;24;2
1121;D24;D38;0;26;110;107;3;26;0
1122;D24;D39;0.0384615384615385;26;110;96;14;25;1
1123;D24;D4;0.0384615384615385;26;110;107;3;25;1
1124;D24;D40;0;26;110;105;5;26;0
1125;D24;D41;0;26;110;103;7;26;0
1126;D24;D42;0;26;110;107;3;26;0
1127;D24;D43;0;26;110;107;3;26;0
1128;D24;D44;0.115384615384615;26;110;75;35;23;3
1129;D24;D45;0.0384615384615385;26;110;99;11;25;1
1130;D24;D46;0.192307692307692;26;110;77;33;21;5
1131;D24;D47;0.0769230769230769;26;110;100;10;24;2
1132;D24;D48;0.0769230769230769;26;110;86;24;24;2
1133;D24;D49;0.115384615384615;26;110;100;10;23;3
1134;D24;D5;0.0769230769230769;26;110;109;1;24;2
1135;D24;D50;0.0384615384615385;26;110;109;1;25;1
1136;D24;D51;0;26;110;109;1;26;0
1137;D24;D52;0;26;110;108;2;26;0
1138;D24;D53;0;26;110;108;2;26;0
1139;D24;D9;0;26;110;109;1;26;0
1140;D25;Fuma;0.333333333333333;3;125;80;45;2;1
1141;D25;Cirurgia_coluna;0.5;4;114;61;53;2;2
1142;D25;Aposentado;0.5;4;128;99;29;2;2
1143;D25;Desempregado;0.5;4;126;103;23;2;2
1144;D25;Licenca_Medica;0;4;128;110;18;4;0
1145;D25;Aposentado_Invalidez;0;4;127;119;8;4;0
1146;D25;Analgésicos;0.75;4;126;41;85;1;3
1147;D25;OutraDoenca;0.25;4;126;77;49;3;1
1148;D25;Dor_costas;1;4;124;37;87;0;4
1149;D25;Dor_pernas;0.25;4;123;69;54;3;1
1150;D25;Retornar_trabalho;0.75;4;115;98;17;1;3
1151;D25;Masc;0.75;4;132;47;85;1;3
1152;D25;Fem;0.25;4;132;85;47;3;1
1153;D25;Casado_Amasiado;0.25;4;132;78;54;3;1
1154;D25;Solteiro;0.75;4;132;76;56;1;3
1155;D25;Separado_Divorciado;0;4;132;125;7;4;0
1156;D25;X4;0;4;132;129;3;4;0
1157;D25;X5;0;4;132;130;2;4;0
1158;D25;X6;0;4;132;122;10;4;0
1159;D25;Livrar_costas;1;4;96;14;82;0;4
1160;D25;Livrar_perna;0;4;96;82;14;4;0
1161;D25;Livrar_perda_sens;0;4;96;96;0;4;0
1162;D25;D1;0;4;132;131;1;4;0
1163;D25;D15;0;4;132;125;7;4;0
1164;D25;D16;0;4;132;112;20;4;0
1165;D25;D17;0;4;132;127;5;4;0
1166;D25;D18;0;4;132;116;16;4;0
1167;D25;D19;0.5;4;132;127;5;2;2
1168;D25;D2;0;4;132;124;8;4;0
1169;D25;D20;0.5;4;132;126;6;2;2
1170;D25;D21;0.5;4;132;127;5;2;2
1171;D25;D22;0;4;132;130;2;4;0
1172;D25;D23;0.25;4;132;131;1;3;1
1173;D25;D24;1;4;132;110;22;0;4
1174;D25;D25;1;4;132;132;0;0;4
1175;D25;D26;0;4;132;130;2;4;0
1176;D25;D27;0.25;4;132;128;4;3;1
1177;D25;D28;0.25;4;132;127;5;3;1
1178;D25;D29;0.25;4;132;91;41;3;1
1179;D25;D3;0;4;132;130;2;4;0
1180;D25;D30;0.75;4;132;73;59;1;3
1181;D25;D31;0;4;132;115;17;4;0
1182;D25;D32;0;4;132;95;37;4;0
1183;D25;D33;0;4;132;120;12;4;0
1184;D25;D34;0;4;132;129;3;4;0
1185;D25;D35;0;4;132;130;2;4;0
1186;D25;D36;0;4;132;124;8;4;0
1187;D25;D37;0;4;132;110;22;4;0
1188;D25;D38;0;4;132;129;3;4;0
1189;D25;D39;0;4;132;117;15;4;0
1190;D25;D4;0;4;132;128;4;4;0
1191;D25;D40;0;4;132;127;5;4;0
1192;D25;D41;0;4;132;125;7;4;0
1193;D25;D42;0;4;132;129;3;4;0
1194;D25;D43;0;4;132;129;3;4;0
1195;D25;D44;0;4;132;94;38;4;0
1196;D25;D45;0;4;132;120;12;4;0
1197;D25;D46;0;4;132;94;38;4;0
1198;D25;D47;0;4;132;120;12;4;0
1199;D25;D48;0;4;132;106;26;4;0
1200;D25;D49;0;4;132;119;13;4;0
1201;D25;D5;0;4;132;129;3;4;0
1202;D25;D50;0;4;132;130;2;4;0
1203;D25;D51;0;4;132;131;1;4;0
1204;D25;D52;0;4;132;130;2;4;0
1205;D25;D53;0;4;132;130;2;4;0
1206;D25;D9;0;4;132;131;1;4;0
1207;D26;Fuma;0;2;126;80;46;2;0
1208;D26;Cirurgia_coluna;0;1;117;62;55;1;0
1209;D26;Aposentado;0.5;2;130;100;30;1;1
1210;D26;Desempregado;0.5;2;128;104;24;1;1
1211;D26;Licenca_Medica;0.5;2;130;113;17;1;1
1212;D26;Aposentado_Invalidez;0;2;129;121;8;2;0
1213;D26;Analgésicos;1;2;128;42;86;0;2
1214;D26;OutraDoenca;0.5;2;128;79;49;1;1
1215;D26;Dor_costas;1;2;126;37;89;0;2
1216;D26;Dor_pernas;0;2;125;70;55;2;0
1217;D26;Retornar_trabalho;0.5;2;117;98;19;1;1
1218;D26;Masc;1;2;134;48;86;0;2
1219;D26;Fem;0;2;134;86;48;2;0
1220;D26;Casado_Amasiado;1;2;134;81;53;0;2
1221;D26;Solteiro;0;2;134;75;59;2;0
1222;D26;Separado_Divorciado;0;2;134;127;7;2;0
1223;D26;X4;0;2;134;131;3;2;0
1224;D26;X5;0;2;134;132;2;2;0
1225;D26;X6;0;2;134;124;10;2;0
1226;D26;Livrar_costas;1;2;98;14;84;0;2
1227;D26;Livrar_perna;0;2;98;84;14;2;0
1228;D26;Livrar_perda_sens;0;2;98;98;0;2;0
1229;D26;D1;0;2;134;133;1;2;0
1230;D26;D15;0;2;134;127;7;2;0
1231;D26;D16;0;2;134;114;20;2;0
1232;D26;D17;0;2;134;129;5;2;0
1233;D26;D18;0.5;2;134;119;15;1;1
1234;D26;D19;0.5;2;134;128;6;1;1
1235;D26;D2;0;2;134;126;8;2;0
1236;D26;D20;0.5;2;134;127;7;1;1
1237;D26;D21;0.5;2;134;128;6;1;1
1238;D26;D22;0.5;2;134;133;1;1;1
1239;D26;D23;0;2;134;132;2;2;0
1240;D26;D24;0.5;2;134;109;25;1;1
1241;D26;D25;0;2;134;130;4;2;0
1242;D26;D26;1;2;134;134;0;0;2
1243;D26;D27;0;2;134;129;5;2;0
1244;D26;D28;0.5;2;134;129;5;1;1
1245;D26;D29;0;2;134;92;42;2;0
1246;D26;D3;0;2;134;132;2;2;0
1247;D26;D30;0.5;2;134;73;61;1;1
1248;D26;D31;0.5;2;134;118;16;1;1
1249;D26;D32;0;2;134;97;37;2;0
1250;D26;D33;0;2;134;122;12;2;0
1251;D26;D34;0;2;134;131;3;2;0
1252;D26;D35;0;2;134;132;2;2;0
1253;D26;D36;0;2;134;126;8;2;0
1254;D26;D37;0;2;134;112;22;2;0
1255;D26;D38;0;2;134;131;3;2;0
1256;D26;D39;0;2;134;119;15;2;0
1257;D26;D4;0;2;134;130;4;2;0
1258;D26;D40;0;2;134;129;5;2;0
1259;D26;D41;0;2;134;127;7;2;0
1260;D26;D42;0.5;2;134;132;2;1;1
1261;D26;D43;0.5;2;134;132;2;1;1
1262;D26;D44;0;2;134;96;38;2;0
1263;D26;D45;0;2;134;122;12;2;0
1264;D26;D46;0;2;134;96;38;2;0
1265;D26;D47;0;2;134;122;12;2;0
1266;D26;D48;0;2;134;108;26;2;0
1267;D26;D49;0;2;134;121;13;2;0
1268;D26;D5;0;2;134;131;3;2;0
1269;D26;D50;0;2;134;132;2;2;0
1270;D26;D51;0;2;134;133;1;2;0
1271;D26;D52;0;2;134;132;2;2;0
1272;D26;D53;0;2;134;132;2;2;0
1273;D26;D9;0;2;134;133;1;2;0
1274;D27;Fuma;0.75;4;124;81;43;1;3
1275;D27;Cirurgia_coluna;1;3;115;63;52;0;3
1276;D27;Aposentado;0.4;5;127;98;29;3;2
1277;D27;Desempregado;0.2;5;125;101;24;4;1
1278;D27;Licenca_Medica;0.2;5;127;110;17;4;1
1279;D27;Aposentado_Invalidez;0.2;5;126;119;7;4;1
1280;D27;Analgésicos;0.8;5;125;41;84;1;4
1281;D27;OutraDoenca;0.2;5;125;76;49;4;1
1282;D27;Dor_costas;0.8;5;123;36;87;1;4
1283;D27;Dor_pernas;0.2;5;122;68;54;4;1
1284;D27;Retornar_trabalho;0.6;5;114;97;17;2;3
1285;D27;Masc;0.8;5;131;47;84;1;4
1286;D27;Fem;0.2;5;131;84;47;4;1
1287;D27;Casado_Amasiado;0;5;131;76;55;5;0
1288;D27;Solteiro;1;5;131;77;54;0;5
1289;D27;Separado_Divorciado;0;5;131;124;7;5;0
1290;D27;X4;0;5;131;128;3;5;0
1291;D27;X5;0;5;131;129;2;5;0
1292;D27;X6;0;5;131;121;10;5;0
1293;D27;Livrar_costas;1;5;95;14;81;0;5
1294;D27;Livrar_perna;0;5;95;81;14;5;0
1295;D27;Livrar_perda_sens;0;5;95;95;0;5;0
1296;D27;D1;0;5;131;130;1;5;0
1297;D27;D15;0;5;131;124;7;5;0
1298;D27;D16;0.2;5;131;112;19;4;1
1299;D27;D17;0;5;131;126;5;5;0
1300;D27;D18;0;5;131;115;16;5;0
1301;D27;D19;0;5;131;124;7;5;0
1302;D27;D2;0;5;131;123;8;5;0
1303;D27;D20;0;5;131;123;8;5;0
1304;D27;D21;0;5;131;124;7;5;0
1305;D27;D22;0;5;131;129;2;5;0
1306;D27;D23;0.2;5;131;130;1;4;1
1307;D27;D24;0.2;5;131;106;25;4;1
1308;D27;D25;0.2;5;131;128;3;4;1
1309;D27;D26;0;5;131;129;2;5;0
1310;D27;D27;1;5;131;131;0;0;5
1311;D27;D28;0.6;5;131;128;3;2;3
1312;D27;D29;0.6;5;131;92;39;2;3
1313;D27;D3;0;5;131;129;2;5;0
1314;D27;D30;0.8;5;131;73;58;1;4
1315;D27;D31;0.2;5;131;115;16;4;1
1316;D27;D32;0.4;5;131;96;35;3;2
1317;D27;D33;0;5;131;119;12;5;0
1318;D27;D34;0;5;131;128;3;5;0
1319;D27;D35;0;5;131;129;2;5;0
1320;D27;D36;0;5;131;123;8;5;0
1321;D27;D37;0.2;5;131;110;21;4;1
1322;D27;D38;0;5;131;128;3;5;0
1323;D27;D39;0;5;131;116;15;5;0
1324;D27;D4;0;5;131;127;4;5;0
1325;D27;D40;0;5;131;126;5;5;0
1326;D27;D41;0;5;131;124;7;5;0
1327;D27;D42;0;5;131;128;3;5;0
1328;D27;D43;0;5;131;128;3;5;0
1329;D27;D44;0.4;5;131;95;36;3;2
1330;D27;D45;0;5;131;119;12;5;0
1331;D27;D46;0.2;5;131;94;37;4;1
1332;D27;D47;0;5;131;119;12;5;0
1333;D27;D48;0.2;5;131;106;25;4;1
1334;D27;D49;0;5;131;118;13;5;0
1335;D27;D5;0;5;131;128;3;5;0
1336;D27;D50;0;5;131;129;2;5;0
1337;D27;D51;0;5;131;130;1;5;0
1338;D27;D52;0;5;131;129;2;5;0
1339;D27;D53;0;5;131;129;2;5;0
1340;D27;D9;0;5;131;130;1;5;0
1341;D28;Fuma;0.6;5;123;80;43;2;3
1342;D28;Cirurgia_coluna;0.6;5;113;61;52;2;3
1343;D28;Aposentado;0.333333333333333;6;126;97;29;4;2
1344;D28;Desempregado;0.333333333333333;6;124;101;23;4;2
1345;D28;Licenca_Medica;0.166666666666667;6;126;109;17;5;1
1346;D28;Aposentado_Invalidez;0;6;125;117;8;6;0
1347;D28;Analgésicos;0.666666666666667;6;124;40;84;2;4
1348;D28;OutraDoenca;0.5;6;124;77;47;3;3
1349;D28;Dor_costas;0.833333333333333;6;122;36;86;1;5
1350;D28;Dor_pernas;0.166666666666667;6;121;67;54;5;1
1351;D28;Retornar_trabalho;0.333333333333333;6;113;95;18;4;2
1352;D28;Masc;0.5;6;130;45;85;3;3
1353;D28;Fem;0.5;6;130;85;45;3;3
1354;D28;Casado_Amasiado;0.333333333333333;6;130;77;53;4;2
1355;D28;Solteiro;0.666666666666667;6;130;75;55;2;4
1356;D28;Separado_Divorciado;0;6;130;123;7;6;0
1357;D28;X4;0;6;130;127;3;6;0
1358;D28;X5;0;6;130;128;2;6;0
1359;D28;X6;0;6;130;120;10;6;0
1360;D28;Livrar_costas;1;6;94;14;80;0;6
1361;D28;Livrar_perna;0;6;94;80;14;6;0
1362;D28;Livrar_perda_sens;0;6;94;94;0;6;0
1363;D28;D1;0;6;130;129;1;6;0
1364;D28;D15;0;6;130;123;7;6;0
1365;D28;D16;0;6;130;110;20;6;0
1366;D28;D17;0;6;130;125;5;6;0
1367;D28;D18;0.166666666666667;6;130;115;15;5;1
1368;D28;D19;0;6;130;123;7;6;0
1369;D28;D2;0.166666666666667;6;130;123;7;5;1
1370;D28;D20;0.166666666666667;6;130;123;7;5;1
1371;D28;D21;0.166666666666667;6;130;124;6;5;1
1372;D28;D22;0;6;130;128;2;6;0
1373;D28;D23;0.166666666666667;6;130;129;1;5;1
1374;D28;D24;0.333333333333333;6;130;106;24;4;2
1375;D28;D25;0.166666666666667;6;130;127;3;5;1
1376;D28;D26;0.166666666666667;6;130;129;1;5;1
1377;D28;D27;0.5;6;130;128;2;3;3
1378;D28;D28;1;6;130;130;0;0;6
1379;D28;D29;0.166666666666667;6;130;89;41;5;1
1380;D28;D3;0;6;130;128;2;6;0
1381;D28;D30;0.5;6;130;71;59;3;3
1382;D28;D31;0.5;6;130;116;14;3;3
1383;D28;D32;0;6;130;93;37;6;0
1384;D28;D33;0;6;130;118;12;6;0
1385;D28;D34;0;6;130;127;3;6;0
1386;D28;D35;0;6;130;128;2;6;0
1387;D28;D36;0;6;130;122;8;6;0
1388;D28;D37;0;6;130;108;22;6;0
1389;D28;D38;0;6;130;127;3;6;0
1390;D28;D39;0;6;130;115;15;6;0
1391;D28;D4;0;6;130;126;4;6;0
1392;D28;D40;0;6;130;125;5;6;0
1393;D28;D41;0;6;130;123;7;6;0
1394;D28;D42;0;6;130;127;3;6;0
1395;D28;D43;0.166666666666667;6;130;128;2;5;1
1396;D28;D44;0;6;130;92;38;6;0
1397;D28;D45;0;6;130;118;12;6;0
1398;D28;D46;0;6;130;92;38;6;0
1399;D28;D47;0;6;130;118;12;6;0
1400;D28;D48;0;6;130;104;26;6;0
1401;D28;D49;0;6;130;117;13;6;0
1402;D28;D5;0;6;130;127;3;6;0
1403;D28;D50;0;6;130;128;2;6;0
1404;D28;D51;0;6;130;129;1;6;0
1405;D28;D52;0;6;130;128;2;6;0
1406;D28;D53;0.166666666666667;6;130;129;1;5;1
1407;D28;D9;0;6;130;129;1;6;0
1408;D29;Fuma;0.325;40;88;55;33;27;13
1409;D29;Cirurgia_coluna;0.513513513513513;37;81;45;36;18;19
1410;D29;Aposentado;0.30952380952381;42;90;72;18;29;13
1411;D29;Desempregado;0.166666666666667;42;88;70;18;35;7
1412;D29;Licenca_Medica;0.19047619047619;42;90;80;10;34;8
1413;D29;Aposentado_Invalidez;0.119047619047619;42;89;86;3;37;5
1414;D29;Analgésicos;0.833333333333333;42;88;35;53;7;35
1415;D29;OutraDoenca;0.439024390243902;41;89;57;32;23;18
1416;D29;Dor_costas;0.902439024390244;41;87;33;54;4;37
1417;D29;Dor_pernas;0.731707317073171;41;86;61;25;11;30
1418;D29;Retornar_trabalho;0.256410256410256;39;80;70;10;29;10
1419;D29;Masc;0.714285714285714;42;94;36;58;12;30
1420;D29;Fem;0.285714285714286;42;94;58;36;30;12
1421;D29;Casado_Amasiado;0.523809523809524;42;94;61;33;20;22
1422;D29;Solteiro;0.30952380952381;42;94;48;46;29;13
1423;D29;Separado_Divorciado;0.0476190476190476;42;94;89;5;40;2
1424;D29;X4;0;42;94;91;3;42;0
1425;D29;X5;0;42;94;92;2;42;0
1426;D29;X6;0.119047619047619;42;94;89;5;37;5
1427;D29;Livrar_costas;0.825;40;60;7;53;7;33
1428;D29;Livrar_perna;0.175;40;60;53;7;33;7
1429;D29;Livrar_perda_sens;0;40;60;60;0;40;0
1430;D29;D1;0;42;94;93;1;42;0
1431;D29;D15;0.0952380952380952;42;94;91;3;38;4
1432;D29;D16;0.380952380952381;42;94;90;4;26;16
1433;D29;D17;0.0476190476190476;42;94;91;3;40;2
1434;D29;D18;0.0476190476190476;42;94;80;14;40;2
1435;D29;D19;0.0238095238095238;42;94;88;6;41;1
1436;D29;D2;0.0238095238095238;42;94;87;7;41;1
1437;D29;D20;0.0238095238095238;42;94;87;7;41;1
1438;D29;D21;0.0238095238095238;42;94;88;6;41;1
1439;D29;D22;0;42;94;92;2;42;0
1440;D29;D23;0;42;94;92;2;42;0
1441;D29;D24;0.142857142857143;42;94;74;20;36;6
1442;D29;D25;0.0238095238095238;42;94;91;3;41;1
1443;D29;D26;0;42;94;92;2;42;0
1444;D29;D27;0.0714285714285714;42;94;92;2;39;3
1445;D29;D28;0.0238095238095238;42;94;89;5;41;1
1446;D29;D29;1;42;94;94;0;0;42
1447;D29;D3;0;42;94;92;2;42;0
1448;D29;D30;0.928571428571429;42;94;71;23;3;39
1449;D29;D31;0.19047619047619;42;94;85;9;34;8
1450;D29;D32;0.785714285714286;42;94;90;4;9;33
1451;D29;D33;0.0476190476190476;42;94;84;10;40;2
1452;D29;D34;0.0238095238095238;42;94;92;2;41;1
1453;D29;D35;0;42;94;92;2;42;0
1454;D29;D36;0.0952380952380952;42;94;90;4;38;4
1455;D29;D37;0.404761904761905;42;94;89;5;25;17
1456;D29;D38;0;42;94;91;3;42;0
1457;D29;D39;0.285714285714286;42;94;91;3;30;12
1458;D29;D4;0;42;94;90;4;42;0
1459;D29;D40;0.0476190476190476;42;94;91;3;40;2
1460;D29;D41;0.142857142857143;42;94;93;1;36;6
1461;D29;D42;0;42;94;91;3;42;0
1462;D29;D43;0;42;94;91;3;42;0
1463;D29;D44;0.738095238095238;42;94;87;7;11;31
1464;D29;D45;0.0714285714285714;42;94;85;9;39;3
1465;D29;D46;0.714285714285714;42;94;86;8;12;30
1466;D29;D47;0.0714285714285714;42;94;85;9;39;3
1467;D29;D48;0.476190476190476;42;94;88;6;22;20
1468;D29;D49;0.0952380952380952;42;94;85;9;38;4
1469;D29;D5;0.0238095238095238;42;94;92;2;41;1
1470;D29;D50;0.0238095238095238;42;94;93;1;41;1
1471;D29;D51;0;42;94;93;1;42;0
1472;D29;D52;0;42;94;92;2;42;0
1473;D29;D53;0;42;94;92;2;42;0
1474;D29;D9;0;42;94;93;1;42;0
1475;D3;Fuma;1;2;126;82;44;0;2
1476;D3;Cirurgia_coluna;0;1;117;62;55;1;0
1477;D3;Aposentado;0;2;130;99;31;2;0
1478;D3;Desempregado;0.5;2;128;104;24;1;1
1479;D3;Licenca_Medica;0;2;130;112;18;2;0
1480;D3;Aposentado_Invalidez;0.5;2;129;122;7;1;1
1481;D3;Analgésicos;1;2;128;42;86;0;2
1482;D3;OutraDoenca;1;2;128;80;48;0;2
1483;D3;Dor_costas;1;2;126;37;89;0;2
1484;D3;Dor_pernas;0.5;2;125;71;54;1;1
1485;D3;Retornar_trabalho;0.5;2;117;98;19;1;1
1486;D3;Masc;1;2;134;48;86;0;2
1487;D3;Fem;0;2;134;86;48;2;0
1488;D3;Casado_Amasiado;0;2;134;79;55;2;0
1489;D3;Solteiro;0.5;2;134;76;58;1;1
1490;D3;Separado_Divorciado;0;2;134;127;7;2;0
1491;D3;X4;0.5;2;134;132;2;1;1
1492;D3;X5;0;2;134;132;2;2;0
1493;D3;X6;0;2;134;124;10;2;0
1494;D3;Livrar_costas;1;1;99;14;85;0;1
1495;D3;Livrar_perna;0;1;99;85;14;1;0
1496;D3;Livrar_perda_sens;0;1;99;99;0;1;0
1497;D3;D1;0;2;134;133;1;2;0
1498;D3;D15;0;2;134;127;7;2;0
1499;D3;D16;0;2;134;114;20;2;0
1500;D3;D17;0;2;134;129;5;2;0
1501;D3;D18;0.5;2;134;119;15;1;1
1502;D3;D19;1;2;134;129;5;0;2
1503;D3;D2;1;2;134;128;6;0;2
1504;D3;D20;0;2;134;126;8;2;0
1505;D3;D21;0;2;134;127;7;2;0
1506;D3;D22;0;2;134;132;2;2;0
1507;D3;D23;0;2;134;132;2;2;0
1508;D3;D24;0.5;2;134;109;25;1;1
1509;D3;D25;0;2;134;130;4;2;0
1510;D3;D26;0;2;134;132;2;2;0
1511;D3;D27;0;2;134;129;5;2;0
1512;D3;D28;0;2;134;128;6;2;0
1513;D3;D29;0;2;134;92;42;2;0
1514;D3;D3;1;2;134;134;0;0;2
1515;D3;D30;0.5;2;134;73;61;1;1
1516;D3;D31;0;2;134;117;17;2;0
1517;D3;D32;0;2;134;97;37;2;0
1518;D3;D33;0;2;134;122;12;2;0
1519;D3;D34;0;2;134;131;3;2;0
1520;D3;D35;0;2;134;132;2;2;0
1521;D3;D36;0;2;134;126;8;2;0
1522;D3;D37;0;2;134;112;22;2;0
1523;D3;D38;0;2;134;131;3;2;0
1524;D3;D39;0;2;134;119;15;2;0
1525;D3;D4;1;2;134;132;2;0;2
1526;D3;D40;0;2;134;129;5;2;0
1527;D3;D41;0;2;134;127;7;2;0
1528;D3;D42;0;2;134;131;3;2;0
1529;D3;D43;0;2;134;131;3;2;0
1530;D3;D44;0;2;134;96;38;2;0
1531;D3;D45;0;2;134;122;12;2;0
1532;D3;D46;0.5;2;134;97;37;1;1
1533;D3;D47;0.5;2;134;123;11;1;1
1534;D3;D48;0;2;134;108;26;2;0
1535;D3;D49;0;2;134;121;13;2;0
1536;D3;D5;0;2;134;131;3;2;0
1537;D3;D50;0;2;134;132;2;2;0
1538;D3;D51;0;2;134;133;1;2;0
1539;D3;D52;0;2;134;132;2;2;0
1540;D3;D53;0;2;134;132;2;2;0
1541;D3;D9;0;2;134;133;1;2;0
1542;D30;Fuma;0.288135593220339;59;69;40;29;42;17
1543;D30;Cirurgia_coluna;0.5;54;64;36;28;27;27
1544;D30;Aposentado;0.32258064516129;62;70;59;11;42;20
1545;D30;Desempregado;0.209677419354839;62;68;56;12;49;13
1546;D30;Licenca_Medica;0.161290322580645;62;70;62;8;52;10
1547;D30;Aposentado_Invalidez;0.114754098360656;61;70;69;1;54;7
1548;D30;Analgésicos;0.854838709677419;62;68;33;35;9;53
1549;D30;OutraDoenca;0.426229508196721;61;69;45;24;35;26
1550;D30;Dor_costas;0.918032786885246;61;67;32;35;5;56
1551;D30;Dor_pernas;0.655737704918033;61;66;51;15;21;40
1552;D30;Retornar_trabalho;0.303571428571429;56;63;60;3;39;17
1553;D30;Masc;0.67741935483871;62;74;28;46;20;42
1554;D30;Fem;0.32258064516129;62;74;46;28;42;20
1555;D30;Casado_Amasiado;0.467741935483871;62;74;48;26;33;29
1556;D30;Solteiro;0.387096774193548;62;74;39;35;38;24
1557;D30;Separado_Divorciado;0.0483870967741935;62;74;70;4;59;3
1558;D30;X4;0;62;74;71;3;62;0
1559;D30;X5;0;62;74;72;2;62;0
1560;D30;X6;0.0967741935483871;62;74;70;4;56;6
1561;D30;Livrar_costas;0.836065573770492;61;39;4;35;10;51
1562;D30;Livrar_perna;0.163934426229508;61;39;35;4;51;10
1563;D30;Livrar_perda_sens;0;61;39;39;0;61;0
1564;D30;D1;0;62;74;73;1;62;0
1565;D30;D15;0.032258064516129;62;74;69;5;60;2
1566;D30;D16;0.258064516129032;62;74;70;4;46;16
1567;D30;D17;0.0161290322580645;62;74;70;4;61;1
1568;D30;D18;0.0645161290322581;62;74;62;12;58;4
1569;D30;D19;0.0645161290322581;62;74;71;3;58;4
1570;D30;D2;0.032258064516129;62;74;68;6;60;2
1571;D30;D20;0.0806451612903226;62;74;71;3;57;5
1572;D30;D21;0.0806451612903226;62;74;72;2;57;5
1573;D30;D22;0.0161290322580645;62;74;73;1;61;1
1574;D30;D23;0.032258064516129;62;74;74;0;60;2
1575;D30;D24;0.209677419354839;62;74;61;13;49;13
1576;D30;D25;0.0483870967741935;62;74;73;1;59;3
1577;D30;D26;0.0161290322580645;62;74;73;1;61;1
1578;D30;D27;0.0645161290322581;62;74;73;1;58;4
1579;D30;D28;0.0483870967741935;62;74;71;3;59;3
1580;D30;D29;0.629032258064516;62;74;71;3;23;39
1581;D30;D3;0.0161290322580645;62;74;73;1;61;1
1582;D30;D30;1;62;74;74;0;0;62
1583;D30;D31;0.17741935483871;62;74;68;6;51;11
1584;D30;D32;0.548387096774194;62;74;71;3;28;34
1585;D30;D33;0.145161290322581;62;74;71;3;53;9
1586;D30;D34;0;62;74;71;3;62;0
1587;D30;D35;0;62;74;72;2;62;0
1588;D30;D36;0.032258064516129;62;74;68;6;60;2
1589;D30;D37;0.241935483870968;62;74;67;7;47;15
1590;D30;D38;0;62;74;71;3;62;0
1591;D30;D39;0.193548387096774;62;74;71;3;50;12
1592;D30;D4;0.0161290322580645;62;74;71;3;61;1
1593;D30;D40;0.0161290322580645;62;74;70;4;61;1
1594;D30;D41;0.0645161290322581;62;74;71;3;58;4
1595;D30;D42;0.0161290322580645;62;74;72;2;61;1
1596;D30;D43;0.0161290322580645;62;74;72;2;61;1
1597;D30;D44;0.532258064516129;62;74;69;5;29;33
1598;D30;D45;0.161290322580645;62;74;72;2;52;10
1599;D30;D46;0.532258064516129;62;74;69;5;29;33
1600;D30;D47;0.145161290322581;62;74;71;3;53;9
1601;D30;D48;0.370967741935484;62;74;71;3;39;23
1602;D30;D49;0.17741935483871;62;74;72;2;51;11
1603;D30;D5;0.0161290322580645;62;74;72;2;61;1
1604;D30;D50;0;62;74;72;2;62;0
1605;D30;D51;0;62;74;73;1;62;0
1606;D30;D52;0;62;74;72;2;62;0
1607;D30;D53;0;62;74;72;2;62;0
1608;D30;D9;0;62;74;73;1;62;0
1609;D31;Fuma;0.5;16;112;74;38;8;8
1610;D31;Cirurgia_coluna;0.615384615384615;13;105;58;47;5;8
1611;D31;Aposentado;0.1875;16;116;88;28;13;3
1612;D31;Desempregado;0.25;16;114;93;21;12;4
1613;D31;Licenca_Medica;0.25;16;116;102;14;12;4
1614;D31;Aposentado_Invalidez;0.0625;16;115;108;7;15;1
1615;D31;Analgésicos;0.529411764705882;17;113;34;79;8;9
1616;D31;OutraDoenca;0.470588235294118;17;113;71;42;9;8
1617;D31;Dor_costas;0.823529411764706;17;111;34;77;3;14
1618;D31;Dor_pernas;0.647058823529412;17;110;66;44;6;11
1619;D31;Retornar_trabalho;0.1875;16;103;86;17;13;3
1620;D31;Masc;0.588235294117647;17;119;41;78;7;10
1621;D31;Fem;0.411764705882353;17;119;78;41;10;7
1622;D31;Casado_Amasiado;0.294117647058824;17;119;69;50;12;5
1623;D31;Solteiro;0.588235294117647;17;119;70;49;7;10
1624;D31;Separado_Divorciado;0;17;119;112;7;17;0
1625;D31;X4;0.0588235294117647;17;119;117;2;16;1
1626;D31;X5;0;17;119;117;2;17;0
1627;D31;X6;0.0588235294117647;17;119;110;9;16;1
1628;D31;Livrar_costas;0.764705882352941;17;83;10;73;4;13
1629;D31;Livrar_perna;0.235294117647059;17;83;73;10;13;4
1630;D31;Livrar_perda_sens;0;17;83;83;0;17;0
1631;D31;D1;0;17;119;118;1;17;0
1632;D31;D15;0.235294117647059;17;119;116;3;13;4
1633;D31;D16;0.0588235294117647;17;119;100;19;16;1
1634;D31;D17;0.0588235294117647;17;119;115;4;16;1
1635;D31;D18;0.0588235294117647;17;119;104;15;16;1
1636;D31;D19;0;17;119;112;7;17;0
1637;D31;D2;0.0588235294117647;17;119;112;7;16;1
1638;D31;D20;0;17;119;111;8;17;0
1639;D31;D21;0;17;119;112;7;17;0
1640;D31;D22;0;17;119;117;2;17;0
1641;D31;D23;0;17;119;117;2;17;0
1642;D31;D24;0.176470588235294;17;119;96;23;14;3
1643;D31;D25;0;17;119;115;4;17;0
1644;D31;D26;0.0588235294117647;17;119;118;1;16;1
1645;D31;D27;0.0588235294117647;17;119;115;4;16;1
1646;D31;D28;0.176470588235294;17;119;116;3;14;3
1647;D31;D29;0.470588235294118;17;119;85;34;9;8
1648;D31;D3;0;17;119;117;2;17;0
1649;D31;D30;0.647058823529412;17;119;68;51;6;11
1650;D31;D31;1;17;119;119;0;0;17
1651;D31;D32;0.176470588235294;17;119;85;34;14;3
1652;D31;D33;0.470588235294118;17;119;115;4;9;8
1653;D31;D34;0.0588235294117647;17;119;117;2;16;1
1654;D31;D35;0;17;119;117;2;17;0
1655;D31;D36;0.176470588235294;17;119;114;5;14;3
1656;D31;D37;0.0588235294117647;17;119;98;21;16;1
1657;D31;D38;0.117647058823529;17;119;118;1;15;2
1658;D31;D39;0;17;119;104;15;17;0
1659;D31;D4;0;17;119;115;4;17;0
1660;D31;D40;0.176470588235294;17;119;117;2;14;3
1661;D31;D41;0.0588235294117647;17;119;113;6;16;1
1662;D31;D42;0;17;119;116;3;17;0
1663;D31;D43;0;17;119;116;3;17;0
1664;D31;D44;0.235294117647059;17;119;85;34;13;4
1665;D31;D45;0.411764705882353;17;119;114;5;10;7
1666;D31;D46;0.235294117647059;17;119;85;34;13;4
1667;D31;D47;0.470588235294118;17;119;115;4;9;8
1668;D31;D48;0.0588235294117647;17;119;94;25;16;1
1669;D31;D49;0.411764705882353;17;119;113;6;10;7
1670;D31;D5;0.0588235294117647;17;119;117;2;16;1
1671;D31;D50;0.0588235294117647;17;119;118;1;16;1
1672;D31;D51;0;17;119;118;1;17;0
1673;D31;D52;0;17;119;117;2;17;0
1674;D31;D53;0;17;119;117;2;17;0
1675;D31;D9;0;17;119;118;1;17;0
1676;D32;Fuma;0.305555555555556;36;92;57;35;25;11
1677;D32;Cirurgia_coluna;0.46875;32;86;46;40;17;15
1678;D32;Aposentado;0.27027027027027;37;95;74;21;27;10
1679;D32;Desempregado;0.0810810810810811;37;93;71;22;34;3
1680;D32;Licenca_Medica;0.162162162162162;37;95;83;12;31;6
1681;D32;Aposentado_Invalidez;0.111111111111111;36;95;91;4;32;4
1682;D32;Analgésicos;0.891891891891892;37;93;38;55;4;33
1683;D32;OutraDoenca;0.416666666666667;36;94;59;35;21;15
1684;D32;Dor_costas;0.916666666666667;36;92;34;58;3;33
1685;D32;Dor_pernas;0.833333333333333;36;91;66;25;6;30
1686;D32;Retornar_trabalho;0.212121212121212;33;86;73;13;26;7
1687;D32;Masc;0.756756756756757;37;99;39;60;9;28
1688;D32;Fem;0.243243243243243;37;99;60;39;28;9
1689;D32;Casado_Amasiado;0.486486486486487;37;99;62;37;19;18
1690;D32;Solteiro;0.351351351351351;37;99;53;46;24;13
1691;D32;Separado_Divorciado;0.0540540540540541;37;99;94;5;35;2
1692;D32;X4;0;37;99;96;3;37;0
1693;D32;X5;0;37;99;97;2;37;0
1694;D32;X6;0.108108108108108;37;99;93;6;33;4
1695;D32;Livrar_costas;0.805555555555556;36;64;7;57;7;29
1696;D32;Livrar_perna;0.194444444444444;36;64;57;7;29;7
1697;D32;Livrar_perda_sens;0;36;64;64;0;36;0
1698;D32;D1;0;37;99;98;1;37;0
1699;D32;D15;0.027027027027027;37;99;93;6;36;1
1700;D32;D16;0.459459459459459;37;99;96;3;20;17
1701;D32;D17;0.027027027027027;37;99;95;4;36;1
1702;D32;D18;0.027027027027027;37;99;84;15;36;1
1703;D32;D19;0.027027027027027;37;99;93;6;36;1
1704;D32;D2;0;37;99;91;8;37;0
1705;D32;D20;0;37;99;91;8;37;0
1706;D32;D21;0.027027027027027;37;99;93;6;36;1
1707;D32;D22;0;37;99;97;2;37;0
1708;D32;D23;0;37;99;97;2;37;0
1709;D32;D24;0.108108108108108;37;99;77;22;33;4
1710;D32;D25;0;37;99;95;4;37;0
1711;D32;D26;0;37;99;97;2;37;0
1712;D32;D27;0.0540540540540541;37;99;96;3;35;2
1713;D32;D28;0;37;99;93;6;37;0
1714;D32;D29;0.891891891891892;37;99;90;9;4;33
1715;D32;D3;0;37;99;97;2;37;0
1716;D32;D30;0.918918918918919;37;99;71;28;3;34
1717;D32;D31;0.0810810810810811;37;99;85;14;34;3
1718;D32;D32;1;37;99;99;0;0;37
1719;D32;D33;0.0810810810810811;37;99;90;9;34;3
1720;D32;D34;0;37;99;96;3;37;0
1721;D32;D35;0;37;99;97;2;37;0
1722;D32;D36;0.027027027027027;37;99;92;7;36;1
1723;D32;D37;0.432432432432432;37;99;93;6;21;16
1724;D32;D38;0;37;99;96;3;37;0
1725;D32;D39;0.351351351351351;37;99;97;2;24;13
1726;D32;D4;0;37;99;95;4;37;0
1727;D32;D40;0;37;99;94;5;37;0
1728;D32;D41;0.108108108108108;37;99;96;3;33;4
1729;D32;D42;0.027027027027027;37;99;97;2;36;1
1730;D32;D43;0;37;99;96;3;37;0
1731;D32;D44;0.864864864864865;37;99;93;6;5;32
1732;D32;D45;0.0810810810810811;37;99;90;9;34;3
1733;D32;D46;0.810810810810811;37;99;91;8;7;30
1734;D32;D47;0.0540540540540541;37;99;89;10;35;2
1735;D32;D48;0.567567567567568;37;99;94;5;16;21
1736;D32;D49;0.108108108108108;37;99;90;9;33;4
1737;D32;D5;0;37;99;96;3;37;0
1738;D32;D50;0;37;99;97;2;37;0
1739;D32;D51;0;37;99;98;1;37;0
1740;D32;D52;0.027027027027027;37;99;98;1;36;1
1741;D32;D53;0;37;99;97;2;37;0
1742;D32;D9;0;37;99;98;1;37;0
1743;D33;Fuma;0.363636363636364;11;117;75;42;7;4
1744;D33;Cirurgia_coluna;0.444444444444444;9;109;58;51;5;4
1745;D33;Aposentado;0.0909090909090909;11;121;91;30;10;1
1746;D33;Desempregado;0.0909090909090909;11;119;95;24;10;1
1747;D33;Licenca_Medica;0;11;121;103;18;11;0
1748;D33;Aposentado_Invalidez;0;10;121;113;8;10;0
1749;D33;Analgésicos;0.666666666666667;12;118;38;80;4;8
1750;D33;OutraDoenca;0.333333333333333;12;118;72;46;8;4
1751;D33;Dor_costas;0.75;12;116;34;82;3;9
1752;D33;Dor_pernas;0.75;12;115;69;46;3;9
1753;D33;Retornar_trabalho;0.1;10;109;90;19;9;1
1754;D33;Masc;0.583333333333333;12;124;43;81;5;7
1755;D33;Fem;0.416666666666667;12;124;81;43;7;5
1756;D33;Casado_Amasiado;0.333333333333333;12;124;73;51;8;4
1757;D33;Solteiro;0.583333333333333;12;124;72;52;5;7
1758;D33;Separado_Divorciado;0;12;124;117;7;12;0
1759;D33;X4;0.0833333333333333;12;124;122;2;11;1
1760;D33;X5;0;12;124;122;2;12;0
1761;D33;X6;0;12;124;114;10;12;0
1762;D33;Livrar_costas;0.666666666666667;12;88;10;78;4;8
1763;D33;Livrar_perna;0.333333333333333;12;88;78;10;8;4
1764;D33;Livrar_perda_sens;0;12;88;88;0;12;0
1765;D33;D1;0;12;124;123;1;12;0
1766;D33;D15;0.166666666666667;12;124;119;5;10;2
1767;D33;D16;0.0833333333333333;12;124;105;19;11;1
1768;D33;D17;0;12;124;119;5;12;0
1769;D33;D18;0;12;124;108;16;12;0
1770;D33;D19;0;12;124;117;7;12;0
1771;D33;D2;0;12;124;116;8;12;0
1772;D33;D20;0;12;124;116;8;12;0
1773;D33;D21;0.166666666666667;12;124;119;5;10;2
1774;D33;D22;0;12;124;122;2;12;0
1775;D33;D23;0;12;124;122;2;12;0
1776;D33;D24;0.0833333333333333;12;124;99;25;11;1
1777;D33;D25;0;12;124;120;4;12;0
1778;D33;D26;0;12;124;122;2;12;0
1779;D33;D27;0;12;124;119;5;12;0
1780;D33;D28;0;12;124;118;6;12;0
1781;D33;D29;0.166666666666667;12;124;84;40;10;2
1782;D33;D3;0;12;124;122;2;12;0
1783;D33;D30;0.75;12;124;71;53;3;9
1784;D33;D31;0.666666666666667;12;124;115;9;4;8
1785;D33;D32;0.25;12;124;90;34;9;3
1786;D33;D33;1;12;124;124;0;0;12
1787;D33;D34;0;12;124;121;3;12;0
1788;D33;D35;0;12;124;122;2;12;0
1789;D33;D36;0.166666666666667;12;124;118;6;10;2
1790;D33;D37;0;12;124;102;22;12;0
1791;D33;D38;0.166666666666667;12;124;123;1;10;2
1792;D33;D39;0;12;124;109;15;12;0
1793;D33;D4;0;12;124;120;4;12;0
1794;D33;D40;0.166666666666667;12;124;121;3;10;2
1795;D33;D41;0;12;124;117;7;12;0
1796;D33;D42;0;12;124;121;3;12;0
1797;D33;D43;0;12;124;121;3;12;0
1798;D33;D44;0.25;12;124;89;35;9;3
1799;D33;D45;0.666666666666667;12;124;120;4;4;8
1800;D33;D46;0.25;12;124;89;35;9;3
1801;D33;D47;0.583333333333333;12;124;119;5;5;7
1802;D33;D48;0.0833333333333333;12;124;99;25;11;1
1803;D33;D49;0.75;12;124;120;4;3;9
1804;D33;D5;0;12;124;121;3;12;0
1805;D33;D50;0;12;124;122;2;12;0
1806;D33;D51;0;12;124;123;1;12;0
1807;D33;D52;0;12;124;122;2;12;0
1808;D33;D53;0;12;124;122;2;12;0
1809;D33;D9;0;12;124;123;1;12;0
1810;D34;Fuma;1;3;125;82;43;0;3
1811;D34;Cirurgia_coluna;1;2;116;63;53;0;2
1812;D34;Aposentado;0.333333333333333;3;129;99;30;2;1
1813;D34;Desempregado;0.666666666666667;3;127;104;23;1;2
1814;D34;Licenca_Medica;0.666666666666667;3;129;113;16;1;2
1815;D34;Aposentado_Invalidez;0;3;128;120;8;3;0
1816;D34;Analgésicos;0.666666666666667;3;127;41;86;1;2
1817;D34;OutraDoenca;0.333333333333333;3;127;78;49;2;1
1818;D34;Dor_costas;0.666666666666667;3;125;36;89;1;2
1819;D34;Dor_pernas;0.333333333333333;3;124;70;54;2;1
1820;D34;Retornar_trabalho;0;3;116;96;20;3;0
1821;D34;Masc;0.333333333333333;3;133;46;87;2;1
1822;D34;Fem;0.666666666666667;3;133;87;46;1;2
1823;D34;Casado_Amasiado;0.333333333333333;3;133;79;54;2;1
1824;D34;Solteiro;0.666666666666667;3;133;76;57;1;2
1825;D34;Separado_Divorciado;0;3;133;126;7;3;0
1826;D34;X4;0;3;133;130;3;3;0
1827;D34;X5;0;3;133;131;2;3;0
1828;D34;X6;0;3;133;123;10;3;0
1829;D34;Livrar_costas;1;2;98;14;84;0;2
1830;D34;Livrar_perna;0;2;98;84;14;2;0
1831;D34;Livrar_perda_sens;0;2;98;98;0;2;0
1832;D34;D1;0;3;133;132;1;3;0
1833;D34;D15;0.333333333333333;3;133;127;6;2;1
1834;D34;D16;0.333333333333333;3;133;114;19;2;1
1835;D34;D17;0;3;133;128;5;3;0
1836;D34;D18;0;3;133;117;16;3;0
1837;D34;D19;0;3;133;126;7;3;0
1838;D34;D2;0.666666666666667;3;133;127;6;1;2
1839;D34;D20;0;3;133;125;8;3;0
1840;D34;D21;0;3;133;126;7;3;0
1841;D34;D22;0;3;133;131;2;3;0
1842;D34;D23;0;3;133;131;2;3;0
1843;D34;D24;0.333333333333333;3;133;108;25;2;1
1844;D34;D25;0;3;133;129;4;3;0
1845;D34;D26;0;3;133;131;2;3;0
1846;D34;D27;0;3;133;128;5;3;0
1847;D34;D28;0;3;133;127;6;3;0
1848;D34;D29;0.333333333333333;3;133;92;41;2;1
1849;D34;D3;0;3;133;131;2;3;0
1850;D34;D30;0;3;133;71;62;3;0
1851;D34;D31;0.333333333333333;3;133;117;16;2;1
1852;D34;D32;0;3;133;96;37;3;0
1853;D34;D33;0;3;133;121;12;3;0
1854;D34;D34;1;3;133;133;0;0;3
1855;D34;D35;0.333333333333333;3;133;132;1;2;1
1856;D34;D36;0;3;133;125;8;3;0
1857;D34;D37;0.333333333333333;3;133;112;21;2;1
1858;D34;D38;0;3;133;130;3;3;0
1859;D34;D39;0;3;133;118;15;3;0
1860;D34;D4;0.333333333333333;3;133;130;3;2;1
1861;D34;D40;0;3;133;128;5;3;0
1862;D34;D41;0;3;133;126;7;3;0
1863;D34;D42;0;3;133;130;3;3;0
1864;D34;D43;0.333333333333333;3;133;131;2;2;1
1865;D34;D44;0;3;133;95;38;3;0
1866;D34;D45;0;3;133;121;12;3;0
1867;D34;D46;0;3;133;95;38;3;0
1868;D34;D47;0;3;133;121;12;3;0
1869;D34;D48;0;3;133;107;26;3;0
1870;D34;D49;0;3;133;120;13;3;0
1871;D34;D5;0.666666666666667;3;133;132;1;1;2
1872;D34;D50;0.666666666666667;3;133;133;0;1;2
1873;D34;D51;0.333333333333333;3;133;133;0;2;1
1874;D34;D52;0.333333333333333;3;133;132;1;2;1
1875;D34;D53;0.333333333333333;3;133;132;1;2;1
1876;D34;D9;0.333333333333333;3;133;133;0;2;1
1877;D35;Fuma;1;2;126;82;44;0;2
1878;D35;Cirurgia_coluna;1;2;116;63;53;0;2
1879;D35;Aposentado;0.5;2;130;100;30;1;1
1880;D35;Desempregado;1;2;128;105;23;0;2
1881;D35;Licenca_Medica;0.5;2;130;113;17;1;1
1882;D35;Aposentado_Invalidez;0;2;129;121;8;2;0
1883;D35;Analgésicos;1;2;128;42;86;0;2
1884;D35;OutraDoenca;0.5;2;128;79;49;1;1
1885;D35;Dor_costas;1;2;126;37;89;0;2
1886;D35;Dor_pernas;0.5;2;125;71;54;1;1
1887;D35;Retornar_trabalho;0;2;117;97;20;2;0
1888;D35;Masc;1;2;134;48;86;0;2
1889;D35;Fem;0;2;134;86;48;2;0
1890;D35;Casado_Amasiado;0;2;134;79;55;2;0
1891;D35;Solteiro;1;2;134;77;57;0;2
1892;D35;Separado_Divorciado;0;2;134;127;7;2;0
1893;D35;X4;0;2;134;131;3;2;0
1894;D35;X5;0;2;134;132;2;2;0
1895;D35;X6;0;2;134;124;10;2;0
1896;D35;Livrar_costas;1;1;99;14;85;0;1
1897;D35;Livrar_perna;0;1;99;85;14;1;0
1898;D35;Livrar_perda_sens;0;1;99;99;0;1;0
1899;D35;D1;0;2;134;133;1;2;0
1900;D35;D15;0.5;2;134;128;6;1;1
1901;D35;D16;0.5;2;134;115;19;1;1
1902;D35;D17;0;2;134;129;5;2;0
1903;D35;D18;0.5;2;134;119;15;1;1
1904;D35;D19;0;2;134;127;7;2;0
1905;D35;D2;0.5;2;134;127;7;1;1
1906;D35;D20;0;2;134;126;8;2;0
1907;D35;D21;0;2;134;127;7;2;0
1908;D35;D22;0;2;134;132;2;2;0
1909;D35;D23;0;2;134;132;2;2;0
1910;D35;D24;0;2;134;108;26;2;0
1911;D35;D25;0;2;134;130;4;2;0
1912;D35;D26;0;2;134;132;2;2;0
1913;D35;D27;0;2;134;129;5;2;0
1914;D35;D28;0;2;134;128;6;2;0
1915;D35;D29;0;2;134;92;42;2;0
1916;D35;D3;0;2;134;132;2;2;0
1917;D35;D30;0;2;134;72;62;2;0
1918;D35;D31;0;2;134;117;17;2;0
1919;D35;D32;0;2;134;97;37;2;0
1920;D35;D33;0;2;134;122;12;2;0
1921;D35;D34;0.5;2;134;132;2;1;1
1922;D35;D35;1;2;134;134;0;0;2
1923;D35;D36;0;2;134;126;8;2;0
1924;D35;D37;0.5;2;134;113;21;1;1
1925;D35;D38;0;2;134;131;3;2;0
1926;D35;D39;0;2;134;119;15;2;0
1927;D35;D4;1;2;134;132;2;0;2
1928;D35;D40;0;2;134;129;5;2;0
1929;D35;D41;0;2;134;127;7;2;0
1930;D35;D42;0;2;134;131;3;2;0
1931;D35;D43;0;2;134;131;3;2;0
1932;D35;D44;0;2;134;96;38;2;0
1933;D35;D45;0;2;134;122;12;2;0
1934;D35;D46;0;2;134;96;38;2;0
1935;D35;D47;0;2;134;122;12;2;0
1936;D35;D48;0;2;134;108;26;2;0
1937;D35;D49;0;2;134;121;13;2;0
1938;D35;D5;0.5;2;134;132;2;1;1
1939;D35;D50;0;2;134;132;2;2;0
1940;D35;D51;0.5;2;134;134;0;1;1
1941;D35;D52;0;2;134;132;2;2;0
1942;D35;D53;0;2;134;132;2;2;0
1943;D35;D9;0.5;2;134;134;0;1;1
1944;D36;Fuma;0.666666666666667;6;122;80;42;2;4
1945;D36;Cirurgia_coluna;1;6;112;63;49;0;6
1946;D36;Aposentado;0.285714285714286;7;125;96;29;5;2
1947;D36;Desempregado;0.285714285714286;7;123;100;23;5;2
1948;D36;Licenca_Medica;0.428571428571429;7;125;110;15;4;3
1949;D36;Aposentado_Invalidez;0;7;124;116;8;7;0
1950;D36;Analgésicos;0.375;8;122;37;85;5;3
1951;D36;OutraDoenca;0.375;8;122;75;47;5;3
1952;D36;Dor_costas;0.5;8;120;33;87;4;4
1953;D36;Dor_pernas;0.625;8;119;69;50;3;5
1954;D36;Retornar_trabalho;0;8;111;91;20;8;0
1955;D36;Masc;0.625;8;128;45;83;3;5
1956;D36;Fem;0.375;8;128;83;45;5;3
1957;D36;Casado_Amasiado;0.5;8;128;77;51;4;4
1958;D36;Solteiro;0.375;8;128;72;56;5;3
1959;D36;Separado_Divorciado;0;8;128;121;7;8;0
1960;D36;X4;0.125;8;128;126;2;7;1
1961;D36;X5;0;8;128;126;2;8;0
1962;D36;X6;0;8;128;118;10;8;0
1963;D36;Livrar_costas;0.571428571428571;7;93;11;82;3;4
1964;D36;Livrar_perna;0.428571428571429;7;93;82;11;4;3
1965;D36;Livrar_perda_sens;0;7;93;93;0;7;0
1966;D36;D1;0;8;128;127;1;8;0
1967;D36;D15;0.625;8;128;126;2;3;5
1968;D36;D16;0.125;8;128;109;19;7;1
1969;D36;D17;0.25;8;128;125;3;6;2
1970;D36;D18;0.25;8;128;114;14;6;2
1971;D36;D19;0;8;128;121;7;8;0
1972;D36;D2;0;8;128;120;8;8;0
1973;D36;D20;0;8;128;120;8;8;0
1974;D36;D21;0;8;128;121;7;8;0
1975;D36;D22;0;8;128;126;2;8;0
1976;D36;D23;0;8;128;126;2;8;0
1977;D36;D24;0;8;128;102;26;8;0
1978;D36;D25;0;8;128;124;4;8;0
1979;D36;D26;0;8;128;126;2;8;0
1980;D36;D27;0;8;128;123;5;8;0
1981;D36;D28;0;8;128;122;6;8;0
1982;D36;D29;0.5;8;128;90;38;4;4
1983;D36;D3;0;8;128;126;2;8;0
1984;D36;D30;0.25;8;128;68;60;6;2
1985;D36;D31;0.375;8;128;114;14;5;3
1986;D36;D32;0.125;8;128;92;36;7;1
1987;D36;D33;0.25;8;128;118;10;6;2
1988;D36;D34;0;8;128;125;3;8;0
1989;D36;D35;0;8;128;126;2;8;0
1990;D36;D36;1;8;128;128;0;0;8
1991;D36;D37;0.625;8;128;111;17;3;5
1992;D36;D38;0.375;8;128;128;0;5;3
1993;D36;D39;0.25;8;128;115;13;6;2
1994;D36;D4;0;8;128;124;4;8;0
1995;D36;D40;0.625;8;128;128;0;3;5
1996;D36;D41;0.5;8;128;125;3;4;4
1997;D36;D42;0;8;128;125;3;8;0
1998;D36;D43;0;8;128;125;3;8;0
1999;D36;D44;0.375;8;128;93;35;5;3
2000;D36;D45;0.25;8;128;118;10;6;2
2001;D36;D46;0.375;8;128;93;35;5;3
2002;D36;D47;0.375;8;128;119;9;5;3
2003;D36;D48;0.125;8;128;103;25;7;1
2004;D36;D49;0.25;8;128;117;11;6;2
2005;D36;D5;0;8;128;125;3;8;0
2006;D36;D50;0;8;128;126;2;8;0
2007;D36;D51;0;8;128;127;1;8;0
2008;D36;D52;0;8;128;126;2;8;0
2009;D36;D53;0;8;128;126;2;8;0
2010;D36;D9;0;8;128;127;1;8;0
2011;D37;Fuma;0.4;20;108;70;38;12;8
2012;D37;Cirurgia_coluna;0.526315789473684;19;99;54;45;9;10
2013;D37;Aposentado;0.409090909090909;22;110;88;22;13;9
2014;D37;Desempregado;0.136363636363636;22;108;86;22;19;3
2015;D37;Licenca_Medica;0.272727272727273;22;110;98;12;16;6
2016;D37;Aposentado_Invalidez;0.0909090909090909;22;109;103;6;20;2
2017;D37;Analgésicos;0.818181818181818;22;108;38;70;4;18
2018;D37;OutraDoenca;0.363636363636364;22;108;66;42;14;8
2019;D37;Dor_costas;0.863636363636364;22;106;34;72;3;19
2020;D37;Dor_pernas;0.863636363636364;22;105;69;36;3;19
2021;D37;Retornar_trabalho;0.35;20;99;86;13;13;7
2022;D37;Masc;0.772727272727273;22;114;43;71;5;17
2023;D37;Fem;0.227272727272727;22;114;71;43;17;5
2024;D37;Casado_Amasiado;0.5;22;114;70;44;11;11
2025;D37;Solteiro;0.318181818181818;22;114;62;52;15;7
2026;D37;Separado_Divorciado;0.0454545454545455;22;114;108;6;21;1
2027;D37;X4;0;22;114;111;3;22;0
2028;D37;X5;0;22;114;112;2;22;0
2029;D37;X6;0.136363636363636;22;114;107;7;19;3
2030;D37;Livrar_costas;0.85;20;80;11;69;3;17
2031;D37;Livrar_perna;0.15;20;80;69;11;17;3
2032;D37;Livrar_perda_sens;0;20;80;80;0;20;0
2033;D37;D1;0;22;114;113;1;22;0
2034;D37;D15;0.181818181818182;22;114;111;3;18;4
2035;D37;D16;0.818181818181818;22;114;112;2;4;18
2036;D37;D17;0.136363636363636;22;114;112;2;19;3
2037;D37;D18;0.136363636363636;22;114;101;13;19;3
2038;D37;D19;0.0454545454545455;22;114;108;6;21;1
2039;D37;D2;0.0454545454545455;22;114;107;7;21;1
2040;D37;D20;0;22;114;106;8;22;0
2041;D37;D21;0.0454545454545455;22;114;108;6;21;1
2042;D37;D22;0;22;114;112;2;22;0
2043;D37;D23;0;22;114;112;2;22;0
2044;D37;D24;0.0909090909090909;22;114;90;24;20;2
2045;D37;D25;0;22;114;110;4;22;0
2046;D37;D26;0;22;114;112;2;22;0
2047;D37;D27;0.0454545454545455;22;114;110;4;21;1
2048;D37;D28;0;22;114;108;6;22;0
2049;D37;D29;0.772727272727273;22;114;89;25;5;17
2050;D37;D3;0;22;114;112;2;22;0
2051;D37;D30;0.681818181818182;22;114;67;47;7;15
2052;D37;D31;0.0454545454545455;22;114;98;16;21;1
2053;D37;D32;0.727272727272727;22;114;93;21;6;16
2054;D37;D33;0;22;114;102;12;22;0
2055;D37;D34;0.0454545454545455;22;114;112;2;21;1
2056;D37;D35;0.0454545454545455;22;114;113;1;21;1
2057;D37;D36;0.227272727272727;22;114;111;3;17;5
2058;D37;D37;1;22;114;114;0;0;22
2059;D37;D38;0.0454545454545455;22;114;112;2;21;1
2060;D37;D39;0.681818181818182;22;114;114;0;7;15
2061;D37;D4;0.0454545454545455;22;114;111;3;21;1
2062;D37;D40;0.136363636363636;22;114;112;2;19;3
2063;D37;D41;0.318181818181818;22;114;114;0;15;7
2064;D37;D42;0;22;114;111;3;22;0
2065;D37;D43;0;22;114;111;3;22;0
2066;D37;D44;0.727272727272727;22;114;92;22;6;16
2067;D37;D45;0.0454545454545455;22;114;103;11;21;1
2068;D37;D46;0.772727272727273;22;114;93;21;5;17
2069;D37;D47;0.0454545454545455;22;114;103;11;21;1
2070;D37;D48;0.681818181818182;22;114;103;11;7;15
2071;D37;D49;0;22;114;101;13;22;0
2072;D37;D5;0.0454545454545455;22;114;112;2;21;1
2073;D37;D50;0;22;114;112;2;22;0
2074;D37;D51;0.0454545454545455;22;114;114;0;21;1
2075;D37;D52;0;22;114;112;2;22;0
2076;D37;D53;0;22;114;112;2;22;0
2077;D37;D9;0.0454545454545455;22;114;114;0;21;1
2078;D38;Fuma;1;3;125;82;43;0;3
2079;D38;Cirurgia_coluna;1;2;116;63;53;0;2
2080;D38;Aposentado;0;2;130;99;31;2;0
2081;D38;Desempregado;0;2;128;103;25;2;0
2082;D38;Licenca_Medica;0.5;2;130;113;17;1;1
2083;D38;Aposentado_Invalidez;0;2;129;121;8;2;0
2084;D38;Analgésicos;0.333333333333333;3;127;40;87;2;1
2085;D38;OutraDoenca;0.333333333333333;3;127;78;49;2;1
2086;D38;Dor_costas;0;3;125;34;91;3;0
2087;D38;Dor_pernas;1;3;124;72;52;0;3
2088;D38;Retornar_trabalho;0;3;116;96;20;3;0
2089;D38;Masc;0.333333333333333;3;133;46;87;2;1
2090;D38;Fem;0.666666666666667;3;133;87;46;1;2
2091;D38;Casado_Amasiado;0;3;133;78;55;3;0
2092;D38;Solteiro;0.666666666666667;3;133;76;57;1;2
2093;D38;Separado_Divorciado;0;3;133;126;7;3;0
2094;D38;X4;0.333333333333333;3;133;131;2;2;1
2095;D38;X5;0;3;133;131;2;3;0
2096;D38;X6;0;3;133;123;10;3;0
2097;D38;Livrar_costas;0;3;97;11;86;3;0
2098;D38;Livrar_perna;1;3;97;86;11;0;3
2099;D38;Livrar_perda_sens;0;3;97;97;0;3;0
2100;D38;D1;0;3;133;132;1;3;0
2101;D38;D15;0.666666666666667;3;133;128;5;1;2
2102;D38;D16;0;3;133;113;20;3;0
2103;D38;D17;0;3;133;128;5;3;0
2104;D38;D18;0;3;133;117;16;3;0
2105;D38;D19;0;3;133;126;7;3;0
2106;D38;D2;0;3;133;125;8;3;0
2107;D38;D20;0;3;133;125;8;3;0
2108;D38;D21;0;3;133;126;7;3;0
2109;D38;D22;0;3;133;131;2;3;0
2110;D38;D23;0;3;133;131;2;3;0
2111;D38;D24;0;3;133;107;26;3;0
2112;D38;D25;0;3;133;129;4;3;0
2113;D38;D26;0;3;133;131;2;3;0
2114;D38;D27;0;3;133;128;5;3;0
2115;D38;D28;0;3;133;127;6;3;0
2116;D38;D29;0;3;133;91;42;3;0
2117;D38;D3;0;3;133;131;2;3;0
2118;D38;D30;0;3;133;71;62;3;0
2119;D38;D31;0.666666666666667;3;133;118;15;1;2
2120;D38;D32;0;3;133;96;37;3;0
2121;D38;D33;0.666666666666667;3;133;123;10;1;2
2122;D38;D34;0;3;133;130;3;3;0
2123;D38;D35;0;3;133;131;2;3;0
2124;D38;D36;1;3;133;128;5;0;3
2125;D38;D37;0.333333333333333;3;133;112;21;2;1
2126;D38;D38;1;3;133;133;0;0;3
2127;D38;D39;0.333333333333333;3;133;119;14;2;1
2128;D38;D4;0;3;133;129;4;3;0
2129;D38;D40;1;3;133;131;2;0;3
2130;D38;D41;0.333333333333333;3;133;127;6;2;1
2131;D38;D42;0;3;133;130;3;3;0
2132;D38;D43;0;3;133;130;3;3;0
2133;D38;D44;0.333333333333333;3;133;96;37;2;1
2134;D38;D45;0.666666666666667;3;133;123;10;1;2
2135;D38;D46;0.333333333333333;3;133;96;37;2;1
2136;D38;D47;1;3;133;124;9;0;3
2137;D38;D48;0;3;133;107;26;3;0
2138;D38;D49;0.666666666666667;3;133;122;11;1;2
2139;D38;D5;0;3;133;130;3;3;0
2140;D38;D50;0;3;133;131;2;3;0
2141;D38;D51;0;3;133;132;1;3;0
2142;D38;D52;0;3;133;131;2;3;0
2143;D38;D53;0;3;133;131;2;3;0
2144;D38;D9;0;3;133;132;1;3;0
2145;D39;Fuma;0.333333333333333;15;113;72;41;10;5
2146;D39;Cirurgia_coluna;0.428571428571429;14;104;55;49;8;6
2147;D39;Aposentado;0.466666666666667;15;117;93;24;8;7
2148;D39;Desempregado;0.0666666666666667;15;115;91;24;14;1
2149;D39;Licenca_Medica;0.0666666666666667;15;117;100;17;14;1
2150;D39;Aposentado_Invalidez;0.0666666666666667;15;116;109;7;14;1
2151;D39;Analgésicos;0.933333333333333;15;115;41;74;1;14
2152;D39;OutraDoenca;0.466666666666667;15;115;72;43;8;7
2153;D39;Dor_costas;0.8;15;113;34;79;3;12
2154;D39;Dor_pernas;0.866666666666667;15;112;70;42;2;13
2155;D39;Retornar_trabalho;0.357142857142857;14;105;90;15;9;5
2156;D39;Masc;0.733333333333333;15;121;44;77;4;11
2157;D39;Fem;0.266666666666667;15;121;77;44;11;4
2158;D39;Casado_Amasiado;0.533333333333333;15;121;74;47;7;8
2159;D39;Solteiro;0.2;15;121;65;56;12;3
2160;D39;Separado_Divorciado;0.0666666666666667;15;121;115;6;14;1
2161;D39;X4;0;15;121;118;3;15;0
2162;D39;X5;0;15;121;119;2;15;0
2163;D39;X6;0.2;15;121;114;7;12;3
2164;D39;Livrar_costas;0.785714285714286;14;86;11;75;3;11
2165;D39;Livrar_perna;0.214285714285714;14;86;75;11;11;3
2166;D39;Livrar_perda_sens;0;14;86;86;0;14;0
2167;D39;D1;0;15;121;120;1;15;0
2168;D39;D15;0;15;121;114;7;15;0
2169;D39;D16;0.866666666666667;15;121;114;7;2;13
2170;D39;D17;0.0666666666666667;15;121;117;4;14;1
2171;D39;D18;0.0666666666666667;15;121;106;15;14;1
2172;D39;D19;0.0666666666666667;15;121;115;6;14;1
2173;D39;D2;0;15;121;113;8;15;0
2174;D39;D20;0;15;121;113;8;15;0
2175;D39;D21;0.0666666666666667;15;121;115;6;14;1
2176;D39;D22;0;15;121;119;2;15;0
2177;D39;D23;0;15;121;119;2;15;0
2178;D39;D24;0.0666666666666667;15;121;96;25;14;1
2179;D39;D25;0;15;121;117;4;15;0
2180;D39;D26;0;15;121;119;2;15;0
2181;D39;D27;0;15;121;116;5;15;0
2182;D39;D28;0;15;121;115;6;15;0
2183;D39;D29;0.8;15;121;91;30;3;12
2184;D39;D3;0;15;121;119;2;15;0
2185;D39;D30;0.8;15;121;71;50;3;12
2186;D39;D31;0;15;121;104;17;15;0
2187;D39;D32;0.866666666666667;15;121;97;24;2;13
2188;D39;D33;0;15;121;109;12;15;0
2189;D39;D34;0;15;121;118;3;15;0
2190;D39;D35;0;15;121;119;2;15;0
2191;D39;D36;0.133333333333333;15;121;115;6;13;2
2192;D39;D37;1;15;121;114;7;0;15
2193;D39;D38;0.0666666666666667;15;121;119;2;14;1
2194;D39;D39;1;15;121;121;0;0;15
2195;D39;D4;0;15;121;117;4;15;0
2196;D39;D40;0.0666666666666667;15;121;117;4;14;1
2197;D39;D41;0.266666666666667;15;121;118;3;11;4
2198;D39;D42;0;15;121;118;3;15;0
2199;D39;D43;0;15;121;118;3;15;0
2200;D39;D44;0.866666666666667;15;121;96;25;2;13
2201;D39;D45;0.0666666666666667;15;121;110;11;14;1
2202;D39;D46;1;15;121;98;23;0;15
2203;D39;D47;0.0666666666666667;15;121;110;11;14;1
2204;D39;D48;0.8;15;121;107;14;3;12
2205;D39;D49;0;15;121;108;13;15;0
2206;D39;D5;0;15;121;118;3;15;0
2207;D39;D50;0;15;121;119;2;15;0
2208;D39;D51;0;15;121;120;1;15;0
2209;D39;D52;0;15;121;119;2;15;0
2210;D39;D53;0;15;121;119;2;15;0
2211;D39;D9;0;15;121;120;1;15;0
2212;D4;Fuma;1;4;124;82;42;0;4
2213;D4;Cirurgia_coluna;0.666666666666667;3;115;62;53;1;2
2214;D4;Aposentado;0.25;4;128;98;30;3;1
2215;D4;Desempregado;0.75;4;126;104;22;1;3
2216;D4;Licenca_Medica;0.25;4;128;111;17;3;1
2217;D4;Aposentado_Invalidez;0.25;4;127;120;7;3;1
2218;D4;Analgésicos;1;4;126;42;84;0;4
2219;D4;OutraDoenca;0.75;4;126;79;47;1;3
2220;D4;Dor_costas;1;4;124;37;87;0;4
2221;D4;Dor_pernas;0.5;4;123;70;53;2;2
2222;D4;Retornar_trabalho;0.25;4;115;96;19;3;1
2223;D4;Masc;1;4;132;48;84;0;4
2224;D4;Fem;0;4;132;84;48;4;0
2225;D4;Casado_Amasiado;0;4;132;77;55;4;0
2226;D4;Solteiro;0.75;4;132;76;56;1;3
2227;D4;Separado_Divorciado;0;4;132;125;7;4;0
2228;D4;X4;0.25;4;132;130;2;3;1
2229;D4;X5;0;4;132;130;2;4;0
2230;D4;X6;0;4;132;122;10;4;0
2231;D4;Livrar_costas;1;2;98;14;84;0;2
2232;D4;Livrar_perna;0;2;98;84;14;2;0
2233;D4;Livrar_perda_sens;0;2;98;98;0;2;0
2234;D4;D1;0;4;132;131;1;4;0
2235;D4;D15;0.25;4;132;126;6;3;1
2236;D4;D16;0.25;4;132;113;19;3;1
2237;D4;D17;0;4;132;127;5;4;0
2238;D4;D18;0.5;4;132;118;14;2;2
2239;D4;D19;0.5;4;132;127;5;2;2
2240;D4;D2;0.75;4;132;127;5;1;3
2241;D4;D20;0;4;132;124;8;4;0
2242;D4;D21;0;4;132;125;7;4;0
2243;D4;D22;0;4;132;130;2;4;0
2244;D4;D23;0;4;132;130;2;4;0
2245;D4;D24;0.25;4;132;107;25;3;1
2246;D4;D25;0;4;132;128;4;4;0
2247;D4;D26;0;4;132;130;2;4;0
2248;D4;D27;0;4;132;127;5;4;0
2249;D4;D28;0;4;132;126;6;4;0
2250;D4;D29;0;4;132;90;42;4;0
2251;D4;D3;0.5;4;132;132;0;2;2
2252;D4;D30;0.25;4;132;71;61;3;1
2253;D4;D31;0;4;132;115;17;4;0
2254;D4;D32;0;4;132;95;37;4;0
2255;D4;D33;0;4;132;120;12;4;0
2256;D4;D34;0.25;4;132;130;2;3;1
2257;D4;D35;0.5;4;132;132;0;2;2
2258;D4;D36;0;4;132;124;8;4;0
2259;D4;D37;0.25;4;132;111;21;3;1
2260;D4;D38;0;4;132;129;3;4;0
2261;D4;D39;0;4;132;117;15;4;0
2262;D4;D4;1;4;132;132;0;0;4
2263;D4;D40;0;4;132;127;5;4;0
2264;D4;D41;0;4;132;125;7;4;0
2265;D4;D42;0;4;132;129;3;4;0
2266;D4;D43;0;4;132;129;3;4;0
2267;D4;D44;0;4;132;94;38;4;0
2268;D4;D45;0;4;132;120;12;4;0
2269;D4;D46;0.25;4;132;95;37;3;1
2270;D4;D47;0.25;4;132;121;11;3;1
2271;D4;D48;0;4;132;106;26;4;0
2272;D4;D49;0;4;132;119;13;4;0
2273;D4;D5;0.25;4;132;130;2;3;1
2274;D4;D50;0;4;132;130;2;4;0
2275;D4;D51;0.25;4;132;132;0;3;1
2276;D4;D52;0;4;132;130;2;4;0
2277;D4;D53;0;4;132;130;2;4;0
2278;D4;D9;0.25;4;132;132;0;3;1
2279;D40;Fuma;1;4;124;82;42;0;4
2280;D40;Cirurgia_coluna;1;4;114;63;51;0;4
2281;D40;Aposentado;0;4;128;97;31;4;0
2282;D40;Desempregado;0.25;4;126;102;24;3;1
2283;D40;Licenca_Medica;0.75;4;128;113;15;1;3
2284;D40;Aposentado_Invalidez;0;4;127;119;8;4;0
2285;D40;Analgésicos;0.4;5;125;39;86;3;2
2286;D40;OutraDoenca;0.2;5;125;76;49;4;1
2287;D40;Dor_costas;0.4;5;123;34;89;3;2
2288;D40;Dor_pernas;0.8;5;122;71;51;1;4
2289;D40;Retornar_trabalho;0;5;114;94;20;5;0
2290;D40;Masc;0.6;5;131;46;85;2;3
2291;D40;Fem;0.4;5;131;85;46;3;2
2292;D40;Casado_Amasiado;0.2;5;131;77;54;4;1
2293;D40;Solteiro;0.6;5;131;75;56;2;3
2294;D40;Separado_Divorciado;0;5;131;124;7;5;0
2295;D40;X4;0.2;5;131;129;2;4;1
2296;D40;X5;0;5;131;129;2;5;0
2297;D40;X6;0;5;131;121;10;5;0
2298;D40;Livrar_costas;0.25;4;96;11;85;3;1
2299;D40;Livrar_perna;0.75;4;96;85;11;1;3
2300;D40;Livrar_perda_sens;0;4;96;96;0;4;0
2301;D40;D1;0;5;131;130;1;5;0
2302;D40;D15;0.8;5;131;128;3;1;4
2303;D40;D16;0;5;131;111;20;5;0
2304;D40;D17;0.4;5;131;128;3;3;2
2305;D40;D18;0.4;5;131;117;14;3;2
2306;D40;D19;0;5;131;124;7;5;0
2307;D40;D2;0;5;131;123;8;5;0
2308;D40;D20;0;5;131;123;8;5;0
2309;D40;D21;0;5;131;124;7;5;0
2310;D40;D22;0;5;131;129;2;5;0
2311;D40;D23;0;5;131;129;2;5;0
2312;D40;D24;0;5;131;105;26;5;0
2313;D40;D25;0;5;131;127;4;5;0
2314;D40;D26;0;5;131;129;2;5;0
2315;D40;D27;0;5;131;126;5;5;0
2316;D40;D28;0;5;131;125;6;5;0
2317;D40;D29;0.4;5;131;91;40;3;2
2318;D40;D3;0;5;131;129;2;5;0
2319;D40;D30;0.2;5;131;70;61;4;1
2320;D40;D31;0.6;5;131;117;14;2;3
2321;D40;D32;0;5;131;94;37;5;0
2322;D40;D33;0.4;5;131;121;10;3;2
2323;D40;D34;0;5;131;128;3;5;0
2324;D40;D35;0;5;131;129;2;5;0
2325;D40;D36;1;5;131;128;3;0;5
2326;D40;D37;0.6;5;131;112;19;2;3
2327;D40;D38;0.6;5;131;131;0;2;3
2328;D40;D39;0.2;5;131;117;14;4;1
2329;D40;D4;0;5;131;127;4;5;0
2330;D40;D40;1;5;131;131;0;0;5
2331;D40;D41;0.6;5;131;127;4;2;3
2332;D40;D42;0;5;131;128;3;5;0
2333;D40;D43;0;5;131;128;3;5;0
2334;D40;D44;0.2;5;131;94;37;4;1
2335;D40;D45;0.4;5;131;121;10;3;2
2336;D40;D46;0.2;5;131;94;37;4;1
2337;D40;D47;0.6;5;131;122;9;2;3
2338;D40;D48;0;5;131;105;26;5;0
2339;D40;D49;0.4;5;131;120;11;3;2
2340;D40;D5;0;5;131;128;3;5;0
2341;D40;D50;0;5;131;129;2;5;0
2342;D40;D51;0;5;131;130;1;5;0
2343;D40;D52;0;5;131;129;2;5;0
2344;D40;D53;0;5;131;129;2;5;0
2345;D40;D9;0;5;131;130;1;5;0
2346;D41;Fuma;0.6;5;123;80;43;2;3
2347;D41;Cirurgia_coluna;0.833333333333333;6;112;62;50;1;5
2348;D41;Aposentado;0.285714285714286;7;125;96;29;5;2
2349;D41;Desempregado;0.142857142857143;7;123;99;24;6;1
2350;D41;Licenca_Medica;0.428571428571429;7;125;110;15;4;3
2351;D41;Aposentado_Invalidez;0.142857142857143;7;124;117;7;6;1
2352;D41;Analgésicos;0.714285714285714;7;123;40;83;2;5
2353;D41;OutraDoenca;0.285714285714286;7;123;75;48;5;2
2354;D41;Dor_costas;0.714285714285714;7;121;35;86;2;5
2355;D41;Dor_pernas;0.857142857142857;7;120;71;49;1;6
2356;D41;Retornar_trabalho;0.285714285714286;7;112;94;18;5;2
2357;D41;Masc;1;7;129;48;81;0;7
2358;D41;Fem;0;7;129;81;48;7;0
2359;D41;Casado_Amasiado;0.428571428571429;7;129;77;52;4;3
2360;D41;Solteiro;0.428571428571429;7;129;73;56;4;3
2361;D41;Separado_Divorciado;0;7;129;122;7;7;0
2362;D41;X4;0;7;129;126;3;7;0
2363;D41;X5;0;7;129;127;2;7;0
2364;D41;X6;0.142857142857143;7;129;120;9;6;1
2365;D41;Livrar_costas;0.833333333333333;6;94;13;81;1;5
2366;D41;Livrar_perna;0.166666666666667;6;94;81;13;5;1
2367;D41;Livrar_perda_sens;0;6;94;94;0;6;0
2368;D41;D1;0;7;129;128;1;7;0
2369;D41;D15;0.428571428571429;7;129;125;4;4;3
2370;D41;D16;0.571428571428571;7;129;113;16;3;4
2371;D41;D17;0.285714285714286;7;129;126;3;5;2
2372;D41;D18;0.285714285714286;7;129;115;14;5;2
2373;D41;D19;0;7;129;122;7;7;0
2374;D41;D2;0;7;129;121;8;7;0
2375;D41;D20;0;7;129;121;8;7;0
2376;D41;D21;0;7;129;122;7;7;0
2377;D41;D22;0;7;129;127;2;7;0
2378;D41;D23;0;7;129;127;2;7;0
2379;D41;D24;0;7;129;103;26;7;0
2380;D41;D25;0;7;129;125;4;7;0
2381;D41;D26;0;7;129;127;2;7;0
2382;D41;D27;0;7;129;124;5;7;0
2383;D41;D28;0;7;129;123;6;7;0
2384;D41;D29;0.857142857142857;7;129;93;36;1;6
2385;D41;D3;0;7;129;127;2;7;0
2386;D41;D30;0.571428571428571;7;129;71;58;3;4
2387;D41;D31;0.142857142857143;7;129;113;16;6;1
2388;D41;D32;0.571428571428571;7;129;96;33;3;4
2389;D41;D33;0;7;129;117;12;7;0
2390;D41;D34;0;7;129;126;3;7;0
2391;D41;D35;0;7;129;127;2;7;0
2392;D41;D36;0.571428571428571;7;129;125;4;3;4
2393;D41;D37;1;7;129;114;15;0;7
2394;D41;D38;0.142857142857143;7;129;127;2;6;1
2395;D41;D39;0.571428571428571;7;129;118;11;3;4
2396;D41;D4;0;7;129;125;4;7;0
2397;D41;D40;0.428571428571429;7;129;127;2;4;3
2398;D41;D41;1;7;129;129;0;0;7
2399;D41;D42;0;7;129;126;3;7;0
2400;D41;D43;0;7;129;126;3;7;0
2401;D41;D44;0.571428571428571;7;129;95;34;3;4
2402;D41;D45;0.142857142857143;7;129;118;11;6;1
2403;D41;D46;0.714285714285714;7;129;96;33;2;5
2404;D41;D47;0.142857142857143;7;129;118;11;6;1
2405;D41;D48;0.571428571428571;7;129;107;22;3;4
2406;D41;D49;0;7;129;116;13;7;0
2407;D41;D5;0;7;129;126;3;7;0
2408;D41;D50;0;7;129;127;2;7;0
2409;D41;D51;0;7;129;128;1;7;0
2410;D41;D52;0;7;129;127;2;7;0
2411;D41;D53;0;7;129;127;2;7;0
2412;D41;D9;0;7;129;128;1;7;0
2413;D42;Fuma;0.333333333333333;3;125;80;45;2;1
2414;D42;Cirurgia_coluna;0;2;116;61;55;2;0
2415;D42;Aposentado;0.333333333333333;3;129;99;30;2;1
2416;D42;Desempregado;0.333333333333333;3;127;103;24;2;1
2417;D42;Licenca_Medica;0.333333333333333;3;129;112;17;2;1
2418;D42;Aposentado_Invalidez;0;3;128;120;8;3;0
2419;D42;Analgésicos;0.5;2;128;41;87;1;1
2420;D42;OutraDoenca;0;3;127;77;50;3;0
2421;D42;Dor_costas;1;3;125;37;88;0;3
2422;D42;Dor_pernas;0;3;124;69;55;3;0
2423;D42;Retornar_trabalho;0.333333333333333;3;116;97;19;2;1
2424;D42;Masc;1;3;133;48;85;0;3
2425;D42;Fem;0;3;133;85;48;3;0
2426;D42;Casado_Amasiado;0.666666666666667;3;133;80;53;1;2
2427;D42;Solteiro;0.333333333333333;3;133;75;58;2;1
2428;D42;Separado_Divorciado;0;3;133;126;7;3;0
2429;D42;X4;0;3;133;130;3;3;0
2430;D42;X5;0;3;133;131;2;3;0
2431;D42;X6;0;3;133;123;10;3;0
2432;D42;Livrar_costas;1;2;98;14;84;0;2
2433;D42;Livrar_perna;0;2;98;84;14;2;0
2434;D42;Livrar_perda_sens;0;2;98;98;0;2;0
2435;D42;D1;0;3;133;132;1;3;0
2436;D42;D15;0;3;133;126;7;3;0
2437;D42;D16;0;3;133;113;20;3;0
2438;D42;D17;0;3;133;128;5;3;0
2439;D42;D18;0.666666666666667;3;133;119;14;1;2
2440;D42;D19;0.666666666666667;3;133;128;5;1;2
2441;D42;D2;0;3;133;125;8;3;0
2442;D42;D20;0.666666666666667;3;133;127;6;1;2
2443;D42;D21;0.333333333333333;3;133;127;6;2;1
2444;D42;D22;0.666666666666667;3;133;133;0;1;2
2445;D42;D23;0;3;133;131;2;3;0
2446;D42;D24;0;3;133;107;26;3;0
2447;D42;D25;0;3;133;129;4;3;0
2448;D42;D26;0.333333333333333;3;133;132;1;2;1
2449;D42;D27;0;3;133;128;5;3;0
2450;D42;D28;0;3;133;127;6;3;0
2451;D42;D29;0;3;133;91;42;3;0
2452;D42;D3;0;3;133;131;2;3;0
2453;D42;D30;0.333333333333333;3;133;72;61;2;1
2454;D42;D31;0;3;133;116;17;3;0
2455;D42;D32;0.333333333333333;3;133;97;36;2;1
2456;D42;D33;0;3;133;121;12;3;0
2457;D42;D34;0;3;133;130;3;3;0
2458;D42;D35;0;3;133;131;2;3;0
2459;D42;D36;0;3;133;125;8;3;0
2460;D42;D37;0;3;133;111;22;3;0
2461;D42;D38;0;3;133;130;3;3;0
2462;D42;D39;0;3;133;118;15;3;0
2463;D42;D4;0;3;133;129;4;3;0
2464;D42;D40;0;3;133;128;5;3;0
2465;D42;D41;0;3;133;126;7;3;0
2466;D42;D42;1;3;133;133;0;0;3
2467;D42;D43;0.333333333333333;3;133;131;2;2;1
2468;D42;D44;0.333333333333333;3;133;96;37;2;1
2469;D42;D45;0;3;133;121;12;3;0
2470;D42;D46;0;3;133;95;38;3;0
2471;D42;D47;0;3;133;121;12;3;0
2472;D42;D48;0;3;133;107;26;3;0
2473;D42;D49;0;3;133;120;13;3;0
2474;D42;D5;0;3;133;130;3;3;0
2475;D42;D50;0;3;133;131;2;3;0
2476;D42;D51;0;3;133;132;1;3;0
2477;D42;D52;0.333333333333333;3;133;132;1;2;1
2478;D42;D53;0;3;133;131;2;3;0
2479;D42;D9;0;3;133;132;1;3;0
2480;D43;Fuma;0.666666666666667;3;125;81;44;1;2
2481;D43;Cirurgia_coluna;0.5;2;116;62;54;1;1
2482;D43;Aposentado;0.333333333333333;3;129;99;30;2;1
2483;D43;Desempregado;0.333333333333333;3;127;103;24;2;1
2484;D43;Licenca_Medica;0.333333333333333;3;129;112;17;2;1
2485;D43;Aposentado_Invalidez;0;3;128;120;8;3;0
2486;D43;Analgésicos;1;3;127;42;85;0;3
2487;D43;OutraDoenca;0;3;127;77;50;3;0
2488;D43;Dor_costas;0.666666666666667;3;125;36;89;1;2
2489;D43;Dor_pernas;0;3;124;69;55;3;0
2490;D43;Retornar_trabalho;0.333333333333333;3;116;97;19;2;1
2491;D43;Masc;0.333333333333333;3;133;46;87;2;1
2492;D43;Fem;0.666666666666667;3;133;87;46;1;2
2493;D43;Casado_Amasiado;1;3;133;81;52;0;3
2494;D43;Solteiro;0;3;133;74;59;3;0
2495;D43;Separado_Divorciado;0;3;133;126;7;3;0
2496;D43;X4;0;3;133;130;3;3;0
2497;D43;X5;0;3;133;131;2;3;0
2498;D43;X6;0;3;133;123;10;3;0
2499;D43;Livrar_costas;1;2;98;14;84;0;2
2500;D43;Livrar_perna;0;2;98;84;14;2;0
2501;D43;Livrar_perda_sens;0;2;98;98;0;2;0
2502;D43;D1;0;3;133;132;1;3;0
2503;D43;D15;0;3;133;126;7;3;0
2504;D43;D16;0;3;133;113;20;3;0
2505;D43;D17;0;3;133;128;5;3;0
2506;D43;D18;0.666666666666667;3;133;119;14;1;2
2507;D43;D19;0.333333333333333;3;133;127;6;2;1
2508;D43;D2;0.333333333333333;3;133;126;7;2;1
2509;D43;D20;0.666666666666667;3;133;127;6;1;2
2510;D43;D21;0.666666666666667;3;133;128;5;1;2
2511;D43;D22;0.333333333333333;3;133;132;1;2;1
2512;D43;D23;0;3;133;131;2;3;0
2513;D43;D24;0;3;133;107;26;3;0
2514;D43;D25;0;3;133;129;4;3;0
2515;D43;D26;0.333333333333333;3;133;132;1;2;1
2516;D43;D27;0;3;133;128;5;3;0
2517;D43;D28;0.333333333333333;3;133;128;5;2;1
2518;D43;D29;0;3;133;91;42;3;0
2519;D43;D3;0;3;133;131;2;3;0
2520;D43;D30;0.333333333333333;3;133;72;61;2;1
2521;D43;D31;0;3;133;116;17;3;0
2522;D43;D32;0;3;133;96;37;3;0
2523;D43;D33;0;3;133;121;12;3;0
2524;D43;D34;0.333333333333333;3;133;131;2;2;1
2525;D43;D35;0;3;133;131;2;3;0
2526;D43;D36;0;3;133;125;8;3;0
2527;D43;D37;0;3;133;111;22;3;0
2528;D43;D38;0;3;133;130;3;3;0
2529;D43;D39;0;3;133;118;15;3;0
2530;D43;D4;0;3;133;129;4;3;0
2531;D43;D40;0;3;133;128;5;3;0
2532;D43;D41;0;3;133;126;7;3;0
2533;D43;D42;0.333333333333333;3;133;131;2;2;1
2534;D43;D43;1;3;133;133;0;0;3
2535;D43;D44;0;3;133;95;38;3;0
2536;D43;D45;0;3;133;121;12;3;0
2537;D43;D46;0;3;133;95;38;3;0
2538;D43;D47;0;3;133;121;12;3;0
2539;D43;D48;0;3;133;107;26;3;0
2540;D43;D49;0;3;133;120;13;3;0
2541;D43;D5;0;3;133;130;3;3;0
2542;D43;D50;0.333333333333333;3;133;132;1;2;1
2543;D43;D51;0;3;133;132;1;3;0
2544;D43;D52;0.333333333333333;3;133;132;1;2;1
2545;D43;D53;0.666666666666667;3;133;133;0;1;2
2546;D43;D9;0;3;133;132;1;3;0
2547;D44;Fuma;0.297297297297297;37;91;56;35;26;11
2548;D44;Cirurgia_coluna;0.514285714285714;35;83;46;37;17;18
2549;D44;Aposentado;0.315789473684211;38;94;75;19;26;12
2550;D44;Desempregado;0.0789473684210526;38;92;70;22;35;3
2551;D44;Licenca_Medica;0.157894736842105;38;94;82;12;32;6
2552;D44;Aposentado_Invalidez;0.108108108108108;37;94;90;4;33;4
2553;D44;Analgésicos;0.868421052631579;38;92;37;55;5;33
2554;D44;OutraDoenca;0.378378378378378;37;93;57;36;23;14
2555;D44;Dor_costas;0.891891891891892;37;91;33;58;4;33
2556;D44;Dor_pernas;0.837837837837838;37;90;66;24;6;31
2557;D44;Retornar_trabalho;0.205882352941176;34;85;72;13;27;7
2558;D44;Masc;0.763157894736842;38;98;39;59;9;29
2559;D44;Fem;0.236842105263158;38;98;59;39;29;9
2560;D44;Casado_Amasiado;0.5;38;98;62;36;19;19
2561;D44;Solteiro;0.315789473684211;38;98;51;47;26;12
2562;D44;Separado_Divorciado;0.0526315789473684;38;98;93;5;36;2
2563;D44;X4;0;38;98;95;3;38;0
2564;D44;X5;0;38;98;96;2;38;0
2565;D44;X6;0.131578947368421;38;98;93;5;33;5
2566;D44;Livrar_costas;0.777777777777778;36;64;6;58;8;28
2567;D44;Livrar_perna;0.222222222222222;36;64;58;6;28;8
2568;D44;Livrar_perda_sens;0;36;64;64;0;36;0
2569;D44;D1;0;38;98;97;1;38;0
2570;D44;D15;0.0526315789473684;38;98;93;5;36;2
2571;D44;D16;0.421052631578947;38;98;94;4;22;16
2572;D44;D17;0;38;98;93;5;38;0
2573;D44;D18;0;38;98;82;16;38;0
2574;D44;D19;0;38;98;91;7;38;0
2575;D44;D2;0.0263157894736842;38;98;91;7;37;1
2576;D44;D20;0;38;98;90;8;38;0
2577;D44;D21;0;38;98;91;7;38;0
2578;D44;D22;0;38;98;96;2;38;0
2579;D44;D23;0.0263157894736842;38;98;97;1;37;1
2580;D44;D24;0.0789473684210526;38;98;75;23;35;3
2581;D44;D25;0;38;98;94;4;38;0
2582;D44;D26;0;38;98;96;2;38;0
2583;D44;D27;0.0526315789473684;38;98;95;3;36;2
2584;D44;D28;0;38;98;92;6;38;0
2585;D44;D29;0.815789473684211;38;98;87;11;7;31
2586;D44;D3;0;38;98;96;2;38;0
2587;D44;D30;0.868421052631579;38;98;69;29;5;33
2588;D44;D31;0.105263157894737;38;98;85;13;34;4
2589;D44;D32;0.842105263157895;38;98;93;5;6;32
2590;D44;D33;0.0789473684210526;38;98;89;9;35;3
2591;D44;D34;0;38;98;95;3;38;0
2592;D44;D35;0;38;98;96;2;38;0
2593;D44;D36;0.0789473684210526;38;98;93;5;35;3
2594;D44;D37;0.421052631578947;38;98;92;6;22;16
2595;D44;D38;0.0263157894736842;38;98;96;2;37;1
2596;D44;D39;0.342105263157895;38;98;96;2;25;13
2597;D44;D4;0;38;98;94;4;38;0
2598;D44;D40;0.0263157894736842;38;98;94;4;37;1
2599;D44;D41;0.105263157894737;38;98;95;3;34;4
2600;D44;D42;0.0263157894736842;38;98;96;2;37;1
2601;D44;D43;0;38;98;95;3;38;0
2602;D44;D44;1;38;98;98;0;0;38
2603;D44;D45;0.184210526315789;38;98;93;5;31;7
2604;D44;D46;0.894736842105263;38;98;94;4;4;34
2605;D44;D47;0.157894736842105;38;98;92;6;32;6
2606;D44;D48;0.578947368421053;38;98;94;4;16;22
2607;D44;D49;0.157894736842105;38;98;91;7;32;6
2608;D44;D5;0.0263157894736842;38;98;96;2;37;1
2609;D44;D50;0;38;98;96;2;38;0
2610;D44;D51;0;38;98;97;1;38;0
2611;D44;D52;0.0263157894736842;38;98;97;1;37;1
2612;D44;D53;0;38;98;96;2;38;0
2613;D44;D9;0;38;98;97;1;38;0
2614;D45;Fuma;0.545454545454545;11;117;77;40;5;6
2615;D45;Cirurgia_coluna;0.7;10;108;60;48;3;7
2616;D45;Aposentado;0.181818181818182;11;121;92;29;9;2
2617;D45;Desempregado;0.0909090909090909;11;119;95;24;10;1
2618;D45;Licenca_Medica;0.0909090909090909;11;121;104;17;10;1
2619;D45;Aposentado_Invalidez;0.1;10;121;114;7;9;1
2620;D45;Analgésicos;0.75;12;118;39;79;3;9
2621;D45;OutraDoenca;0.416666666666667;12;118;73;45;7;5
2622;D45;Dor_costas;0.75;12;116;34;82;3;9
2623;D45;Dor_pernas;1;12;115;72;43;0;12
2624;D45;Retornar_trabalho;0.2;10;109;91;18;8;2
2625;D45;Masc;0.666666666666667;12;124;44;80;4;8
2626;D45;Fem;0.333333333333333;12;124;80;44;8;4
2627;D45;Casado_Amasiado;0.166666666666667;12;124;71;53;10;2
2628;D45;Solteiro;0.75;12;124;74;50;3;9
2629;D45;Separado_Divorciado;0;12;124;117;7;12;0
2630;D45;X4;0;12;124;121;3;12;0
2631;D45;X5;0;12;124;122;2;12;0
2632;D45;X6;0.0833333333333333;12;124;115;9;11;1
2633;D45;Livrar_costas;0.666666666666667;12;88;10;78;4;8
2634;D45;Livrar_perna;0.333333333333333;12;88;78;10;8;4
2635;D45;Livrar_perda_sens;0;12;88;88;0;12;0
2636;D45;D1;0;12;124;123;1;12;0
2637;D45;D15;0.166666666666667;12;124;119;5;10;2
2638;D45;D16;0.166666666666667;12;124;106;18;10;2
2639;D45;D17;0;12;124;119;5;12;0
2640;D45;D18;0;12;124;108;16;12;0
2641;D45;D19;0;12;124;117;7;12;0
2642;D45;D2;0.0833333333333333;12;124;117;7;11;1
2643;D45;D20;0;12;124;116;8;12;0
2644;D45;D21;0;12;124;117;7;12;0
2645;D45;D22;0;12;124;122;2;12;0
2646;D45;D23;0.0833333333333333;12;124;123;1;11;1
2647;D45;D24;0.0833333333333333;12;124;99;25;11;1
2648;D45;D25;0;12;124;120;4;12;0
2649;D45;D26;0;12;124;122;2;12;0
2650;D45;D27;0;12;124;119;5;12;0
2651;D45;D28;0;12;124;118;6;12;0
2652;D45;D29;0.25;12;124;85;39;9;3
2653;D45;D3;0;12;124;122;2;12;0
2654;D45;D30;0.833333333333333;12;124;72;52;2;10
2655;D45;D31;0.583333333333333;12;124;114;10;5;7
2656;D45;D32;0.25;12;124;90;34;9;3
2657;D45;D33;0.666666666666667;12;124;120;4;4;8
2658;D45;D34;0;12;124;121;3;12;0
2659;D45;D35;0;12;124;122;2;12;0
2660;D45;D36;0.166666666666667;12;124;118;6;10;2
2661;D45;D37;0.0833333333333333;12;124;103;21;11;1
2662;D45;D38;0.166666666666667;12;124;123;1;10;2
2663;D45;D39;0.0833333333333333;12;124;110;14;11;1
2664;D45;D4;0;12;124;120;4;12;0
2665;D45;D40;0.166666666666667;12;124;121;3;10;2
2666;D45;D41;0.0833333333333333;12;124;118;6;11;1
2667;D45;D42;0;12;124;121;3;12;0
2668;D45;D43;0;12;124;121;3;12;0
2669;D45;D44;0.583333333333333;12;124;93;31;5;7
2670;D45;D45;1;12;124;124;0;0;12
2671;D45;D46;0.583333333333333;12;124;93;31;5;7
2672;D45;D47;0.833333333333333;12;124;122;2;2;10
2673;D45;D48;0.25;12;124;101;23;9;3
2674;D45;D49;0.666666666666667;12;124;119;5;4;8
2675;D45;D5;0.0833333333333333;12;124;122;2;11;1
2676;D45;D50;0;12;124;122;2;12;0
2677;D45;D51;0;12;124;123;1;12;0
2678;D45;D52;0;12;124;122;2;12;0
2679;D45;D53;0;12;124;122;2;12;0
2680;D45;D9;0;12;124;123;1;12;0
2681;D46;Fuma;0.297297297297297;37;91;56;35;26;11
2682;D46;Cirurgia_coluna;0.5;34;84;46;38;17;17
2683;D46;Aposentado;0.289473684210526;38;94;74;20;27;11
2684;D46;Desempregado;0.105263157894737;38;92;71;21;34;4
2685;D46;Licenca_Medica;0.105263157894737;38;94;80;14;34;4
2686;D46;Aposentado_Invalidez;0.131578947368421;38;93;90;3;33;5
2687;D46;Analgésicos;0.868421052631579;38;92;37;55;5;33
2688;D46;OutraDoenca;0.459459459459459;37;93;60;33;20;17
2689;D46;Dor_costas;0.837837837837838;37;91;31;60;6;31
2690;D46;Dor_pernas;0.864864864864865;37;90;67;23;5;32
2691;D46;Retornar_trabalho;0.257142857142857;35;84;73;11;26;9
2692;D46;Masc;0.736842105263158;38;98;38;60;10;28
2693;D46;Fem;0.263157894736842;38;98;60;38;28;10
2694;D46;Casado_Amasiado;0.5;38;98;62;36;19;19
2695;D46;Solteiro;0.289473684210526;38;98;50;48;27;11
2696;D46;Separado_Divorciado;0.0526315789473684;38;98;93;5;36;2
2697;D46;X4;0;38;98;95;3;38;0
2698;D46;X5;0;38;98;96;2;38;0
2699;D46;X6;0.157894736842105;38;98;94;4;32;6
2700;D46;Livrar_costas;0.75;36;64;5;59;9;27
2701;D46;Livrar_perna;0.25;36;64;59;5;27;9
2702;D46;Livrar_perda_sens;0;36;64;64;0;36;0
2703;D46;D1;0;38;98;97;1;38;0
2704;D46;D15;0.0526315789473684;38;98;93;5;36;2
2705;D46;D16;0.421052631578947;38;98;94;4;22;16
2706;D46;D17;0.0263157894736842;38;98;94;4;37;1
2707;D46;D18;0.0526315789473684;38;98;84;14;36;2
2708;D46;D19;0.0526315789473684;38;98;93;5;36;2
2709;D46;D2;0.0526315789473684;38;98;92;6;36;2
2710;D46;D20;0;38;98;90;8;38;0
2711;D46;D21;0.0263157894736842;38;98;92;6;37;1
2712;D46;D22;0;38;98;96;2;38;0
2713;D46;D23;0.0263157894736842;38;98;97;1;37;1
2714;D46;D24;0.131578947368421;38;98;77;21;33;5
2715;D46;D25;0;38;98;94;4;38;0
2716;D46;D26;0;38;98;96;2;38;0
2717;D46;D27;0.0263157894736842;38;98;94;4;37;1
2718;D46;D28;0;38;98;92;6;38;0
2719;D46;D29;0.789473684210526;38;98;86;12;8;30
2720;D46;D3;0.0263157894736842;38;98;97;1;37;1
2721;D46;D30;0.868421052631579;38;98;69;29;5;33
2722;D46;D31;0.105263157894737;38;98;85;13;34;4
2723;D46;D32;0.789473684210526;38;98;91;7;8;30
2724;D46;D33;0.0789473684210526;38;98;89;9;35;3
2725;D46;D34;0;38;98;95;3;38;0
2726;D46;D35;0;38;98;96;2;38;0
2727;D46;D36;0.0789473684210526;38;98;93;5;35;3
2728;D46;D37;0.447368421052632;38;98;93;5;21;17
2729;D46;D38;0.0263157894736842;38;98;96;2;37;1
2730;D46;D39;0.394736842105263;38;98;98;0;23;15
2731;D46;D4;0.0263157894736842;38;98;95;3;37;1
2732;D46;D40;0.0263157894736842;38;98;94;4;37;1
2733;D46;D41;0.131578947368421;38;98;96;2;33;5
2734;D46;D42;0;38;98;95;3;38;0
2735;D46;D43;0;38;98;95;3;38;0
2736;D46;D44;0.894736842105263;38;98;94;4;4;34
2737;D46;D45;0.184210526315789;38;98;93;5;31;7
2738;D46;D46;1;38;98;98;0;0;38
2739;D46;D47;0.210526315789474;38;98;94;4;30;8
2740;D46;D48;0.631578947368421;38;98;96;2;14;24
2741;D46;D49;0.184210526315789;38;98;92;6;31;7
2742;D46;D5;0.0263157894736842;38;98;96;2;37;1
2743;D46;D50;0;38;98;96;2;38;0
2744;D46;D51;0;38;98;97;1;38;0
2745;D46;D52;0;38;98;96;2;38;0
2746;D46;D53;0;38;98;96;2;38;0
2747;D46;D9;0;38;98;97;1;38;0
2748;D47;Fuma;0.583333333333333;12;116;77;39;5;7
2749;D47;Cirurgia_coluna;0.666666666666667;9;109;60;49;3;6
2750;D47;Aposentado;0.0909090909090909;11;121;91;30;10;1
2751;D47;Desempregado;0.181818181818182;11;119;96;23;9;2
2752;D47;Licenca_Medica;0.0909090909090909;11;121;104;17;10;1
2753;D47;Aposentado_Invalidez;0.181818181818182;11;120;114;6;9;2
2754;D47;Analgésicos;0.666666666666667;12;118;38;80;4;8
2755;D47;OutraDoenca;0.416666666666667;12;118;73;45;7;5
2756;D47;Dor_costas;0.666666666666667;12;116;33;83;4;8
2757;D47;Dor_pernas;1;12;115;72;43;0;12
2758;D47;Retornar_trabalho;0.272727272727273;11;108;91;17;8;3
2759;D47;Masc;0.666666666666667;12;124;44;80;4;8
2760;D47;Fem;0.333333333333333;12;124;80;44;8;4
2761;D47;Casado_Amasiado;0.166666666666667;12;124;71;53;10;2
2762;D47;Solteiro;0.666666666666667;12;124;73;51;4;8
2763;D47;Separado_Divorciado;0;12;124;117;7;12;0
2764;D47;X4;0.0833333333333333;12;124;122;2;11;1
2765;D47;X5;0;12;124;122;2;12;0
2766;D47;X6;0.0833333333333333;12;124;115;9;11;1
2767;D47;Livrar_costas;0.583333333333333;12;88;9;79;5;7
2768;D47;Livrar_perna;0.416666666666667;12;88;79;9;7;5
2769;D47;Livrar_perda_sens;0;12;88;88;0;12;0
2770;D47;D1;0;12;124;123;1;12;0
2771;D47;D15;0.25;12;124;120;4;9;3
2772;D47;D16;0.0833333333333333;12;124;105;19;11;1
2773;D47;D17;0;12;124;119;5;12;0
2774;D47;D18;0.0833333333333333;12;124;109;15;11;1
2775;D47;D19;0.0833333333333333;12;124;118;6;11;1
2776;D47;D2;0.166666666666667;12;124;118;6;10;2
2777;D47;D20;0;12;124;116;8;12;0
2778;D47;D21;0;12;124;117;7;12;0
2779;D47;D22;0;12;124;122;2;12;0
2780;D47;D23;0.0833333333333333;12;124;123;1;11;1
2781;D47;D24;0.166666666666667;12;124;100;24;10;2
2782;D47;D25;0;12;124;120;4;12;0
2783;D47;D26;0;12;124;122;2;12;0
2784;D47;D27;0;12;124;119;5;12;0
2785;D47;D28;0;12;124;118;6;12;0
2786;D47;D29;0.25;12;124;85;39;9;3
2787;D47;D3;0.0833333333333333;12;124;123;1;11;1
2788;D47;D30;0.75;12;124;71;53;3;9
2789;D47;D31;0.666666666666667;12;124;115;9;4;8
2790;D47;D32;0.166666666666667;12;124;89;35;10;2
2791;D47;D33;0.583333333333333;12;124;119;5;5;7
2792;D47;D34;0;12;124;121;3;12;0
2793;D47;D35;0;12;124;122;2;12;0
2794;D47;D36;0.25;12;124;119;5;9;3
2795;D47;D37;0.0833333333333333;12;124;103;21;11;1
2796;D47;D38;0.25;12;124;124;0;9;3
2797;D47;D39;0.0833333333333333;12;124;110;14;11;1
2798;D47;D4;0.0833333333333333;12;124;121;3;11;1
2799;D47;D40;0.25;12;124;122;2;9;3
2800;D47;D41;0.0833333333333333;12;124;118;6;11;1
2801;D47;D42;0;12;124;121;3;12;0
2802;D47;D43;0;12;124;121;3;12;0
2803;D47;D44;0.5;12;124;92;32;6;6
2804;D47;D45;0.833333333333333;12;124;122;2;2;10
2805;D47;D46;0.666666666666667;12;124;94;30;4;8
2806;D47;D47;1;12;124;124;0;0;12
2807;D47;D48;0.25;12;124;101;23;9;3
2808;D47;D49;0.75;12;124;120;4;3;9
2809;D47;D5;0.0833333333333333;12;124;122;2;11;1
2810;D47;D50;0;12;124;122;2;12;0
2811;D47;D51;0;12;124;123;1;12;0
2812;D47;D52;0;12;124;122;2;12;0
2813;D47;D53;0;12;124;122;2;12;0
2814;D47;D9;0;12;124;123;1;12;0
2815;D48;Fuma;0.2;25;103;62;41;20;5
2816;D48;Cirurgia_coluna;0.375;24;94;48;46;15;9
2817;D48;Aposentado;0.384615384615385;26;106;85;21;16;10
2818;D48;Desempregado;0.115384615384615;26;104;82;22;23;3
2819;D48;Licenca_Medica;0.115384615384615;26;106;91;15;23;3
2820;D48;Aposentado_Invalidez;0.0769230769230769;26;105;99;6;24;2
2821;D48;Analgésicos;0.846153846153846;26;104;38;66;4;22
2822;D48;OutraDoenca;0.538461538461538;26;104;68;36;12;14
2823;D48;Dor_costas;0.84;25;103;33;70;4;21
2824;D48;Dor_pernas;0.92;25;102;70;32;2;23
2825;D48;Retornar_trabalho;0.391304347826087;23;96;85;11;14;9
2826;D48;Masc;0.730769230769231;26;110;41;69;7;19
2827;D48;Fem;0.269230769230769;26;110;69;41;19;7
2828;D48;Casado_Amasiado;0.461538461538462;26;110;67;43;14;12
2829;D48;Solteiro;0.307692307692308;26;110;59;51;18;8
2830;D48;Separado_Divorciado;0.0384615384615385;26;110;104;6;25;1
2831;D48;X4;0;26;110;107;3;26;0
2832;D48;X5;0;26;110;108;2;26;0
2833;D48;X6;0.192307692307692;26;110;105;5;21;5
2834;D48;Livrar_costas;0.75;24;76;8;68;6;18
2835;D48;Livrar_perna;0.25;24;76;68;8;18;6
2836;D48;Livrar_perda_sens;0;24;76;76;0;24;0
2837;D48;D1;0;26;110;109;1;26;0
2838;D48;D15;0.0384615384615385;26;110;104;6;25;1
2839;D48;D16;0.576923076923077;26;110;105;5;11;15
2840;D48;D17;0;26;110;105;5;26;0
2841;D48;D18;0;26;110;94;16;26;0
2842;D48;D19;0;26;110;103;7;26;0
2843;D48;D2;0.0384615384615385;26;110;103;7;25;1
2844;D48;D20;0;26;110;102;8;26;0
2845;D48;D21;0;26;110;103;7;26;0
2846;D48;D22;0;26;110;108;2;26;0
2847;D48;D23;0.0384615384615385;26;110;109;1;25;1
2848;D48;D24;0.0769230769230769;26;110;86;24;24;2
2849;D48;D25;0;26;110;106;4;26;0
2850;D48;D26;0;26;110;108;2;26;0
2851;D48;D27;0.0384615384615385;26;110;106;4;25;1
2852;D48;D28;0;26;110;104;6;26;0
2853;D48;D29;0.769230769230769;26;110;88;22;6;20
2854;D48;D3;0;26;110;108;2;26;0
2855;D48;D30;0.884615384615385;26;110;71;39;3;23
2856;D48;D31;0.0384615384615385;26;110;94;16;25;1
2857;D48;D32;0.807692307692308;26;110;94;16;5;21
2858;D48;D33;0.0384615384615385;26;110;99;11;25;1
2859;D48;D34;0;26;110;107;3;26;0
2860;D48;D35;0;26;110;108;2;26;0
2861;D48;D36;0.0384615384615385;26;110;103;7;25;1
2862;D48;D37;0.576923076923077;26;110;103;7;11;15
2863;D48;D38;0;26;110;107;3;26;0
2864;D48;D39;0.461538461538462;26;110;107;3;14;12
2865;D48;D4;0;26;110;106;4;26;0
2866;D48;D40;0;26;110;105;5;26;0
2867;D48;D41;0.153846153846154;26;110;107;3;22;4
2868;D48;D42;0;26;110;107;3;26;0
2869;D48;D43;0;26;110;107;3;26;0
2870;D48;D44;0.846153846153846;26;110;94;16;4;22
2871;D48;D45;0.115384615384615;26;110;101;9;23;3
2872;D48;D46;0.923076923076923;26;110;96;14;2;24
2873;D48;D47;0.115384615384615;26;110;101;9;23;3
2874;D48;D48;1;26;110;110;0;0;26
2875;D48;D49;0.115384615384615;26;110;100;10;23;3
2876;D48;D5;0.0384615384615385;26;110;108;2;25;1
2877;D48;D50;0;26;110;108;2;26;0
2878;D48;D51;0;26;110;109;1;26;0
2879;D48;D52;0;26;110;108;2;26;0
2880;D48;D53;0;26;110;108;2;26;0
2881;D48;D9;0;26;110;109;1;26;0
2882;D49;Fuma;0.307692307692308;13;115;73;42;9;4
2883;D49;Cirurgia_coluna;0.454545454545455;11;107;57;50;6;5
2884;D49;Aposentado;0.0833333333333333;12;120;90;30;11;1
2885;D49;Desempregado;0.0833333333333333;12;118;94;24;11;1
2886;D49;Licenca_Medica;0.0833333333333333;12;120;103;17;11;1
2887;D49;Aposentado_Invalidez;0;12;119;111;8;12;0
2888;D49;Analgésicos;0.615384615384615;13;117;37;80;5;8
2889;D49;OutraDoenca;0.307692307692308;13;117;71;46;9;4
2890;D49;Dor_costas;0.769230769230769;13;115;34;81;3;10
2891;D49;Dor_pernas;0.769230769230769;13;114;69;45;3;10
2892;D49;Retornar_trabalho;0.166666666666667;12;107;89;18;10;2
2893;D49;Masc;0.615384615384615;13;123;43;80;5;8
2894;D49;Fem;0.384615384615385;13;123;80;43;8;5
2895;D49;Casado_Amasiado;0.384615384615385;13;123;73;50;8;5
2896;D49;Solteiro;0.461538461538462;13;123;70;53;7;6
2897;D49;Separado_Divorciado;0;13;123;116;7;13;0
2898;D49;X4;0.0769230769230769;13;123;121;2;12;1
2899;D49;X5;0;13;123;121;2;13;0
2900;D49;X6;0.0769230769230769;13;123;114;9;12;1
2901;D49;Livrar_costas;0.692307692307692;13;87;10;77;4;9
2902;D49;Livrar_perna;0.307692307692308;13;87;77;10;9;4
2903;D49;Livrar_perda_sens;0;13;87;87;0;13;0
2904;D49;D1;0;13;123;122;1;13;0
2905;D49;D15;0.153846153846154;13;123;118;5;11;2
2906;D49;D16;0;13;123;103;20;13;0
2907;D49;D17;0;13;123;118;5;13;0
2908;D49;D18;0;13;123;107;16;13;0
2909;D49;D19;0;13;123;116;7;13;0
2910;D49;D2;0.0769230769230769;13;123;116;7;12;1
2911;D49;D20;0;13;123;115;8;13;0
2912;D49;D21;0.153846153846154;13;123;118;5;11;2
2913;D49;D22;0;13;123;121;2;13;0
2914;D49;D23;0.0769230769230769;13;123;122;1;12;1
2915;D49;D24;0.230769230769231;13;123;100;23;10;3
2916;D49;D25;0;13;123;119;4;13;0
2917;D49;D26;0;13;123;121;2;13;0
2918;D49;D27;0;13;123;118;5;13;0
2919;D49;D28;0;13;123;117;6;13;0
2920;D49;D29;0.307692307692308;13;123;85;38;9;4
2921;D49;D3;0;13;123;121;2;13;0
2922;D49;D30;0.846153846153846;13;123;72;51;2;11
2923;D49;D31;0.538461538461538;13;123;113;10;6;7
2924;D49;D32;0.307692307692308;13;123;90;33;9;4
2925;D49;D33;0.692307692307692;13;123;120;3;4;9
2926;D49;D34;0;13;123;120;3;13;0
2927;D49;D35;0;13;123;121;2;13;0
2928;D49;D36;0.153846153846154;13;123;117;6;11;2
2929;D49;D37;0;13;123;101;22;13;0
2930;D49;D38;0.153846153846154;13;123;122;1;11;2
2931;D49;D39;0;13;123;108;15;13;0
2932;D49;D4;0;13;123;119;4;13;0
2933;D49;D40;0.153846153846154;13;123;120;3;11;2
2934;D49;D41;0;13;123;116;7;13;0
2935;D49;D42;0;13;123;120;3;13;0
2936;D49;D43;0;13;123;120;3;13;0
2937;D49;D44;0.461538461538462;13;123;91;32;7;6
2938;D49;D45;0.615384615384615;13;123;119;4;5;8
2939;D49;D46;0.538461538461538;13;123;92;31;6;7
2940;D49;D47;0.692307692307692;13;123;120;3;4;9
2941;D49;D48;0.230769230769231;13;123;100;23;10;3
2942;D49;D49;1;13;123;123;0;0;13
2943;D49;D5;0.0769230769230769;13;123;121;2;12;1
2944;D49;D50;0;13;123;121;2;13;0
2945;D49;D51;0;13;123;122;1;13;0
2946;D49;D52;0;13;123;121;2;13;0
2947;D49;D53;0;13;123;121;2;13;0
2948;D49;D9;0;13;123;122;1;13;0
2949;D5;Fuma;1;3;125;82;43;0;3
2950;D5;Cirurgia_coluna;1;2;116;63;53;0;2
2951;D5;Aposentado;0.666666666666667;3;129;100;29;1;2
2952;D5;Desempregado;0.666666666666667;3;127;104;23;1;2
2953;D5;Licenca_Medica;0.666666666666667;3;129;113;16;1;2
2954;D5;Aposentado_Invalidez;0;3;128;120;8;3;0
2955;D5;Analgésicos;0.666666666666667;3;127;41;86;1;2
2956;D5;OutraDoenca;0.666666666666667;3;127;79;48;1;2
2957;D5;Dor_costas;1;3;125;37;88;0;3
2958;D5;Dor_pernas;0.666666666666667;3;124;71;53;1;2
2959;D5;Retornar_trabalho;0.333333333333333;3;116;97;19;2;1
2960;D5;Masc;0.666666666666667;3;133;47;86;1;2
2961;D5;Fem;0.333333333333333;3;133;86;47;2;1
2962;D5;Casado_Amasiado;0;3;133;78;55;3;0
2963;D5;Solteiro;0.666666666666667;3;133;76;57;1;2
2964;D5;Separado_Divorciado;0;3;133;126;7;3;0
2965;D5;X4;0;3;133;130;3;3;0
2966;D5;X5;0;3;133;131;2;3;0
2967;D5;X6;0.333333333333333;3;133;124;9;2;1
2968;D5;Livrar_costas;1;3;97;14;83;0;3
2969;D5;Livrar_perna;0;3;97;83;14;3;0
2970;D5;Livrar_perda_sens;0;3;97;97;0;3;0
2971;D5;D1;0;3;133;132;1;3;0
2972;D5;D15;0.333333333333333;3;133;127;6;2;1
2973;D5;D16;0.333333333333333;3;133;114;19;2;1
2974;D5;D17;0;3;133;128;5;3;0
2975;D5;D18;0;3;133;117;16;3;0
2976;D5;D19;0;3;133;126;7;3;0
2977;D5;D2;1;3;133;128;5;0;3
2978;D5;D20;0;3;133;125;8;3;0
2979;D5;D21;0;3;133;126;7;3;0
2980;D5;D22;0;3;133;131;2;3;0
2981;D5;D23;0;3;133;131;2;3;0
2982;D5;D24;0.666666666666667;3;133;109;24;1;2
2983;D5;D25;0;3;133;129;4;3;0
2984;D5;D26;0;3;133;131;2;3;0
2985;D5;D27;0;3;133;128;5;3;0
2986;D5;D28;0;3;133;127;6;3;0
2987;D5;D29;0.333333333333333;3;133;92;41;2;1
2988;D5;D3;0;3;133;131;2;3;0
2989;D5;D30;0.333333333333333;3;133;72;61;2;1
2990;D5;D31;0.333333333333333;3;133;117;16;2;1
2991;D5;D32;0;3;133;96;37;3;0
2992;D5;D33;0;3;133;121;12;3;0
2993;D5;D34;0.666666666666667;3;133;132;1;1;2
2994;D5;D35;0.333333333333333;3;133;132;1;2;1
2995;D5;D36;0;3;133;125;8;3;0
2996;D5;D37;0.333333333333333;3;133;112;21;2;1
2997;D5;D38;0;3;133;130;3;3;0
2998;D5;D39;0;3;133;118;15;3;0
2999;D5;D4;0.333333333333333;3;133;130;3;2;1
3000;D5;D40;0;3;133;128;5;3;0
3001;D5;D41;0;3;133;126;7;3;0
3002;D5;D42;0;3;133;130;3;3;0
3003;D5;D43;0;3;133;130;3;3;0
3004;D5;D44;0.333333333333333;3;133;96;37;2;1
3005;D5;D45;0.333333333333333;3;133;122;11;2;1
3006;D5;D46;0.333333333333333;3;133;96;37;2;1
3007;D5;D47;0.333333333333333;3;133;122;11;2;1
3008;D5;D48;0.333333333333333;3;133;108;25;2;1
3009;D5;D49;0.333333333333333;3;133;121;12;2;1
3010;D5;D5;1;3;133;133;0;0;3
3011;D5;D50;0.333333333333333;3;133;132;1;2;1
3012;D5;D51;0.333333333333333;3;133;133;0;2;1
3013;D5;D52;0;3;133;131;2;3;0
3014;D5;D53;0;3;133;131;2;3;0
3015;D5;D9;0.333333333333333;3;133;133;0;2;1
3016;D50;Fuma;1;2;126;82;44;0;2
3017;D50;Cirurgia_coluna;1;1;117;63;54;0;1
3018;D50;Aposentado;0;2;130;99;31;2;0
3019;D50;Desempregado;0.5;2;128;104;24;1;1
3020;D50;Licenca_Medica;0.5;2;130;113;17;1;1
3021;D50;Aposentado_Invalidez;0;2;129;121;8;2;0
3022;D50;Analgésicos;0.5;2;128;41;87;1;1
3023;D50;OutraDoenca;0.5;2;128;79;49;1;1
3024;D50;Dor_costas;0.5;2;126;36;90;1;1
3025;D50;Dor_pernas;0;2;125;70;55;2;0
3026;D50;Retornar_trabalho;0;2;117;97;20;2;0
3027;D50;Masc;0;2;134;46;88;2;0
3028;D50;Fem;1;2;134;88;46;0;2
3029;D50;Casado_Amasiado;0.5;2;134;80;54;1;1
3030;D50;Solteiro;0.5;2;134;76;58;1;1
3031;D50;Separado_Divorciado;0;2;134;127;7;2;0
3032;D50;X4;0;2;134;131;3;2;0
3033;D50;X5;0;2;134;132;2;2;0
3034;D50;X6;0;2;134;124;10;2;0
3035;D50;Livrar_costas;1;1;99;14;85;0;1
3036;D50;Livrar_perna;0;1;99;85;14;1;0
3037;D50;Livrar_perda_sens;0;1;99;99;0;1;0
3038;D50;D1;0;2;134;133;1;2;0
3039;D50;D15;0;2;134;127;7;2;0
3040;D50;D16;0;2;134;114;20;2;0
3041;D50;D17;0;2;134;129;5;2;0
3042;D50;D18;0;2;134;118;16;2;0
3043;D50;D19;0;2;134;127;7;2;0
3044;D50;D2;0.5;2;134;127;7;1;1
3045;D50;D20;0;2;134;126;8;2;0
3046;D50;D21;0;2;134;127;7;2;0
3047;D50;D22;0;2;134;132;2;2;0
3048;D50;D23;0;2;134;132;2;2;0
3049;D50;D24;0.5;2;134;109;25;1;1
3050;D50;D25;0;2;134;130;4;2;0
3051;D50;D26;0;2;134;132;2;2;0
3052;D50;D27;0;2;134;129;5;2;0
3053;D50;D28;0;2;134;128;6;2;0
3054;D50;D29;0.5;2;134;93;41;1;1
3055;D50;D3;0;2;134;132;2;2;0
3056;D50;D30;0;2;134;72;62;2;0
3057;D50;D31;0.5;2;134;118;16;1;1
3058;D50;D32;0;2;134;97;37;2;0
3059;D50;D33;0;2;134;122;12;2;0
3060;D50;D34;1;2;134;133;1;0;2
3061;D50;D35;0;2;134;132;2;2;0
3062;D50;D36;0;2;134;126;8;2;0
3063;D50;D37;0;2;134;112;22;2;0
3064;D50;D38;0;2;134;131;3;2;0
3065;D50;D39;0;2;134;119;15;2;0
3066;D50;D4;0;2;134;130;4;2;0
3067;D50;D40;0;2;134;129;5;2;0
3068;D50;D41;0;2;134;127;7;2;0
3069;D50;D42;0;2;134;131;3;2;0
3070;D50;D43;0.5;2;134;132;2;1;1
3071;D50;D44;0;2;134;96;38;2;0
3072;D50;D45;0;2;134;122;12;2;0
3073;D50;D46;0;2;134;96;38;2;0
3074;D50;D47;0;2;134;122;12;2;0
3075;D50;D48;0;2;134;108;26;2;0
3076;D50;D49;0;2;134;121;13;2;0
3077;D50;D5;0.5;2;134;132;2;1;1
3078;D50;D50;1;2;134;134;0;0;2
3079;D50;D51;0;2;134;133;1;2;0
3080;D50;D52;0.5;2;134;133;1;1;1
3081;D50;D53;0.5;2;134;133;1;1;1
3082;D50;D9;0;2;134;133;1;2;0
3083;D51;Fuma;1;1;127;82;45;0;1
3084;D51;Cirurgia_coluna;1;1;117;63;54;0;1
3085;D51;Aposentado;1;1;131;101;30;0;1
3086;D51;Desempregado;1;1;129;105;24;0;1
3087;D51;Licenca_Medica;1;1;131;114;17;0;1
3088;D51;Aposentado_Invalidez;0;1;130;122;8;1;0
3089;D51;Analgésicos;1;1;129;42;87;0;1
3090;D51;OutraDoenca;0;1;129;79;50;1;0
3091;D51;Dor_costas;1;1;127;37;90;0;1
3092;D51;Dor_pernas;1;1;126;72;54;0;1
3093;D51;Retornar_trabalho;0;1;118;98;20;1;0
3094;D51;Masc;1;1;135;48;87;0;1
3095;D51;Fem;0;1;135;87;48;1;0
3096;D51;Casado_Amasiado;0;1;135;80;55;1;0
3097;D51;Solteiro;1;1;135;77;58;0;1
3098;D51;Separado_Divorciado;0;1;135;128;7;1;0
3099;D51;X4;0;1;135;132;3;1;0
3100;D51;X5;0;1;135;133;2;1;0
3101;D51;X6;0;1;135;125;10;1;0
3102;D51;Livrar_costas;1;1;99;14;85;0;1
3103;D51;Livrar_perna;0;1;99;85;14;1;0
3104;D51;Livrar_perda_sens;0;1;99;99;0;1;0
3105;D51;D1;0;1;135;134;1;1;0
3106;D51;D15;1;1;135;129;6;0;1
3107;D51;D16;1;1;135;116;19;0;1
3108;D51;D17;0;1;135;130;5;1;0
3109;D51;D18;0;1;135;119;16;1;0
3110;D51;D19;0;1;135;128;7;1;0
3111;D51;D2;1;1;135;128;7;0;1
3112;D51;D20;0;1;135;127;8;1;0
3113;D51;D21;0;1;135;128;7;1;0
3114;D51;D22;0;1;135;133;2;1;0
3115;D51;D23;0;1;135;133;2;1;0
3116;D51;D24;0;1;135;109;26;1;0
3117;D51;D25;0;1;135;131;4;1;0
3118;D51;D26;0;1;135;133;2;1;0
3119;D51;D27;0;1;135;130;5;1;0
3120;D51;D28;0;1;135;129;6;1;0
3121;D51;D29;0;1;135;93;42;1;0
3122;D51;D3;0;1;135;133;2;1;0
3123;D51;D30;0;1;135;73;62;1;0
3124;D51;D31;0;1;135;118;17;1;0
3125;D51;D32;0;1;135;98;37;1;0
3126;D51;D33;0;1;135;123;12;1;0
3127;D51;D34;1;1;135;133;2;0;1
3128;D51;D35;1;1;135;134;1;0;1
3129;D51;D36;0;1;135;127;8;1;0
3130;D51;D37;1;1;135;114;21;0;1
3131;D51;D38;0;1;135;132;3;1;0
3132;D51;D39;0;1;135;120;15;1;0
3133;D51;D4;1;1;135;132;3;0;1
3134;D51;D40;0;1;135;130;5;1;0
3135;D51;D41;0;1;135;128;7;1;0
3136;D51;D42;0;1;135;132;3;1;0
3137;D51;D43;0;1;135;132;3;1;0
3138;D51;D44;0;1;135;97;38;1;0
3139;D51;D45;0;1;135;123;12;1;0
3140;D51;D46;0;1;135;97;38;1;0
3141;D51;D47;0;1;135;123;12;1;0
3142;D51;D48;0;1;135;109;26;1;0
3143;D51;D49;0;1;135;122;13;1;0
3144;D51;D5;1;1;135;133;2;0;1
3145;D51;D50;0;1;135;133;2;1;0
3146;D51;D51;1;1;135;135;0;0;1
3147;D51;D52;0;1;135;133;2;1;0
3148;D51;D53;0;1;135;133;2;1;0
3149;D51;D9;1;1;135;135;0;0;1
3150;D52;Fuma;0.5;2;126;81;45;1;1
3151;D52;Cirurgia_coluna;0.5;2;116;62;54;1;1
3152;D52;Aposentado;0;2;130;99;31;2;0
3153;D52;Desempregado;0;2;128;103;25;2;0
3154;D52;Licenca_Medica;0;2;130;112;18;2;0
3155;D52;Aposentado_Invalidez;0;2;129;121;8;2;0
3156;D52;Analgésicos;0.5;2;128;41;87;1;1
3157;D52;OutraDoenca;0;2;128;78;50;2;0
3158;D52;Dor_costas;0.5;2;126;36;90;1;1
3159;D52;Dor_pernas;0;2;125;70;55;2;0
3160;D52;Retornar_trabalho;0;2;117;97;20;2;0
3161;D52;Masc;0.5;2;134;47;87;1;1
3162;D52;Fem;0.5;2;134;87;47;1;1
3163;D52;Casado_Amasiado;0.5;2;134;80;54;1;1
3164;D52;Solteiro;0.5;2;134;76;58;1;1
3165;D52;Separado_Divorciado;0;2;134;127;7;2;0
3166;D52;X4;0;2;134;131;3;2;0
3167;D52;X5;0;2;134;132;2;2;0
3168;D52;X6;0;2;134;124;10;2;0
3169;D52;Livrar_costas;1;1;99;14;85;0;1
3170;D52;Livrar_perna;0;1;99;85;14;1;0
3171;D52;Livrar_perda_sens;0;1;99;99;0;1;0
3172;D52;D1;0;2;134;133;1;2;0
3173;D52;D15;0;2;134;127;7;2;0
3174;D52;D16;0;2;134;114;20;2;0
3175;D52;D17;0;2;134;129;5;2;0
3176;D52;D18;0;2;134;118;16;2;0
3177;D52;D19;0;2;134;127;7;2;0
3178;D52;D2;0;2;134;126;8;2;0
3179;D52;D20;0;2;134;126;8;2;0
3180;D52;D21;0;2;134;127;7;2;0
3181;D52;D22;0;2;134;132;2;2;0
3182;D52;D23;0;2;134;132;2;2;0
3183;D52;D24;0;2;134;108;26;2;0
3184;D52;D25;0;2;134;130;4;2;0
3185;D52;D26;0;2;134;132;2;2;0
3186;D52;D27;0;2;134;129;5;2;0
3187;D52;D28;0;2;134;128;6;2;0
3188;D52;D29;0;2;134;92;42;2;0
3189;D52;D3;0;2;134;132;2;2;0
3190;D52;D30;0;2;134;72;62;2;0
3191;D52;D31;0;2;134;117;17;2;0
3192;D52;D32;0.5;2;134;98;36;1;1
3193;D52;D33;0;2;134;122;12;2;0
3194;D52;D34;0.5;2;134;132;2;1;1
3195;D52;D35;0;2;134;132;2;2;0
3196;D52;D36;0;2;134;126;8;2;0
3197;D52;D37;0;2;134;112;22;2;0
3198;D52;D38;0;2;134;131;3;2;0
3199;D52;D39;0;2;134;119;15;2;0
3200;D52;D4;0;2;134;130;4;2;0
3201;D52;D40;0;2;134;129;5;2;0
3202;D52;D41;0;2;134;127;7;2;0
3203;D52;D42;0.5;2;134;132;2;1;1
3204;D52;D43;0.5;2;134;132;2;1;1
3205;D52;D44;0.5;2;134;97;37;1;1
3206;D52;D45;0;2;134;122;12;2;0
3207;D52;D46;0;2;134;96;38;2;0
3208;D52;D47;0;2;134;122;12;2;0
3209;D52;D48;0;2;134;108;26;2;0
3210;D52;D49;0;2;134;121;13;2;0
3211;D52;D5;0;2;134;131;3;2;0
3212;D52;D50;0.5;2;134;133;1;1;1
3213;D52;D51;0;2;134;133;1;2;0
3214;D52;D52;1;2;134;134;0;0;2
3215;D52;D53;0.5;2;134;133;1;1;1
3216;D52;D9;0;2;134;133;1;2;0
3217;D53;Fuma;1;2;126;82;44;0;2
3218;D53;Cirurgia_coluna;0.5;2;116;62;54;1;1
3219;D53;Aposentado;0;2;130;99;31;2;0
3220;D53;Desempregado;0;2;128;103;25;2;0
3221;D53;Licenca_Medica;0;2;130;112;18;2;0
3222;D53;Aposentado_Invalidez;0;2;129;121;8;2;0
3223;D53;Analgésicos;1;2;128;42;86;0;2
3224;D53;OutraDoenca;0;2;128;78;50;2;0
3225;D53;Dor_costas;0.5;2;126;36;90;1;1
3226;D53;Dor_pernas;0;2;125;70;55;2;0
3227;D53;Retornar_trabalho;0;2;117;97;20;2;0
3228;D53;Masc;0;2;134;46;88;2;0
3229;D53;Fem;1;2;134;88;46;0;2
3230;D53;Casado_Amasiado;1;2;134;81;53;0;2
3231;D53;Solteiro;0;2;134;75;59;2;0
3232;D53;Separado_Divorciado;0;2;134;127;7;2;0
3233;D53;X4;0;2;134;131;3;2;0
3234;D53;X5;0;2;134;132;2;2;0
3235;D53;X6;0;2;134;124;10;2;0
3236;D53;Livrar_costas;1;1;99;14;85;0;1
3237;D53;Livrar_perna;0;1;99;85;14;1;0
3238;D53;Livrar_perda_sens;0;1;99;99;0;1;0
3239;D53;D1;0;2;134;133;1;2;0
3240;D53;D15;0;2;134;127;7;2;0
3241;D53;D16;0;2;134;114;20;2;0
3242;D53;D17;0;2;134;129;5;2;0
3243;D53;D18;0.5;2;134;119;15;1;1
3244;D53;D19;0;2;134;127;7;2;0
3245;D53;D2;0.5;2;134;127;7;1;1
3246;D53;D20;0.5;2;134;127;7;1;1
3247;D53;D21;0.5;2;134;128;6;1;1
3248;D53;D22;0;2;134;132;2;2;0
3249;D53;D23;0;2;134;132;2;2;0
3250;D53;D24;0;2;134;108;26;2;0
3251;D53;D25;0;2;134;130;4;2;0
3252;D53;D26;0;2;134;132;2;2;0
3253;D53;D27;0;2;134;129;5;2;0
3254;D53;D28;0.5;2;134;129;5;1;1
3255;D53;D29;0;2;134;92;42;2;0
3256;D53;D3;0;2;134;132;2;2;0
3257;D53;D30;0;2;134;72;62;2;0
3258;D53;D31;0;2;134;117;17;2;0
3259;D53;D32;0;2;134;97;37;2;0
3260;D53;D33;0;2;134;122;12;2;0
3261;D53;D34;0.5;2;134;132;2;1;1
3262;D53;D35;0;2;134;132;2;2;0
3263;D53;D36;0;2;134;126;8;2;0
3264;D53;D37;0;2;134;112;22;2;0
3265;D53;D38;0;2;134;131;3;2;0
3266;D53;D39;0;2;134;119;15;2;0
3267;D53;D4;0;2;134;130;4;2;0
3268;D53;D40;0;2;134;129;5;2;0
3269;D53;D41;0;2;134;127;7;2;0
3270;D53;D42;0;2;134;131;3;2;0
3271;D53;D43;1;2;134;133;1;0;2
3272;D53;D44;0;2;134;96;38;2;0
3273;D53;D45;0;2;134;122;12;2;0
3274;D53;D46;0;2;134;96;38;2;0
3275;D53;D47;0;2;134;122;12;2;0
3276;D53;D48;0;2;134;108;26;2;0
3277;D53;D49;0;2;134;121;13;2;0
3278;D53;D5;0;2;134;131;3;2;0
3279;D53;D50;0.5;2;134;133;1;1;1
3280;D53;D51;0;2;134;133;1;2;0
3281;D53;D52;0.5;2;134;133;1;1;1
3282;D53;D53;1;2;134;134;0;0;2
3283;D53;D9;0;2;134;133;1;2;0
3284;D9;Fuma;1;1;127;82;45;0;1
3285;D9;Cirurgia_coluna;1;1;117;63;54;0;1
3286;D9;Aposentado;1;1;131;101;30;0;1
3287;D9;Desempregado;1;1;129;105;24;0;1
3288;D9;Licenca_Medica;1;1;131;114;17;0;1
3289;D9;Aposentado_Invalidez;0;1;130;122;8;1;0
3290;D9;Analgésicos;1;1;129;42;87;0;1
3291;D9;OutraDoenca;0;1;129;79;50;1;0
3292;D9;Dor_costas;1;1;127;37;90;0;1
3293;D9;Dor_pernas;1;1;126;72;54;0;1
3294;D9;Retornar_trabalho;0;1;118;98;20;1;0
3295;D9;Masc;1;1;135;48;87;0;1
3296;D9;Fem;0;1;135;87;48;1;0
3297;D9;Casado_Amasiado;0;1;135;80;55;1;0
3298;D9;Solteiro;1;1;135;77;58;0;1
3299;D9;Separado_Divorciado;0;1;135;128;7;1;0
3300;D9;X4;0;1;135;132;3;1;0
3301;D9;X5;0;1;135;133;2;1;0
3302;D9;X6;0;1;135;125;10;1;0
3303;D9;Livrar_costas;1;1;99;14;85;0;1
3304;D9;Livrar_perna;0;1;99;85;14;1;0
3305;D9;Livrar_perda_sens;0;1;99;99;0;1;0
3306;D9;D1;0;1;135;134;1;1;0
3307;D9;D15;1;1;135;129;6;0;1
3308;D9;D16;1;1;135;116;19;0;1
3309;D9;D17;0;1;135;130;5;1;0
3310;D9;D18;0;1;135;119;16;1;0
3311;D9;D19;0;1;135;128;7;1;0
3312;D9;D2;1;1;135;128;7;0;1
3313;D9;D20;0;1;135;127;8;1;0
3314;D9;D21;0;1;135;128;7;1;0
3315;D9;D22;0;1;135;133;2;1;0
3316;D9;D23;0;1;135;133;2;1;0
3317;D9;D24;0;1;135;109;26;1;0
3318;D9;D25;0;1;135;131;4;1;0
3319;D9;D26;0;1;135;133;2;1;0
3320;D9;D27;0;1;135;130;5;1;0
3321;D9;D28;0;1;135;129;6;1;0
3322;D9;D29;0;1;135;93;42;1;0
3323;D9;D3;0;1;135;133;2;1;0
3324;D9;D30;0;1;135;73;62;1;0
3325;D9;D31;0;1;135;118;17;1;0
3326;D9;D32;0;1;135;98;37;1;0
3327;D9;D33;0;1;135;123;12;1;0
3328;D9;D34;1;1;135;133;2;0;1
3329;D9;D35;1;1;135;134;1;0;1
3330;D9;D36;0;1;135;127;8;1;0
3331;D9;D37;1;1;135;114;21;0;1
3332;D9;D38;0;1;135;132;3;1;0
3333;D9;D39;0;1;135;120;15;1;0
3334;D9;D4;1;1;135;132;3;0;1
3335;D9;D40;0;1;135;130;5;1;0
3336;D9;D41;0;1;135;128;7;1;0
3337;D9;D42;0;1;135;132;3;1;0
3338;D9;D43;0;1;135;132;3;1;0
3339;D9;D44;0;1;135;97;38;1;0
3340;D9;D45;0;1;135;123;12;1;0
3341;D9;D46;0;1;135;97;38;1;0
3342;D9;D47;0;1;135;123;12;1;0
3343;D9;D48;0;1;135;109;26;1;0
3344;D9;D49;0;1;135;122;13;1;0
3345;D9;D5;1;1;135;133;2;0;1
3346;D9;D50;0;1;135;133;2;1;0
3347;D9;D51;1;1;135;135;0;0;1
3348;D9;D52;0;1;135;133;2;1;0
3349;D9;D53;0;1;135;133;2;1;0
3350;D9;D9;1;1;135;135;0;0;1
3351;Desempregado;Fuma;0.392857142857143;28;157;123;34;17;11
3352;Desempregado;Cirurgia_coluna;0.625;24;156;99;57;9;15
3353;Desempregado;Aposentado;0.366666666666667;30;167;142;25;19;11
3354;Desempregado;Desempregado;1;30;167;167;0;0;30
3355;Desempregado;Licenca_Medica;0.266666666666667;30;166;155;11;22;8
3356;Desempregado;Aposentado_Invalidez;0.103448275862069;29;162;157;5;26;3
3357;Desempregado;Analgésicos;0.642857142857143;28;161;54;107;10;18
3358;Desempregado;OutraDoenca;0.466666666666667;30;161;105;56;16;14
3359;Desempregado;Dor_costas;0.9;30;160;72;88;3;27
3360;Desempregado;Dor_pernas;0.333333333333333;30;158;108;50;20;10
3361;Desempregado;Retornar_trabalho;0.269230769230769;26;147;135;12;19;7
3362;Desempregado;Masc;0.6;30;167;57;110;12;18
3363;Desempregado;Fem;0.4;30;167;110;57;18;12
3364;Desempregado;Casado_Amasiado;0.346153846153846;26;160;87;73;17;9
3365;Desempregado;Solteiro;0.538461538461538;26;160;95;65;12;14
3366;Desempregado;Separado_Divorciado;0.0384615384615385;26;160;154;6;25;1
3367;Desempregado;X4;0;26;160;157;3;26;0
3368;Desempregado;X5;0.0384615384615385;26;160;157;3;25;1
3369;Desempregado;X6;0.0384615384615385;26;160;150;10;25;1
3370;Desempregado;Livrar_costas;0.846153846153846;26;92;10;82;4;22
3371;Desempregado;Livrar_perna;0.153846153846154;26;92;83;9;22;4
3372;Desempregado;Livrar_perda_sens;0;26;92;91;1;26;0
3373;Desempregado;D1;0;25;105;104;1;25;0
3374;Desempregado;D15;0.08;25;105;101;4;23;2
3375;Desempregado;D16;0.08;25;105;87;18;23;2
3376;Desempregado;D17;0.04;25;105;101;4;24;1
3377;Desempregado;D18;0.16;25;105;93;12;21;4
3378;Desempregado;D19;0.08;25;105;100;5;23;2
3379;Desempregado;D2;0.12;25;105;100;5;22;3
3380;Desempregado;D20;0.08;25;105;99;6;23;2
3381;Desempregado;D21;0.04;25;105;99;6;24;1
3382;Desempregado;D22;0.04;25;105;104;1;24;1
3383;Desempregado;D23;0.04;25;105;104;1;24;1
3384;Desempregado;D24;0.28;25;105;86;19;18;7
3385;Desempregado;D25;0.08;25;105;103;2;23;2
3386;Desempregado;D26;0.04;25;105;104;1;24;1
3387;Desempregado;D27;0.04;25;105;101;4;24;1
3388;Desempregado;D28;0.08;25;105;101;4;23;2
3389;Desempregado;D29;0.28;25;105;70;35;18;7
3390;Desempregado;D3;0.04;25;105;104;1;24;1
3391;Desempregado;D30;0.52;25;105;56;49;12;13
3392;Desempregado;D31;0.16;25;105;93;12;21;4
3393;Desempregado;D32;0.12;25;105;71;34;22;3
3394;Desempregado;D33;0.04;25;105;95;10;24;1
3395;Desempregado;D34;0.08;25;105;104;1;23;2
3396;Desempregado;D35;0.08;25;105;105;0;23;2
3397;Desempregado;D36;0.08;25;105;100;5;23;2
3398;Desempregado;D37;0.12;25;105;86;19;22;3
3399;Desempregado;D38;0;25;105;103;2;25;0
3400;Desempregado;D39;0.04;25;105;91;14;24;1
3401;Desempregado;D4;0.12;25;105;104;1;22;3
3402;Desempregado;D40;0.04;25;105;102;3;24;1
3403;Desempregado;D41;0.04;25;105;99;6;24;1
3404;Desempregado;D42;0.04;25;105;103;2;24;1
3405;Desempregado;D43;0.04;25;105;103;2;24;1
3406;Desempregado;D44;0.12;25;105;70;35;22;3
3407;Desempregado;D45;0.04;25;105;95;10;24;1
3408;Desempregado;D46;0.16;25;105;71;34;21;4
3409;Desempregado;D47;0.08;25;105;96;9;23;2
3410;Desempregado;D48;0.12;25;105;82;23;22;3
3411;Desempregado;D49;0.04;25;105;94;11;24;1
3412;Desempregado;D5;0.08;25;105;104;1;23;2
3413;Desempregado;D50;0.04;25;105;104;1;24;1
3414;Desempregado;D51;0.04;25;105;105;0;24;1
3415;Desempregado;D52;0;25;105;103;2;25;0
3416;Desempregado;D53;0;25;105;103;2;25;0
3417;Desempregado;D9;0.04;25;105;105;0;24;1
3418;Dor_costas;Fuma;0.284403669724771;109;75;60;15;78;31
3419;Dor_costas;Cirurgia_coluna;0.417391304347826;115;75;48;27;67;48
3420;Dor_costas;Aposentado;0.213675213675214;117;76;65;11;92;25
3421;Dor_costas;Desempregado;0.234782608695652;115;75;72;3;88;27
3422;Dor_costas;Licenca_Medica;0.137931034482759;116;75;72;3;100;16
3423;Dor_costas;Aposentado_Invalidez;0.0608695652173913;115;75;74;1;108;7
3424;Dor_costas;Analgésicos;0.811475409836066;122;78;41;37;23;99
3425;Dor_costas;OutraDoenca;0.415254237288136;118;78;53;25;69;49
3426;Dor_costas;Dor_costas;1;128;79;79;0;0;128
3427;Dor_costas;Dor_pernas;0.432;125;78;68;10;71;54
3428;Dor_costas;Retornar_trabalho;0.153846153846154;117;68;66;2;99;18
3429;Dor_costas;Masc;0.703125;128;79;31;48;38;90
3430;Dor_costas;Fem;0.296875;128;79;48;31;90;38
3431;Dor_costas;Casado_Amasiado;0.467889908256881;109;77;45;32;58;51
3432;Dor_costas;Solteiro;0.394495412844037;109;77;43;34;66;43
3433;Dor_costas;Separado_Divorciado;0.055045871559633;109;77;75;2;103;6
3434;Dor_costas;X4;0.018348623853211;109;77;76;1;107;2
3435;Dor_costas;X5;0.00917431192660551;109;77;74;3;108;1
3436;Dor_costas;X6;0.055045871559633;109;77;72;5;103;6
3437;Dor_costas;Livrar_costas;0.918918918918919;111;16;7;9;9;102
3438;Dor_costas;Livrar_perna;0.0720720720720721;111;16;10;6;103;8
3439;Dor_costas;Livrar_perda_sens;0.00900900900900901;111;16;15;1;110;1
3440;Dor_costas;D1;0.010989010989011;91;37;37;0;90;1
3441;Dor_costas;D15;0.0549450549450549;91;37;35;2;86;5
3442;Dor_costas;D16;0.208791208791209;91;37;36;1;72;19
3443;Dor_costas;D17;0.0549450549450549;91;37;37;0;86;5
3444;Dor_costas;D18;0.164835164835165;91;37;36;1;76;15
3445;Dor_costas;D19;0.0769230769230769;91;37;37;0;84;7
3446;Dor_costas;D2;0.0879120879120879;91;37;37;0;83;8
3447;Dor_costas;D20;0.0879120879120879;91;37;37;0;83;8
3448;Dor_costas;D21;0.0769230769230769;91;37;37;0;84;7
3449;Dor_costas;D22;0.021978021978022;91;37;37;0;89;2
3450;Dor_costas;D23;0.021978021978022;91;37;37;0;89;2
3451;Dor_costas;D24;0.241758241758242;91;37;33;4;69;22
3452;Dor_costas;D25;0.043956043956044;91;37;37;0;87;4
3453;Dor_costas;D26;0.021978021978022;91;37;37;0;89;2
3454;Dor_costas;D27;0.043956043956044;91;37;36;1;87;4
3455;Dor_costas;D28;0.0549450549450549;91;37;36;1;86;5
3456;Dor_costas;D29;0.406593406593407;91;37;33;4;54;37
3457;Dor_costas;D3;0.021978021978022;91;37;37;0;89;2
3458;Dor_costas;D30;0.615384615384615;91;37;32;5;35;56
3459;Dor_costas;D31;0.153846153846154;91;37;34;3;77;14
3460;Dor_costas;D32;0.362637362637363;91;37;34;3;58;33
3461;Dor_costas;D33;0.0989010989010989;91;37;34;3;82;9
3462;Dor_costas;D34;0.021978021978022;91;37;36;1;89;2
3463;Dor_costas;D35;0.021978021978022;91;37;37;0;89;2
3464;Dor_costas;D36;0.043956043956044;91;37;33;4;87;4
3465;Dor_costas;D37;0.208791208791209;91;37;34;3;72;19
3466;Dor_costas;D38;0;91;37;34;3;91;0
3467;Dor_costas;D39;0.131868131868132;91;37;34;3;79;12
3468;Dor_costas;D4;0.043956043956044;91;37;37;0;87;4
3469;Dor_costas;D40;0.021978021978022;91;37;34;3;89;2
3470;Dor_costas;D41;0.0549450549450549;91;37;35;2;86;5
3471;Dor_costas;D42;0.032967032967033;91;37;37;0;88;3
3472;Dor_costas;D43;0.021978021978022;91;37;36;1;89;2
3473;Dor_costas;D44;0.362637362637363;91;37;33;4;58;33
3474;Dor_costas;D45;0.0989010989010989;91;37;34;3;82;9
3475;Dor_costas;D46;0.340659340659341;91;37;31;6;60;31
3476;Dor_costas;D47;0.0879120879120879;91;37;33;4;83;8
3477;Dor_costas;D48;0.230769230769231;91;37;33;4;70;21
3478;Dor_costas;D49;0.10989010989011;91;37;34;3;81;10
3479;Dor_costas;D5;0.032967032967033;91;37;37;0;88;3
3480;Dor_costas;D50;0.010989010989011;91;37;36;1;90;1
3481;Dor_costas;D51;0.010989010989011;91;37;37;0;90;1
3482;Dor_costas;D52;0.010989010989011;91;37;36;1;90;1
3483;Dor_costas;D53;0.010989010989011;91;37;36;1;90;1
3484;Dor_costas;D9;0.010989010989011;91;37;37;0;90;1
3485;Dor_pernas;Fuma;0.344262295081967;61;122;97;25;40;21
3486;Dor_pernas;Cirurgia_coluna;0.555555555555556;54;132;89;43;24;30
3487;Dor_pernas;Aposentado;0.229508196721311;61;130;108;22;47;14
3488;Dor_pernas;Desempregado;0.166666666666667;60;128;108;20;50;10
3489;Dor_pernas;Licenca_Medica;0.2;60;129;122;7;48;12
3490;Dor_pernas;Aposentado_Invalidez;0.11864406779661;59;129;128;1;52;7
3491;Dor_pernas;Analgésicos;0.84375;64;134;54;80;10;54
3492;Dor_pernas;OutraDoenca;0.444444444444444;63;133;87;46;35;28
3493;Dor_pernas;Dor_costas;0.84375;64;139;68;71;10;54
3494;Dor_pernas;Dor_pernas;1;65;139;139;0;0;65
3495;Dor_pernas;Retornar_trabalho;0.220338983050847;59;123;116;7;46;13
3496;Dor_pernas;Masc;0.692307692307692;65;139;46;93;20;45
3497;Dor_pernas;Fem;0.307692307692308;65;139;93;46;45;20
3498;Dor_pernas;Casado_Amasiado;0.419354838709677;62;123;66;57;36;26
3499;Dor_pernas;Solteiro;0.435483870967742;62;123;74;49;35;27
3500;Dor_pernas;Separado_Divorciado;0.0483870967741935;62;123;118;5;59;3
3501;Dor_pernas;X4;0.0161290322580645;62;123;121;2;61;1
3502;Dor_pernas;X5;0;62;123;119;4;62;0
3503;Dor_pernas;X6;0.0806451612903226;62;123;117;6;57;5
3504;Dor_pernas;Livrar_costas;0.771929824561403;57;68;2;66;13;44
3505;Dor_pernas;Livrar_perna;0.228070175438596;57;68;67;1;44;13
3506;Dor_pernas;Livrar_perda_sens;0;57;68;67;1;57;0
3507;Dor_pernas;D1;0;55;72;71;1;55;0
3508;Dor_pernas;D15;0.109090909090909;55;72;71;1;49;6
3509;Dor_pernas;D16;0.345454545454545;55;72;71;1;36;19
3510;Dor_pernas;D17;0.0363636363636364;55;72;69;3;53;2
3511;Dor_pernas;D18;0.0909090909090909;55;72;61;11;50;5
3512;Dor_pernas;D19;0.0545454545454545;55;72;68;4;52;3
3513;Dor_pernas;D2;0.0727272727272727;55;72;68;4;51;4
3514;Dor_pernas;D20;0.0363636363636364;55;72;66;6;53;2
3515;Dor_pernas;D21;0.0363636363636364;55;72;67;5;53;2
3516;Dor_pernas;D22;0;55;72;70;2;55;0
3517;Dor_pernas;D23;0.0181818181818182;55;72;71;1;54;1
3518;Dor_pernas;D24;0.127272727272727;55;72;53;19;48;7
3519;Dor_pernas;D25;0.0181818181818182;55;72;69;3;54;1
3520;Dor_pernas;D26;0;55;72;70;2;55;0
3521;Dor_pernas;D27;0.0181818181818182;55;72;68;4;54;1
3522;Dor_pernas;D28;0.0181818181818182;55;72;67;5;54;1
3523;Dor_pernas;D29;0.545454545454545;55;72;61;11;25;30
3524;Dor_pernas;D3;0.0181818181818182;55;72;71;1;54;1
3525;Dor_pernas;D30;0.727272727272727;55;72;51;21;15;40
3526;Dor_pernas;D31;0.2;55;72;66;6;44;11
3527;Dor_pernas;D32;0.545454545454545;55;72;66;6;25;30
3528;Dor_pernas;D33;0.163636363636364;55;72;69;3;46;9
3529;Dor_pernas;D34;0.0181818181818182;55;72;70;2;54;1
3530;Dor_pernas;D35;0.0181818181818182;55;72;71;1;54;1
3531;Dor_pernas;D36;0.0909090909090909;55;72;69;3;50;5
3532;Dor_pernas;D37;0.345454545454545;55;72;69;3;36;19
3533;Dor_pernas;D38;0.0545454545454545;55;72;72;0;52;3
3534;Dor_pernas;D39;0.236363636363636;55;72;70;2;42;13
3535;Dor_pernas;D4;0.0363636363636364;55;72;70;2;53;2
3536;Dor_pernas;D40;0.0727272727272727;55;72;71;1;51;4
3537;Dor_pernas;D41;0.109090909090909;55;72;71;1;49;6
3538;Dor_pernas;D42;0;55;72;69;3;55;0
3539;Dor_pernas;D43;0;55;72;69;3;55;0
3540;Dor_pernas;D44;0.563636363636364;55;72;66;6;24;31
3541;Dor_pernas;D45;0.218181818181818;55;72;72;0;43;12
3542;Dor_pernas;D46;0.581818181818182;55;72;67;5;23;32
3543;Dor_pernas;D47;0.218181818181818;55;72;72;0;43;12
3544;Dor_pernas;D48;0.418181818181818;55;72;70;2;32;23
3545;Dor_pernas;D49;0.181818181818182;55;72;69;3;45;10
3546;Dor_pernas;D5;0.0363636363636364;55;72;71;1;53;2
3547;Dor_pernas;D50;0;55;72;70;2;55;0
3548;Dor_pernas;D51;0.0181818181818182;55;72;72;0;54;1
3549;Dor_pernas;D52;0;55;72;70;2;55;0
3550;Dor_pernas;D53;0;55;72;70;2;55;0
3551;Dor_pernas;D9;0.0181818181818182;55;72;72;0;54;1
3552;Fem;Livrar_costas;0.804878048780488;41;87;8;79;8;33
3553;Fem;Analgésicos;0.625;72;143;41;102;27;45
3554;Fem;Dor_costas;0.550724637681159;69;138;48;90;31;38
3555;Fem;Casado_Amasiado;0.514705882352941;68;134;84;50;33;35
3556;Fem;D30;0.416666666666667;48;88;46;42;28;20
3557;Fem;Solteiro;0.397058823529412;68;134;73;61;41;27
3558;Fem;OutraDoenca;0.376811594202899;69;138;84;54;43;26
3559;Fem;Cirurgia_coluna;0.319444444444444;72;141;85;56;49;23
3560;Fem;Dor_pernas;0.303030303030303;66;138;93;45;46;20
3561;Fem;D29;0.25;48;88;58;30;36;12
3562;Fem;Fuma;0.246153846153846;65;135;105;30;49;16
3563;Fem;D24;0.208333333333333;48;88;72;16;38;10
3564;Fem;D46;0.208333333333333;48;88;60;28;38;10
3565;Fem;D32;0.1875;48;88;60;28;39;9
3566;Fem;D44;0.1875;48;88;59;29;39;9
3567;Fem;Desempregado;0.173913043478261;69;128;110;18;57;12
3568;Fem;Livrar_perna;0.170731707317073;41;87;80;7;34;7
3569;Fem;D31;0.145833333333333;48;88;78;10;41;7
3570;Fem;D48;0.145833333333333;48;88;69;19;41;7
3571;Fem;D16;0.125;48;88;74;14;42;6
3572;Fem;Aposentado;0.115942028985507;69;132;103;29;61;8
3573;Fem;D33;0.104166666666667;48;88;81;7;43;5
3574;Fem;D37;0.104166666666667;48;88;71;17;43;5
3575;Fem;D49;0.104166666666667;48;88;80;8;43;5
3576;Fem;Licenca_Medica;0.101449275362319;69;130;118;12;62;7
3577;Fem;Retornar_trabalho;0.0869565217391304;69;135;120;15;63;6
3578;Fem;D39;0.0833333333333333;48;88;77;11;44;4
3579;Fem;D45;0.0833333333333333;48;88;80;8;44;4
3580;Fem;D47;0.0833333333333333;48;88;80;8;44;4
3581;Fem;D15;0.0625;48;88;84;4;45;3
3582;Fem;D18;0.0625;48;88;75;13;45;3
3583;Fem;D20;0.0625;48;88;83;5;45;3
3584;Fem;D28;0.0625;48;88;85;3;45;3
3585;Fem;D36;0.0625;48;88;83;5;45;3
3586;Fem;Aposentado_Invalidez;0.0579710144927536;69;128;124;4;65;4
3587;Fem;Separado_Divorciado;0.0441176470588235;68;134;129;5;65;3
3588;Fem;D2;0.0416666666666667;48;88;82;6;46;2
3589;Fem;D21;0.0416666666666667;48;88;83;5;46;2
3590;Fem;D34;0.0416666666666667;48;88;87;1;46;2
3591;Fem;D38;0.0416666666666667;48;88;87;1;46;2
3592;Fem;D40;0.0416666666666667;48;88;85;3;46;2
3593;Fem;D43;0.0416666666666667;48;88;87;1;46;2
3594;Fem;D50;0.0416666666666667;48;88;88;0;46;2
3595;Fem;D53;0.0416666666666667;48;88;88;0;46;2
3596;Fem;X5;0.0294117647058824;68;134;130;4;66;2
3597;Fem;Livrar_perda_sens;0.024390243902439;41;87;86;1;40;1
3598;Fem;D23;0.0208333333333333;48;88;87;1;47;1
3599;Fem;D25;0.0208333333333333;48;88;85;3;47;1
3600;Fem;D27;0.0208333333333333;48;88;84;4;47;1
3601;Fem;D5;0.0208333333333333;48;88;86;2;47;1
3602;Fem;D52;0.0208333333333333;48;88;87;1;47;1
3603;Fem;X4;0.0147058823529412;68;134;132;2;67;1
3604;Fem;Fem;1;79;161;161;0;0;79
3605;Fem;Masc;0;79;161;0;161;79;0
3606;Fem;X6;0;68;134;122;12;68;0
3607;Fem;D1;0;48;88;87;1;48;0
3608;Fem;D17;0;48;88;83;5;48;0
3609;Fem;D19;0;48;88;81;7;48;0
3610;Fem;D22;0;48;88;86;2;48;0
3611;Fem;D26;0;48;88;86;2;48;0
3612;Fem;D3;0;48;88;86;2;48;0
3613;Fem;D35;0;48;88;86;2;48;0
3614;Fem;D4;0;48;88;84;4;48;0
3615;Fem;D41;0;48;88;81;7;48;0
3616;Fem;D42;0;48;88;85;3;48;0
3617;Fem;D51;0;48;88;87;1;48;0
3618;Fem;D9;0;48;88;87;1;48;0
3619;Fuma;Fuma;1;46;154;154;0;0;46
3620;Fuma;Cirurgia_coluna;0.647058823529412;34;144;96;48;12;22
3621;Fuma;Aposentado;0.244444444444444;45;144;121;23;34;11
3622;Fuma;Desempregado;0.244444444444444;45;140;123;17;34;11
3623;Fuma;Licenca_Medica;0.2;45;142;133;9;36;9
3624;Fuma;Aposentado_Invalidez;0.113636363636364;44;138;135;3;39;5
3625;Fuma;Analgésicos;0.688888888888889;45;141;49;92;14;31
3626;Fuma;OutraDoenca;0.288888888888889;45;143;87;56;32;13
3627;Fuma;Dor_costas;0.673913043478261;46;138;60;78;15;31
3628;Fuma;Dor_pernas;0.456521739130435;46;137;97;40;25;21
3629;Fuma;Retornar_trabalho;0.181818181818182;44;122;110;12;36;8
3630;Fuma;Masc;0.652173913043478;46;154;49;105;16;30
3631;Fuma;Fem;0.347826086956522;46;154;105;49;30;16
3632;Fuma;Casado_Amasiado;0.260869565217391;46;147;75;72;34;12
3633;Fuma;Solteiro;0.521739130434783;46;147;88;59;22;24
3634;Fuma;Separado_Divorciado;0.0217391304347826;46;147;140;7;45;1
3635;Fuma;X4;0.0652173913043478;46;147;147;0;43;3
3636;Fuma;X5;0.0217391304347826;46;147;144;3;45;1
3637;Fuma;X6;0.108695652173913;46;147;141;6;41;5
3638;Fuma;Livrar_costas;0.818181818181818;33;79;9;70;6;27
3639;Fuma;Livrar_perna;0.181818181818182;33;79;71;8;27;6
3640;Fuma;Livrar_perda_sens;0;33;79;78;1;33;0
3641;Fuma;D1;0;46;82;81;1;46;0
3642;Fuma;D15;0.108695652173913;46;82;82;0;41;5
3643;Fuma;D16;0.173913043478261;46;82;71;11;38;8
3644;Fuma;D17;0.0652173913043478;46;82;81;1;43;3
3645;Fuma;D18;0.195652173913043;46;82;77;5;37;9
3646;Fuma;D19;0.0869565217391304;46;82;79;3;42;4
3647;Fuma;D2;0.173913043478261;46;82;82;0;38;8
3648;Fuma;D20;0.0652173913043478;46;82;77;5;43;3
3649;Fuma;D21;0.0434782608695652;46;82;77;5;44;2
3650;Fuma;D22;0.0217391304347826;46;82;81;1;45;1
3651;Fuma;D23;0;46;82;81;1;46;0
3652;Fuma;D24;0.173913043478261;46;82;66;16;38;8
3653;Fuma;D25;0.0217391304347826;46;82;80;2;45;1
3654;Fuma;D26;0;46;82;80;2;46;0
3655;Fuma;D27;0.0652173913043478;46;82;81;1;43;3
3656;Fuma;D28;0.0652173913043478;46;82;80;2;43;3
3657;Fuma;D29;0.282608695652174;46;82;55;27;33;13
3658;Fuma;D3;0.0434782608695652;46;82;82;0;44;2
3659;Fuma;D30;0.369565217391304;46;82;40;42;29;17
3660;Fuma;D31;0.173913043478261;46;82;74;8;38;8
3661;Fuma;D32;0.239130434782609;46;82;57;25;35;11
3662;Fuma;D33;0.0869565217391304;46;82;75;7;42;4
3663;Fuma;D34;0.0652173913043478;46;82;82;0;43;3
3664;Fuma;D35;0.0434782608695652;46;82;82;0;44;2
3665;Fuma;D36;0.0869565217391304;46;82;80;2;42;4
3666;Fuma;D37;0.173913043478261;46;82;70;12;38;8
3667;Fuma;D38;0.0652173913043478;46;82;82;0;43;3
3668;Fuma;D39;0.108695652173913;46;82;72;10;41;5
3669;Fuma;D4;0.0869565217391304;46;82;82;0;42;4
3670;Fuma;D40;0.0869565217391304;46;82;82;0;42;4
3671;Fuma;D41;0.0652173913043478;46;82;80;2;43;3
3672;Fuma;D42;0.0217391304347826;46;82;80;2;45;1
3673;Fuma;D43;0.0434782608695652;46;82;81;1;44;2
3674;Fuma;D44;0.239130434782609;46;82;56;26;35;11
3675;Fuma;D45;0.130434782608696;46;82;77;5;40;6
3676;Fuma;D46;0.239130434782609;46;82;56;26;35;11
3677;Fuma;D47;0.152173913043478;46;82;77;5;39;7
3678;Fuma;D48;0.108695652173913;46;82;62;20;41;5
3679;Fuma;D49;0.0869565217391304;46;82;73;9;42;4
3680;Fuma;D5;0.0652173913043478;46;82;82;0;43;3
3681;Fuma;D50;0.0434782608695652;46;82;82;0;44;2
3682;Fuma;D51;0.0217391304347826;46;82;82;0;45;1
3683;Fuma;D52;0.0217391304347826;46;82;81;1;45;1
3684;Fuma;D53;0.0434782608695652;46;82;82;0;44;2
3685;Fuma;D9;0.0217391304347826;46;82;82;0;45;1
3686;Licenca_Medica;Fuma;0.5;18;169;133;36;9;9
3687;Licenca_Medica;Cirurgia_coluna;0.769230769230769;13;169;107;62;3;10
3688;Licenca_Medica;Aposentado;0.263157894736842;19;180;149;31;14;5
3689;Licenca_Medica;Desempregado;0.421052631578947;19;177;155;22;11;8
3690;Licenca_Medica;Licenca_Medica;1;19;180;180;0;0;19
3691;Licenca_Medica;Aposentado_Invalidez;0.166666666666667;18;174;169;5;15;3
3692;Licenca_Medica;Analgésicos;0.578947368421053;19;172;58;114;8;11
3693;Licenca_Medica;OutraDoenca;0.368421052631579;19;174;110;64;12;7
3694;Licenca_Medica;Dor_costas;0.842105263157895;19;172;72;100;3;16
3695;Licenca_Medica;Dor_pernas;0.631578947368421;19;170;122;48;7;12
3696;Licenca_Medica;Retornar_trabalho;0.176470588235294;17;158;141;17;14;3
3697;Licenca_Medica;Masc;0.631578947368421;19;180;62;118;7;12
3698;Licenca_Medica;Fem;0.368421052631579;19;180;118;62;12;7
3699;Licenca_Medica;Casado_Amasiado;0.263157894736842;19;169;93;76;14;5
3700;Licenca_Medica;Solteiro;0.631578947368421;19;169;100;69;7;12
3701;Licenca_Medica;Separado_Divorciado;0.0526315789473684;19;169;162;7;18;1
3702;Licenca_Medica;X4;0;19;169;166;3;19;0
3703;Licenca_Medica;X5;0;19;169;165;4;19;0
3704;Licenca_Medica;X6;0.0526315789473684;19;169;159;10;18;1
3705;Licenca_Medica;Livrar_costas;0.9375;16;103;13;90;1;15
3706;Licenca_Medica;Livrar_perna;0.0625;16;103;91;12;15;1
3707;Licenca_Medica;Livrar_perda_sens;0;16;103;102;1;16;0
3708;Licenca_Medica;D1;0;18;114;113;1;18;0
3709;Licenca_Medica;D15;0.166666666666667;18;114;111;3;15;3
3710;Licenca_Medica;D16;0.166666666666667;18;114;97;17;15;3
3711;Licenca_Medica;D17;0.111111111111111;18;114;111;3;16;2
3712;Licenca_Medica;D18;0.166666666666667;18;114;101;13;15;3
3713;Licenca_Medica;D19;0.0555555555555556;18;114;108;6;17;1
3714;Licenca_Medica;D2;0.111111111111111;18;114;108;6;16;2
3715;Licenca_Medica;D20;0.111111111111111;18;114;108;6;16;2
3716;Licenca_Medica;D21;0.0555555555555556;18;114;108;6;17;1
3717;Licenca_Medica;D22;0.0555555555555556;18;114;113;1;17;1
3718;Licenca_Medica;D23;0;18;114;112;2;18;0
3719;Licenca_Medica;D24;0.222222222222222;18;114;92;22;14;4
3720;Licenca_Medica;D25;0;18;114;110;4;18;0
3721;Licenca_Medica;D26;0.0555555555555556;18;114;113;1;17;1
3722;Licenca_Medica;D27;0.0555555555555556;18;114;110;4;17;1
3723;Licenca_Medica;D28;0.0555555555555556;18;114;109;5;17;1
3724;Licenca_Medica;D29;0.444444444444444;18;114;80;34;10;8
3725;Licenca_Medica;D3;0;18;114;112;2;18;0
3726;Licenca_Medica;D30;0.555555555555556;18;114;62;52;8;10
3727;Licenca_Medica;D31;0.222222222222222;18;114;102;12;14;4
3728;Licenca_Medica;D32;0.333333333333333;18;114;83;31;12;6
3729;Licenca_Medica;D33;0;18;114;103;11;18;0
3730;Licenca_Medica;D34;0.111111111111111;18;114;113;1;16;2
3731;Licenca_Medica;D35;0.0555555555555556;18;114;113;1;17;1
3732;Licenca_Medica;D36;0.166666666666667;18;114;110;4;15;3
3733;Licenca_Medica;D37;0.333333333333333;18;114;98;16;12;6
3734;Licenca_Medica;D38;0.0555555555555556;18;114;113;1;17;1
3735;Licenca_Medica;D39;0.0555555555555556;18;114;100;14;17;1
3736;Licenca_Medica;D4;0.0555555555555556;18;114;111;3;17;1
3737;Licenca_Medica;D40;0.166666666666667;18;114;113;1;15;3
3738;Licenca_Medica;D41;0.166666666666667;18;114;110;4;15;3
3739;Licenca_Medica;D42;0.0555555555555556;18;114;112;2;17;1
3740;Licenca_Medica;D43;0.0555555555555556;18;114;112;2;17;1
3741;Licenca_Medica;D44;0.333333333333333;18;114;82;32;12;6
3742;Licenca_Medica;D45;0.0555555555555556;18;114;104;10;17;1
3743;Licenca_Medica;D46;0.222222222222222;18;114;80;34;14;4
3744;Licenca_Medica;D47;0.0555555555555556;18;114;104;10;17;1
3745;Licenca_Medica;D48;0.166666666666667;18;114;91;23;15;3
3746;Licenca_Medica;D49;0.0555555555555556;18;114;103;11;17;1
3747;Licenca_Medica;D5;0.111111111111111;18;114;113;1;16;2
3748;Licenca_Medica;D50;0.0555555555555556;18;114;113;1;17;1
3749;Licenca_Medica;D51;0.0555555555555556;18;114;114;0;17;1
3750;Licenca_Medica;D52;0;18;114;112;2;18;0
3751;Licenca_Medica;D53;0;18;114;112;2;18;0
3752;Licenca_Medica;D9;0.0555555555555556;18;114;114;0;17;1
3753;Livrar_costas;Fuma;0.278350515463918;97;15;9;6;70;27
3754;Livrar_costas;Cirurgia_coluna;0.438775510204082;98;15;8;7;55;43
3755;Livrar_costas;Aposentado;0.238095238095238;105;14;13;1;80;25
3756;Livrar_costas;Desempregado;0.211538461538462;104;14;10;4;82;22
3757;Livrar_costas;Licenca_Medica;0.142857142857143;105;14;13;1;90;15
3758;Livrar_costas;Aposentado_Invalidez;0.0588235294117647;102;15;13;2;96;6
3759;Livrar_costas;Analgésicos;0.796296296296296;108;15;4;11;22;86
3760;Livrar_costas;OutraDoenca;0.411214953271028;107;14;7;7;63;44
3761;Livrar_costas;Dor_costas;0.918918918918919;111;16;7;9;9;102
3762;Livrar_costas;Dor_pernas;0.4;110;15;2;13;66;44
3763;Livrar_costas;Retornar_trabalho;0.168224299065421;107;14;12;2;89;18
3764;Livrar_costas;Masc;0.705357142857143;112;16;8;8;33;79
3765;Livrar_costas;Fem;0.294642857142857;112;16;8;8;79;33
3766;Livrar_costas;Casado_Amasiado;0.422680412371134;97;15;10;5;56;41
3767;Livrar_costas;Solteiro;0.45360824742268;97;15;9;6;53;44
3768;Livrar_costas;Separado_Divorciado;0.0412371134020619;97;15;14;1;93;4
3769;Livrar_costas;X4;0.0103092783505155;97;15;14;1;96;1
3770;Livrar_costas;X5;0.0103092783505155;97;15;14;1;96;1
3771;Livrar_costas;X6;0.0618556701030928;97;15;14;1;91;6
3772;Livrar_costas;Livrar_costas;1;112;16;16;0;0;112
3773;Livrar_costas;Livrar_perna;0;112;16;2;14;112;0
3774;Livrar_costas;Livrar_perda_sens;0;112;16;14;2;112;0
3775;Livrar_costas;D1;0.0116279069767442;86;14;14;0;85;1
3776;Livrar_costas;D15;0.0465116279069767;86;14;12;2;82;4
3777;Livrar_costas;D16;0.197674418604651;86;14;12;2;69;17
3778;Livrar_costas;D17;0.0465116279069767;86;14;14;0;82;4
3779;Livrar_costas;D18;0.13953488372093;86;14;14;0;74;12
3780;Livrar_costas;D19;0.0581395348837209;86;14;14;0;81;5
3781;Livrar_costas;D2;0.0813953488372093;86;14;14;0;79;7
3782;Livrar_costas;D20;0.0813953488372093;86;14;14;0;79;7
3783;Livrar_costas;D21;0.0813953488372093;86;14;14;0;79;7
3784;Livrar_costas;D22;0.0116279069767442;86;14;14;0;85;1
3785;Livrar_costas;D23;0.0232558139534884;86;14;14;0;84;2
3786;Livrar_costas;D24;0.290697674418605;86;14;14;0;61;25
3787;Livrar_costas;D25;0.0465116279069767;86;14;14;0;82;4
3788;Livrar_costas;D26;0.0232558139534884;86;14;14;0;84;2
3789;Livrar_costas;D27;0.0581395348837209;86;14;14;0;81;5
3790;Livrar_costas;D28;0.0697674418604651;86;14;14;0;80;6
3791;Livrar_costas;D29;0.383720930232558;86;14;7;7;53;33
3792;Livrar_costas;D3;0.0116279069767442;86;14;14;0;85;1
3793;Livrar_costas;D30;0.593023255813954;86;14;4;10;35;51
3794;Livrar_costas;D31;0.151162790697674;86;14;10;4;73;13
3795;Livrar_costas;D32;0.337209302325581;86;14;7;7;57;29
3796;Livrar_costas;D33;0.0930232558139535;86;14;10;4;78;8
3797;Livrar_costas;D34;0.0232558139534884;86;14;14;0;84;2
3798;Livrar_costas;D35;0.0116279069767442;86;14;14;0;85;1
3799;Livrar_costas;D36;0.0465116279069767;86;14;11;3;82;4
3800;Livrar_costas;D37;0.197674418604651;86;14;11;3;69;17
3801;Livrar_costas;D38;0;86;14;11;3;86;0
3802;Livrar_costas;D39;0.127906976744186;86;14;11;3;75;11
3803;Livrar_costas;D4;0.0232558139534884;86;14;14;0;84;2
3804;Livrar_costas;D40;0.0116279069767442;86;14;11;3;85;1
3805;Livrar_costas;D41;0.0581395348837209;86;14;13;1;81;5
3806;Livrar_costas;D42;0.0232558139534884;86;14;14;0;84;2
3807;Livrar_costas;D43;0.0232558139534884;86;14;14;0;84;2
3808;Livrar_costas;D44;0.325581395348837;86;14;6;8;58;28
3809;Livrar_costas;D45;0.0930232558139535;86;14;10;4;78;8
3810;Livrar_costas;D46;0.313953488372093;86;14;5;9;59;27
3811;Livrar_costas;D47;0.0813953488372093;86;14;9;5;79;7
3812;Livrar_costas;D48;0.209302325581395;86;14;8;6;68;18
3813;Livrar_costas;D49;0.104651162790698;86;14;10;4;77;9
3814;Livrar_costas;D5;0.0348837209302326;86;14;14;0;83;3
3815;Livrar_costas;D50;0.0116279069767442;86;14;14;0;85;1
3816;Livrar_costas;D51;0.0116279069767442;86;14;14;0;85;1
3817;Livrar_costas;D52;0.0116279069767442;86;14;14;0;85;1
3818;Livrar_costas;D53;0.0116279069767442;86;14;14;0;85;1
3819;Livrar_costas;D9;0.0116279069767442;86;14;14;0;85;1
3820;Livrar_perda_sens;Fuma;0;1;111;78;33;1;0
3821;Livrar_perda_sens;Cirurgia_coluna;0.5;2;111;62;49;1;1
3822;Livrar_perda_sens;Aposentado;0;1;118;92;26;1;0
3823;Livrar_perda_sens;Desempregado;0;1;117;91;26;1;0
3824;Livrar_perda_sens;Licenca_Medica;0;1;118;102;16;1;0
3825;Livrar_perda_sens;Aposentado_Invalidez;0;2;115;107;8;2;0
3826;Livrar_perda_sens;Analgésicos;0;1;122;25;97;1;0
3827;Livrar_perda_sens;OutraDoenca;0;1;120;69;51;1;0
3828;Livrar_perda_sens;Dor_costas;0.5;2;125;15;110;1;1
3829;Livrar_perda_sens;Dor_pernas;0;1;124;67;57;1;0
3830;Livrar_perda_sens;Retornar_trabalho;0;2;119;99;20;2;0
3831;Livrar_perda_sens;Masc;0.5;2;126;40;86;1;1
3832;Livrar_perda_sens;Fem;0.5;2;126;86;40;1;1
3833;Livrar_perda_sens;Casado_Amasiado;0;1;111;65;46;1;0
3834;Livrar_perda_sens;Solteiro;0;1;111;61;50;1;0
3835;Livrar_perda_sens;Separado_Divorciado;0;1;111;106;5;1;0
3836;Livrar_perda_sens;X4;0;1;111;109;2;1;0
3837;Livrar_perda_sens;X5;1;1;111;110;1;0;1
3838;Livrar_perda_sens;X6;0;1;111;104;7;1;0
3839;Livrar_perda_sens;Livrar_costas;0;2;126;14;112;2;0
3840;Livrar_perda_sens;Livrar_perna;0;2;126;112;14;2;0
3841;Livrar_perda_sens;Livrar_perda_sens;1;2;126;126;0;0;2
3842;Livrar_perda_sens;D1;NaN;0;100;99;1;0;0
3843;Livrar_perda_sens;D15;NaN;0;100;94;6;0;0
3844;Livrar_perda_sens;D16;NaN;0;100;81;19;0;0
3845;Livrar_perda_sens;D17;NaN;0;100;96;4;0;0
3846;Livrar_perda_sens;D18;NaN;0;100;88;12;0;0
3847;Livrar_perda_sens;D19;NaN;0;100;95;5;0;0
3848;Livrar_perda_sens;D2;NaN;0;100;93;7;0;0
3849;Livrar_perda_sens;D20;NaN;0;100;93;7;0;0
3850;Livrar_perda_sens;D21;NaN;0;100;93;7;0;0
3851;Livrar_perda_sens;D22;NaN;0;100;99;1;0;0
3852;Livrar_perda_sens;D23;NaN;0;100;98;2;0;0
3853;Livrar_perda_sens;D24;NaN;0;100;75;25;0;0
3854;Livrar_perda_sens;D25;NaN;0;100;96;4;0;0
3855;Livrar_perda_sens;D26;NaN;0;100;98;2;0;0
3856;Livrar_perda_sens;D27;NaN;0;100;95;5;0;0
3857;Livrar_perda_sens;D28;NaN;0;100;94;6;0;0
3858;Livrar_perda_sens;D29;NaN;0;100;60;40;0;0
3859;Livrar_perda_sens;D3;NaN;0;100;99;1;0;0
3860;Livrar_perda_sens;D30;NaN;0;100;39;61;0;0
3861;Livrar_perda_sens;D31;NaN;0;100;83;17;0;0
3862;Livrar_perda_sens;D32;NaN;0;100;64;36;0;0
3863;Livrar_perda_sens;D33;NaN;0;100;88;12;0;0
3864;Livrar_perda_sens;D34;NaN;0;100;98;2;0;0
3865;Livrar_perda_sens;D35;NaN;0;100;99;1;0;0
3866;Livrar_perda_sens;D36;NaN;0;100;93;7;0;0
3867;Livrar_perda_sens;D37;NaN;0;100;80;20;0;0
3868;Livrar_perda_sens;D38;NaN;0;100;97;3;0;0
3869;Livrar_perda_sens;D39;NaN;0;100;86;14;0;0
3870;Livrar_perda_sens;D4;NaN;0;100;98;2;0;0
3871;Livrar_perda_sens;D40;NaN;0;100;96;4;0;0
3872;Livrar_perda_sens;D41;NaN;0;100;94;6;0;0
3873;Livrar_perda_sens;D42;NaN;0;100;98;2;0;0
3874;Livrar_perda_sens;D43;NaN;0;100;98;2;0;0
3875;Livrar_perda_sens;D44;NaN;0;100;64;36;0;0
3876;Livrar_perda_sens;D45;NaN;0;100;88;12;0;0
3877;Livrar_perda_sens;D46;NaN;0;100;64;36;0;0
3878;Livrar_perda_sens;D47;NaN;0;100;88;12;0;0
3879;Livrar_perda_sens;D48;NaN;0;100;76;24;0;0
3880;Livrar_perda_sens;D49;NaN;0;100;87;13;0;0
3881;Livrar_perda_sens;D5;NaN;0;100;97;3;0;0
3882;Livrar_perda_sens;D50;NaN;0;100;99;1;0;0
3883;Livrar_perda_sens;D51;NaN;0;100;99;1;0;0
3884;Livrar_perda_sens;D52;NaN;0;100;99;1;0;0
3885;Livrar_perda_sens;D53;NaN;0;100;99;1;0;0
3886;Livrar_perda_sens;D9;NaN;0;100;99;1;0;0
3887;Livrar_perna;Fuma;0.428571428571429;14;98;71;27;8;6
3888;Livrar_perna;Cirurgia_coluna;0.461538461538462;13;100;56;44;7;6
3889;Livrar_perna;Aposentado;0.0769230769230769;13;106;81;25;12;1
3890;Livrar_perna;Desempregado;0.307692307692308;13;105;83;22;9;4
3891;Livrar_perna;Licenca_Medica;0.0769230769230769;13;106;91;15;12;1
3892;Livrar_perna;Aposentado_Invalidez;0.153846153846154;13;104;98;6;11;2
3893;Livrar_perna;Analgésicos;0.785714285714286;14;109;23;86;3;11
3894;Livrar_perna;OutraDoenca;0.538461538461538;13;108;64;44;6;7
3895;Livrar_perna;Dor_costas;0.571428571428571;14;113;10;103;6;8
3896;Livrar_perna;Dor_pernas;0.928571428571429;14;111;67;44;1;13
3897;Livrar_perna;Retornar_trabalho;0.166666666666667;12;109;91;18;10;2
3898;Livrar_perna;Masc;0.5;14;114;34;80;7;7
3899;Livrar_perna;Fem;0.5;14;114;80;34;7;7
3900;Livrar_perna;Casado_Amasiado;0.357142857142857;14;98;57;41;9;5
3901;Livrar_perna;Solteiro;0.428571428571429;14;98;54;44;8;6
3902;Livrar_perna;Separado_Divorciado;0.0714285714285714;14;98;94;4;13;1
3903;Livrar_perna;X4;0.0714285714285714;14;98;97;1;13;1
3904;Livrar_perna;X5;0;14;98;96;2;14;0
3905;Livrar_perna;X6;0.0714285714285714;14;98;92;6;13;1
3906;Livrar_perna;Livrar_costas;0;14;114;2;112;14;0
3907;Livrar_perna;Livrar_perna;1;14;114;114;0;0;14
3908;Livrar_perna;Livrar_perda_sens;0;14;114;112;2;14;0
3909;Livrar_perna;D1;0;14;86;85;1;14;0
3910;Livrar_perna;D15;0.142857142857143;14;86;82;4;12;2
3911;Livrar_perna;D16;0.142857142857143;14;86;69;17;12;2
3912;Livrar_perna;D17;0;14;86;82;4;14;0
3913;Livrar_perna;D18;0;14;86;74;12;14;0
3914;Livrar_perna;D19;0;14;86;81;5;14;0
3915;Livrar_perna;D2;0;14;86;79;7;14;0
3916;Livrar_perna;D20;0;14;86;79;7;14;0
3917;Livrar_perna;D21;0;14;86;79;7;14;0
3918;Livrar_perna;D22;0;14;86;85;1;14;0
3919;Livrar_perna;D23;0;14;86;84;2;14;0
3920;Livrar_perna;D24;0;14;86;61;25;14;0
3921;Livrar_perna;D25;0;14;86;82;4;14;0
3922;Livrar_perna;D26;0;14;86;84;2;14;0
3923;Livrar_perna;D27;0;14;86;81;5;14;0
3924;Livrar_perna;D28;0;14;86;80;6;14;0
3925;Livrar_perna;D29;0.5;14;86;53;33;7;7
3926;Livrar_perna;D3;0;14;86;85;1;14;0
3927;Livrar_perna;D30;0.714285714285714;14;86;35;51;4;10
3928;Livrar_perna;D31;0.285714285714286;14;86;73;13;10;4
3929;Livrar_perna;D32;0.5;14;86;57;29;7;7
3930;Livrar_perna;D33;0.285714285714286;14;86;78;8;10;4
3931;Livrar_perna;D34;0;14;86;84;2;14;0
3932;Livrar_perna;D35;0;14;86;85;1;14;0
3933;Livrar_perna;D36;0.214285714285714;14;86;82;4;11;3
3934;Livrar_perna;D37;0.214285714285714;14;86;69;17;11;3
3935;Livrar_perna;D38;0.214285714285714;14;86;86;0;11;3
3936;Livrar_perna;D39;0.214285714285714;14;86;75;11;11;3
3937;Livrar_perna;D4;0;14;86;84;2;14;0
3938;Livrar_perna;D40;0.214285714285714;14;86;85;1;11;3
3939;Livrar_perna;D41;0.0714285714285714;14;86;81;5;13;1
3940;Livrar_perna;D42;0;14;86;84;2;14;0
3941;Livrar_perna;D43;0;14;86;84;2;14;0
3942;Livrar_perna;D44;0.571428571428571;14;86;58;28;6;8
3943;Livrar_perna;D45;0.285714285714286;14;86;78;8;10;4
3944;Livrar_perna;D46;0.642857142857143;14;86;59;27;5;9
3945;Livrar_perna;D47;0.357142857142857;14;86;79;7;9;5
3946;Livrar_perna;D48;0.428571428571429;14;86;68;18;8;6
3947;Livrar_perna;D49;0.285714285714286;14;86;77;9;10;4
3948;Livrar_perna;D5;0;14;86;83;3;14;0
3949;Livrar_perna;D50;0;14;86;85;1;14;0
3950;Livrar_perna;D51;0;14;86;85;1;14;0
3951;Livrar_perna;D52;0;14;86;85;1;14;0
3952;Livrar_perna;D53;0;14;86;85;1;14;0
3953;Livrar_perna;D9;0;14;86;85;1;14;0
3954;Masc;Fuma;0.222222222222222;135;65;49;16;105;30
3955;Masc;Cirurgia_coluna;0.397163120567376;141;72;49;23;85;56
3956;Masc;Aposentado;0.21969696969697;132;69;61;8;103;29
3957;Masc;Desempregado;0.140625;128;69;57;12;110;18
3958;Masc;Licenca_Medica;0.0923076923076923;130;69;62;7;118;12
3959;Masc;Aposentado_Invalidez;0.03125;128;69;65;4;124;4
3960;Masc;Analgésicos;0.713286713286713;143;72;27;45;41;102
3961;Masc;OutraDoenca;0.391304347826087;138;69;43;26;84;54
3962;Masc;Dor_costas;0.652173913043478;138;69;31;38;48;90
3963;Masc;Dor_pernas;0.326086956521739;138;66;46;20;93;45
3964;Masc;Retornar_trabalho;0.111111111111111;135;69;63;6;120;15
3965;Masc;Masc;1;161;79;79;0;0;161
3966;Masc;Fem;0;161;79;0;79;161;0
3967;Masc;Casado_Amasiado;0.373134328358209;134;68;33;35;84;50
3968;Masc;Solteiro;0.455223880597015;134;68;41;27;73;61
3969;Masc;Separado_Divorciado;0.0373134328358209;134;68;65;3;129;5
3970;Masc;X4;0.0149253731343284;134;68;67;1;132;2
3971;Masc;X5;0.0298507462686567;134;68;66;2;130;4
3972;Masc;X6;0.0895522388059701;134;68;68;0;122;12
3973;Masc;Livrar_costas;0.908045977011494;87;41;8;33;8;79
3974;Masc;Livrar_perna;0.0804597701149425;87;41;34;7;80;7
3975;Masc;Livrar_perda_sens;0.0114942528735632;87;41;40;1;86;1
3976;Masc;D1;0.0113636363636364;88;48;48;0;87;1
3977;Masc;D15;0.0454545454545455;88;48;45;3;84;4
3978;Masc;D16;0.159090909090909;88;48;42;6;74;14
3979;Masc;D17;0.0568181818181818;88;48;48;0;83;5
3980;Masc;D18;0.147727272727273;88;48;45;3;75;13
3981;Masc;D19;0.0795454545454545;88;48;48;0;81;7
3982;Masc;D2;0.0681818181818182;88;48;46;2;82;6
3983;Masc;D20;0.0568181818181818;88;48;45;3;83;5
3984;Masc;D21;0.0568181818181818;88;48;46;2;83;5
3985;Masc;D22;0.0227272727272727;88;48;48;0;86;2
3986;Masc;D23;0.0113636363636364;88;48;47;1;87;1
3987;Masc;D24;0.181818181818182;88;48;38;10;72;16
3988;Masc;D25;0.0340909090909091;88;48;47;1;85;3
3989;Masc;D26;0.0227272727272727;88;48;48;0;86;2
3990;Masc;D27;0.0454545454545455;88;48;47;1;84;4
3991;Masc;D28;0.0340909090909091;88;48;45;3;85;3
3992;Masc;D29;0.340909090909091;88;48;36;12;58;30
3993;Masc;D3;0.0227272727272727;88;48;48;0;86;2
3994;Masc;D30;0.477272727272727;88;48;28;20;46;42
3995;Masc;D31;0.113636363636364;88;48;41;7;78;10
3996;Masc;D32;0.318181818181818;88;48;39;9;60;28
3997;Masc;D33;0.0795454545454545;88;48;43;5;81;7
3998;Masc;D34;0.0113636363636364;88;48;46;2;87;1
3999;Masc;D35;0.0227272727272727;88;48;48;0;86;2
4000;Masc;D36;0.0568181818181818;88;48;45;3;83;5
4001;Masc;D37;0.193181818181818;88;48;43;5;71;17
4002;Masc;D38;0.0113636363636364;88;48;46;2;87;1
4003;Masc;D39;0.125;88;48;44;4;77;11
4004;Masc;D4;0.0454545454545455;88;48;48;0;84;4
4005;Masc;D40;0.0340909090909091;88;48;46;2;85;3
4006;Masc;D41;0.0795454545454545;88;48;48;0;81;7
4007;Masc;D42;0.0340909090909091;88;48;48;0;85;3
4008;Masc;D43;0.0113636363636364;88;48;46;2;87;1
4009;Masc;D44;0.329545454545455;88;48;39;9;59;29
4010;Masc;D45;0.0909090909090909;88;48;44;4;80;8
4011;Masc;D46;0.318181818181818;88;48;38;10;60;28
4012;Masc;D47;0.0909090909090909;88;48;44;4;80;8
4013;Masc;D48;0.215909090909091;88;48;41;7;69;19
4014;Masc;D49;0.0909090909090909;88;48;43;5;80;8
4015;Masc;D5;0.0227272727272727;88;48;47;1;86;2
4016;Masc;D50;0;88;48;46;2;88;0
4017;Masc;D51;0.0113636363636364;88;48;48;0;87;1
4018;Masc;D52;0.0113636363636364;88;48;47;1;87;1
4019;Masc;D53;0;88;48;46;2;88;0
4020;Masc;D9;0.0113636363636364;88;48;48;0;87;1
4021;OutraDoenca;Fuma;0.188405797101449;69;119;87;32;56;13
4022;OutraDoenca;Cirurgia_coluna;0.383561643835616;73;116;69;47;45;28
4023;OutraDoenca;Aposentado;0.267605633802817;71;124;106;18;52;19
4024;OutraDoenca;Desempregado;0.2;70;121;105;16;56;14
4025;OutraDoenca;Licenca_Medica;0.0985915492957746;71;122;110;12;64;7
4026;OutraDoenca;Aposentado_Invalidez;0.0694444444444444;72;120;117;3;67;5
4027;OutraDoenca;Analgésicos;0.706666666666667;75;124;45;79;22;53
4028;OutraDoenca;OutraDoenca;1;80;127;127;0;0;80
4029;OutraDoenca;Dor_costas;0.662162162162162;74;122;53;69;25;49
4030;OutraDoenca;Dor_pernas;0.378378378378378;74;122;87;35;46;28
4031;OutraDoenca;Retornar_trabalho;0.173913043478261;69;114;105;9;57;12
4032;OutraDoenca;Masc;0.675;80;127;43;84;26;54
4033;OutraDoenca;Fem;0.325;80;127;84;43;54;26
4034;OutraDoenca;Casado_Amasiado;0.405797101449275;69;120;64;56;41;28
4035;OutraDoenca;Solteiro;0.434782608695652;69;120;70;50;39;30
4036;OutraDoenca;Separado_Divorciado;0.072463768115942;69;120;118;2;64;5
4037;OutraDoenca;X4;0.0144927536231884;69;120;118;2;68;1
4038;OutraDoenca;X5;0;69;120;116;4;69;0
4039;OutraDoenca;X6;0.072463768115942;69;120;114;6;64;5
4040;OutraDoenca;Livrar_costas;0.862745098039216;51;70;7;63;7;44
4041;OutraDoenca;Livrar_perna;0.137254901960784;51;70;64;6;44;7
4042;OutraDoenca;Livrar_perda_sens;0;51;70;69;1;51;0
4043;OutraDoenca;D1;0;50;80;79;1;50;0
4044;OutraDoenca;D15;0.04;50;80;75;5;48;2
4045;OutraDoenca;D16;0.14;50;80;67;13;43;7
4046;OutraDoenca;D17;0;50;80;75;5;50;0
4047;OutraDoenca;D18;0.1;50;80;69;11;45;5
4048;OutraDoenca;D19;0.06;50;80;76;4;47;3
4049;OutraDoenca;D2;0.08;50;80;76;4;46;4
4050;OutraDoenca;D20;0.04;50;80;74;6;48;2
4051;OutraDoenca;D21;0.02;50;80;74;6;49;1
4052;OutraDoenca;D22;0;50;80;78;2;50;0
4053;OutraDoenca;D23;0;50;80;78;2;50;0
4054;OutraDoenca;D24;0.2;50;80;64;16;40;10
4055;OutraDoenca;D25;0.02;50;80;77;3;49;1
4056;OutraDoenca;D26;0.02;50;80;79;1;49;1
4057;OutraDoenca;D27;0.02;50;80;76;4;49;1
4058;OutraDoenca;D28;0.06;50;80;77;3;47;3
4059;OutraDoenca;D29;0.36;50;80;57;23;32;18
4060;OutraDoenca;D3;0.04;50;80;80;0;48;2
4061;OutraDoenca;D30;0.52;50;80;45;35;24;26
4062;OutraDoenca;D31;0.16;50;80;71;9;42;8
4063;OutraDoenca;D32;0.3;50;80;59;21;35;15
4064;OutraDoenca;D33;0.08;50;80;72;8;46;4
4065;OutraDoenca;D34;0.02;50;80;78;2;49;1
4066;OutraDoenca;D35;0.02;50;80;79;1;49;1
4067;OutraDoenca;D36;0.06;50;80;75;5;47;3
4068;OutraDoenca;D37;0.16;50;80;66;14;42;8
4069;OutraDoenca;D38;0.02;50;80;78;2;49;1
4070;OutraDoenca;D39;0.14;50;80;72;8;43;7
4071;OutraDoenca;D4;0.06;50;80;79;1;47;3
4072;OutraDoenca;D40;0.02;50;80;76;4;49;1
4073;OutraDoenca;D41;0.04;50;80;75;5;48;2
4074;OutraDoenca;D42;0;50;80;77;3;50;0
4075;OutraDoenca;D43;0;50;80;77;3;50;0
4076;OutraDoenca;D44;0.28;50;80;57;23;36;14
4077;OutraDoenca;D45;0.1;50;80;73;7;45;5
4078;OutraDoenca;D46;0.34;50;80;60;20;33;17
4079;OutraDoenca;D47;0.1;50;80;73;7;45;5
4080;OutraDoenca;D48;0.28;50;80;68;12;36;14
4081;OutraDoenca;D49;0.08;50;80;71;9;46;4
4082;OutraDoenca;D5;0.04;50;80;79;1;48;2
4083;OutraDoenca;D50;0.02;50;80;79;1;49;1
4084;OutraDoenca;D51;0;50;80;79;1;50;0
4085;OutraDoenca;D52;0;50;80;78;2;50;0
4086;OutraDoenca;D53;0;50;80;78;2;50;0
4087;OutraDoenca;D9;0;50;80;79;1;50;0
4088;Retornar_trabalho;Fuma;0.4;20;146;110;36;12;8
4089;Retornar_trabalho;Cirurgia_coluna;0.5;16;169;110;59;8;8
4090;Retornar_trabalho;Aposentado;0.619047619047619;21;155;138;17;8;13
4091;Retornar_trabalho;Desempregado;0.368421052631579;19;154;135;19;12;7
4092;Retornar_trabalho;Licenca_Medica;0.15;20;155;141;14;17;3
4093;Retornar_trabalho;Aposentado_Invalidez;0.19047619047619;21;153;150;3;17;4
4094;Retornar_trabalho;Analgésicos;0.857142857142857;21;171;56;115;3;18
4095;Retornar_trabalho;OutraDoenca;0.571428571428571;21;162;105;57;9;12
4096;Retornar_trabalho;Dor_costas;0.9;20;165;66;99;2;18
4097;Retornar_trabalho;Dor_pernas;0.65;20;162;116;46;7;13
4098;Retornar_trabalho;Retornar_trabalho;1;21;183;183;0;0;21
4099;Retornar_trabalho;Masc;0.714285714285714;21;183;63;120;6;15
4100;Retornar_trabalho;Fem;0.285714285714286;21;183;120;63;15;6
4101;Retornar_trabalho;Casado_Amasiado;0.333333333333333;21;146;82;64;14;7
4102;Retornar_trabalho;Solteiro;0.380952380952381;21;146;82;64;13;8
4103;Retornar_trabalho;Separado_Divorciado;0.0952380952380952;21;146;141;5;19;2
4104;Retornar_trabalho;X4;0;21;146;143;3;21;0
4105;Retornar_trabalho;X5;0;21;146;141;5;21;0
4106;Retornar_trabalho;X6;0.19047619047619;21;146;141;5;17;4
4107;Retornar_trabalho;Livrar_costas;0.9;20;101;12;89;2;18
4108;Retornar_trabalho;Livrar_perna;0.1;20;101;91;10;18;2
4109;Retornar_trabalho;Livrar_perda_sens;0;20;101;99;2;20;0
4110;Retornar_trabalho;D1;0;20;99;98;1;20;0
4111;Retornar_trabalho;D15;0;20;99;92;7;20;0
4112;Retornar_trabalho;D16;0.35;20;99;89;10;13;7
4113;Retornar_trabalho;D17;0;20;99;94;5;20;0
4114;Retornar_trabalho;D18;0.1;20;99;85;14;18;2
4115;Retornar_trabalho;D19;0.15;20;99;95;4;17;3
4116;Retornar_trabalho;D2;0.1;20;99;93;6;18;2
4117;Retornar_trabalho;D20;0.15;20;99;94;5;17;3
4118;Retornar_trabalho;D21;0.1;20;99;94;5;18;2
4119;Retornar_trabalho;D22;0.05;20;99;98;1;19;1
4120;Retornar_trabalho;D23;0.05;20;99;98;1;19;1
4121;Retornar_trabalho;D24;0.35;20;99;82;17;13;7
4122;Retornar_trabalho;D25;0.15;20;99;98;1;17;3
4123;Retornar_trabalho;D26;0.05;20;99;98;1;19;1
4124;Retornar_trabalho;D27;0.15;20;99;97;2;17;3
4125;Retornar_trabalho;D28;0.1;20;99;95;4;18;2
4126;Retornar_trabalho;D29;0.5;20;99;70;29;10;10
4127;Retornar_trabalho;D3;0.05;20;99;98;1;19;1
4128;Retornar_trabalho;D30;0.85;20;99;60;39;3;17
4129;Retornar_trabalho;D31;0.15;20;99;86;13;17;3
4130;Retornar_trabalho;D32;0.35;20;99;73;26;13;7
4131;Retornar_trabalho;D33;0.05;20;99;90;9;19;1
4132;Retornar_trabalho;D34;0;20;99;96;3;20;0
4133;Retornar_trabalho;D35;0;20;99;97;2;20;0
4134;Retornar_trabalho;D36;0;20;99;91;8;20;0
4135;Retornar_trabalho;D37;0.35;20;99;86;13;13;7
4136;Retornar_trabalho;D38;0;20;99;96;3;20;0
4137;Retornar_trabalho;D39;0.25;20;99;90;9;15;5
4138;Retornar_trabalho;D4;0.05;20;99;96;3;19;1
4139;Retornar_trabalho;D40;0;20;99;94;5;20;0
4140;Retornar_trabalho;D41;0.1;20;99;94;5;18;2
4141;Retornar_trabalho;D42;0.05;20;99;97;2;19;1
4142;Retornar_trabalho;D43;0.05;20;99;97;2;19;1
4143;Retornar_trabalho;D44;0.35;20;99;72;27;13;7
4144;Retornar_trabalho;D45;0.1;20;99;91;8;18;2
4145;Retornar_trabalho;D46;0.45;20;99;73;26;11;9
4146;Retornar_trabalho;D47;0.15;20;99;91;8;17;3
4147;Retornar_trabalho;D48;0.45;20;99;85;14;11;9
4148;Retornar_trabalho;D49;0.1;20;99;89;10;18;2
4149;Retornar_trabalho;D5;0.05;20;99;97;2;19;1
4150;Retornar_trabalho;D50;0;20;99;97;2;20;0
4151;Retornar_trabalho;D51;0;20;99;98;1;20;0
4152;Retornar_trabalho;D52;0;20;99;97;2;20;0
4153;Retornar_trabalho;D53;0;20;99;97;2;20;0
4154;Retornar_trabalho;D9;0;20;99;98;1;20;0
4155;Separado_Divorciado;Fuma;0.125;8;185;140;45;7;1
4156;Separado_Divorciado;Cirurgia_coluna;0.375;8;170;101;69;5;3
4157;Separado_Divorciado;Aposentado;0.375;8;182;151;31;5;3
4158;Separado_Divorciado;Desempregado;0.142857142857143;7;179;154;25;6;1
4159;Separado_Divorciado;Licenca_Medica;0.125;8;180;162;18;7;1
4160;Separado_Divorciado;Aposentado_Invalidez;0;8;178;170;8;8;0
4161;Separado_Divorciado;Analgésicos;0.75;8;179;63;116;2;6
4162;Separado_Divorciado;OutraDoenca;0.714285714285714;7;182;118;64;2;5
4163;Separado_Divorciado;Dor_costas;0.75;8;178;75;103;2;6
4164;Separado_Divorciado;Dor_pernas;0.375;8;177;118;59;5;3
4165;Separado_Divorciado;Retornar_trabalho;0.285714285714286;7;160;141;19;5;2
4166;Separado_Divorciado;Masc;0.625;8;194;65;129;3;5
4167;Separado_Divorciado;Fem;0.375;8;194;129;65;5;3
4168;Separado_Divorciado;Casado_Amasiado;0;8;194;109;85;8;0
4169;Separado_Divorciado;Solteiro;0;8;194;106;88;8;0
4170;Separado_Divorciado;Separado_Divorciado;1;8;194;194;0;0;8
4171;Separado_Divorciado;X4;0;8;194;191;3;8;0
4172;Separado_Divorciado;X5;0;8;194;188;6;8;0
4173;Separado_Divorciado;X6;0;8;194;182;12;8;0
4174;Separado_Divorciado;Livrar_costas;0.8;5;107;14;93;1;4
4175;Separado_Divorciado;Livrar_perna;0.2;5;107;94;13;4;1
4176;Separado_Divorciado;Livrar_perda_sens;0;5;107;106;1;5;0
4177;Separado_Divorciado;D1;0;7;129;128;1;7;0
4178;Separado_Divorciado;D15;0;7;129;122;7;7;0
4179;Separado_Divorciado;D16;0.142857142857143;7;129;110;19;6;1
4180;Separado_Divorciado;D17;0;7;129;124;5;7;0
4181;Separado_Divorciado;D18;0;7;129;113;16;7;0
4182;Separado_Divorciado;D19;0;7;129;122;7;7;0
4183;Separado_Divorciado;D2;0;7;129;121;8;7;0
4184;Separado_Divorciado;D20;0;7;129;121;8;7;0
4185;Separado_Divorciado;D21;0;7;129;122;7;7;0
4186;Separado_Divorciado;D22;0;7;129;127;2;7;0
4187;Separado_Divorciado;D23;0;7;129;127;2;7;0
4188;Separado_Divorciado;D24;0;7;129;103;26;7;0
4189;Separado_Divorciado;D25;0;7;129;125;4;7;0
4190;Separado_Divorciado;D26;0;7;129;127;2;7;0
4191;Separado_Divorciado;D27;0;7;129;124;5;7;0
4192;Separado_Divorciado;D28;0;7;129;123;6;7;0
4193;Separado_Divorciado;D29;0.285714285714286;7;129;89;40;5;2
4194;Separado_Divorciado;D3;0;7;129;127;2;7;0
4195;Separado_Divorciado;D30;0.428571428571429;7;129;70;59;4;3
4196;Separado_Divorciado;D31;0;7;129;112;17;7;0
4197;Separado_Divorciado;D32;0.285714285714286;7;129;94;35;5;2
4198;Separado_Divorciado;D33;0;7;129;117;12;7;0
4199;Separado_Divorciado;D34;0;7;129;126;3;7;0
4200;Separado_Divorciado;D35;0;7;129;127;2;7;0
4201;Separado_Divorciado;D36;0;7;129;121;8;7;0
4202;Separado_Divorciado;D37;0.142857142857143;7;129;108;21;6;1
4203;Separado_Divorciado;D38;0;7;129;126;3;7;0
4204;Separado_Divorciado;D39;0.142857142857143;7;129;115;14;6;1
4205;Separado_Divorciado;D4;0;7;129;125;4;7;0
4206;Separado_Divorciado;D40;0;7;129;124;5;7;0
4207;Separado_Divorciado;D41;0;7;129;122;7;7;0
4208;Separado_Divorciado;D42;0;7;129;126;3;7;0
4209;Separado_Divorciado;D43;0;7;129;126;3;7;0
4210;Separado_Divorciado;D44;0.285714285714286;7;129;93;36;5;2
4211;Separado_Divorciado;D45;0;7;129;117;12;7;0
4212;Separado_Divorciado;D46;0.285714285714286;7;129;93;36;5;2
4213;Separado_Divorciado;D47;0;7;129;117;12;7;0
4214;Separado_Divorciado;D48;0.142857142857143;7;129;104;25;6;1
4215;Separado_Divorciado;D49;0;7;129;116;13;7;0
4216;Separado_Divorciado;D5;0;7;129;126;3;7;0
4217;Separado_Divorciado;D50;0;7;129;127;2;7;0
4218;Separado_Divorciado;D51;0;7;129;128;1;7;0
4219;Separado_Divorciado;D52;0;7;129;127;2;7;0
4220;Separado_Divorciado;D53;0;7;129;127;2;7;0
4221;Separado_Divorciado;D9;0;7;129;128;1;7;0
4222;Solteiro;Fuma;0.289156626506024;83;110;88;22;59;24
4223;Solteiro;Cirurgia_coluna;0.424657534246575;73;105;64;41;42;31
4224;Solteiro;Aposentado;0.111111111111111;81;109;84;25;72;9
4225;Solteiro;Desempregado;0.177215189873418;79;107;95;12;65;14
4226;Solteiro;Licenca_Medica;0.148148148148148;81;107;100;7;69;12
4227;Solteiro;Aposentado_Invalidez;0.051948051948052;77;109;105;4;73;4
4228;Solteiro;Analgésicos;0.6;80;107;33;74;32;48
4229;Solteiro;OutraDoenca;0.375;80;109;70;39;50;30
4230;Solteiro;Dor_costas;0.558441558441558;77;109;43;66;34;43
4231;Solteiro;Dor_pernas;0.355263157894737;76;109;74;35;49;27
4232;Solteiro;Retornar_trabalho;0.111111111111111;72;95;82;13;64;8
4233;Solteiro;Masc;0.693181818181818;88;114;41;73;27;61
4234;Solteiro;Fem;0.306818181818182;88;114;73;41;61;27
4235;Solteiro;Casado_Amasiado;0;88;114;29;85;88;0
4236;Solteiro;Solteiro;1;88;114;114;0;0;88
4237;Solteiro;Separado_Divorciado;0;88;114;106;8;88;0
4238;Solteiro;X4;0;88;114;111;3;88;0
4239;Solteiro;X5;0;88;114;108;6;88;0
4240;Solteiro;X6;0;88;114;102;12;88;0
4241;Solteiro;Livrar_costas;0.88;50;62;9;53;6;44
4242;Solteiro;Livrar_perna;0.12;50;62;54;8;44;6
4243;Solteiro;Livrar_perda_sens;0;50;62;61;1;50;0
4244;Solteiro;D1;0;59;77;76;1;59;0
4245;Solteiro;D15;0.0508474576271186;59;77;73;4;56;3
4246;Solteiro;D16;0.101694915254237;59;77;63;14;53;6
4247;Solteiro;D17;0.0338983050847458;59;77;74;3;57;2
4248;Solteiro;D18;0.135593220338983;59;77;69;8;51;8
4249;Solteiro;D19;0.0508474576271186;59;77;73;4;56;3
4250;Solteiro;D2;0.0677966101694915;59;77;73;4;55;4
4251;Solteiro;D20;0.0677966101694915;59;77;73;4;55;4
4252;Solteiro;D21;0.0338983050847458;59;77;72;5;57;2
4253;Solteiro;D22;0;59;77;75;2;59;0
4254;Solteiro;D23;0.0338983050847458;59;77;77;0;57;2
4255;Solteiro;D24;0.220338983050847;59;77;64;13;46;13
4256;Solteiro;D25;0.0508474576271186;59;77;76;1;56;3
4257;Solteiro;D26;0;59;77;75;2;59;0
4258;Solteiro;D27;0.0847457627118644;59;77;77;0;54;5
4259;Solteiro;D28;0.0677966101694915;59;77;75;2;55;4
4260;Solteiro;D29;0.220338983050847;59;77;48;29;46;13
4261;Solteiro;D3;0.0169491525423729;59;77;76;1;58;1
4262;Solteiro;D30;0.406779661016949;59;77;39;38;35;24
4263;Solteiro;D31;0.169491525423729;59;77;70;7;49;10
4264;Solteiro;D32;0.220338983050847;59;77;53;24;46;13
4265;Solteiro;D33;0.11864406779661;59;77;72;5;52;7
4266;Solteiro;D34;0.0338983050847458;59;77;76;1;57;2
4267;Solteiro;D35;0.0338983050847458;59;77;77;0;57;2
4268;Solteiro;D36;0.0508474576271186;59;77;72;5;56;3
4269;Solteiro;D37;0.11864406779661;59;77;62;15;52;7
4270;Solteiro;D38;0.0338983050847458;59;77;76;1;57;2
4271;Solteiro;D39;0.0508474576271186;59;77;65;12;56;3
4272;Solteiro;D4;0.0508474576271186;59;77;76;1;56;3
4273;Solteiro;D40;0.0508474576271186;59;77;75;2;56;3
4274;Solteiro;D41;0.0508474576271186;59;77;73;4;56;3
4275;Solteiro;D42;0.0169491525423729;59;77;75;2;58;1
4276;Solteiro;D43;0;59;77;74;3;59;0
4277;Solteiro;D44;0.203389830508475;59;77;51;26;47;12
4278;Solteiro;D45;0.152542372881356;59;77;74;3;50;9
4279;Solteiro;D46;0.186440677966102;59;77;50;27;48;11
4280;Solteiro;D47;0.135593220338983;59;77;73;4;51;8
4281;Solteiro;D48;0.135593220338983;59;77;59;18;51;8
4282;Solteiro;D49;0.101694915254237;59;77;70;7;53;6
4283;Solteiro;D5;0.0338983050847458;59;77;76;1;57;2
4284;Solteiro;D50;0.0169491525423729;59;77;76;1;58;1
4285;Solteiro;D51;0.0169491525423729;59;77;77;0;58;1
4286;Solteiro;D52;0.0169491525423729;59;77;76;1;58;1
4287;Solteiro;D53;0;59;77;75;2;59;0
4288;Solteiro;D9;0.0169491525423729;59;77;77;0;58;1
4289;X4;Fuma;1;3;190;147;43;0;3
4290;X4;Cirurgia_coluna;0;1;177;105;72;1;0
4291;X4;Aposentado;0;3;187;153;34;3;0
4292;X4;Desempregado;0;3;183;157;26;3;0
4293;X4;Licenca_Medica;0;3;185;166;19;3;0
4294;X4;Aposentado_Invalidez;0;3;183;175;8;3;0
4295;X4;Analgésicos;0.666666666666667;3;184;64;120;1;2
4296;X4;OutraDoenca;0.333333333333333;3;186;118;68;2;1
4297;X4;Dor_costas;0.666666666666667;3;183;76;107;1;2
4298;X4;Dor_pernas;0.333333333333333;3;182;121;61;2;1
4299;X4;Retornar_trabalho;0;3;164;143;21;3;0
4300;X4;Masc;0.666666666666667;3;199;67;132;1;2
4301;X4;Fem;0.333333333333333;3;199;132;67;2;1
4302;X4;Casado_Amasiado;0;3;199;114;85;3;0
4303;X4;Solteiro;0;3;199;111;88;3;0
4304;X4;Separado_Divorciado;0;3;199;191;8;3;0
4305;X4;X4;1;3;199;199;0;0;3
4306;X4;X5;0;3;199;193;6;3;0
4307;X4;X6;0;3;199;187;12;3;0
4308;X4;Livrar_costas;0.5;2;110;14;96;1;1
4309;X4;Livrar_perna;0.5;2;110;97;13;1;1
4310;X4;Livrar_perda_sens;0;2;110;109;1;2;0
4311;X4;D1;0;3;133;132;1;3;0
4312;X4;D15;0.333333333333333;3;133;127;6;2;1
4313;X4;D16;0;3;133;113;20;3;0
4314;X4;D17;0.333333333333333;3;133;129;4;2;1
4315;X4;D18;0.333333333333333;3;133;118;15;2;1
4316;X4;D19;0.333333333333333;3;133;127;6;2;1
4317;X4;D2;0.666666666666667;3;133;127;6;1;2
4318;X4;D20;0;3;133;125;8;3;0
4319;X4;D21;0;3;133;126;7;3;0
4320;X4;D22;0;3;133;131;2;3;0
4321;X4;D23;0;3;133;131;2;3;0
4322;X4;D24;0;3;133;107;26;3;0
4323;X4;D25;0;3;133;129;4;3;0
4324;X4;D26;0;3;133;131;2;3;0
4325;X4;D27;0;3;133;128;5;3;0
4326;X4;D28;0;3;133;127;6;3;0
4327;X4;D29;0;3;133;91;42;3;0
4328;X4;D3;0.333333333333333;3;133;132;1;2;1
4329;X4;D30;0;3;133;71;62;3;0
4330;X4;D31;0.333333333333333;3;133;117;16;2;1
4331;X4;D32;0;3;133;96;37;3;0
4332;X4;D33;0.333333333333333;3;133;122;11;2;1
4333;X4;D34;0;3;133;130;3;3;0
4334;X4;D35;0;3;133;131;2;3;0
4335;X4;D36;0.333333333333333;3;133;126;7;2;1
4336;X4;D37;0;3;133;111;22;3;0
4337;X4;D38;0.333333333333333;3;133;131;2;2;1
4338;X4;D39;0;3;133;118;15;3;0
4339;X4;D4;0.333333333333333;3;133;130;3;2;1
4340;X4;D40;0.333333333333333;3;133;129;4;2;1
4341;X4;D41;0;3;133;126;7;3;0
4342;X4;D42;0;3;133;130;3;3;0
4343;X4;D43;0;3;133;130;3;3;0
4344;X4;D44;0;3;133;95;38;3;0
4345;X4;D45;0;3;133;121;12;3;0
4346;X4;D46;0;3;133;95;38;3;0
4347;X4;D47;0.333333333333333;3;133;122;11;2;1
4348;X4;D48;0;3;133;107;26;3;0
4349;X4;D49;0.333333333333333;3;133;121;12;2;1
4350;X4;D5;0;3;133;130;3;3;0
4351;X4;D50;0;3;133;131;2;3;0
4352;X4;D51;0;3;133;132;1;3;0
4353;X4;D52;0;3;133;131;2;3;0
4354;X4;D53;0;3;133;131;2;3;0
4355;X4;D9;0;3;133;132;1;3;0
4356;X5;Fuma;0.25;4;189;144;45;3;1
4357;X5;Cirurgia_coluna;0.5;4;174;104;70;2;2
4358;X5;Aposentado;0;4;186;152;34;4;0
4359;X5;Desempregado;0.25;4;182;157;25;3;1
4360;X5;Licenca_Medica;0;4;184;165;19;4;0
4361;X5;Aposentado_Invalidez;0;4;182;174;8;4;0
4362;X5;Analgésicos;0.25;4;183;62;121;3;1
4363;X5;OutraDoenca;0;4;185;116;69;4;0
4364;X5;Dor_costas;0.25;4;182;74;108;3;1
4365;X5;Dor_pernas;0;4;181;119;62;4;0
4366;X5;Retornar_trabalho;0;5;162;141;21;5;0
4367;X5;Masc;0.666666666666667;6;196;66;130;2;4
4368;X5;Fem;0.333333333333333;6;196;130;66;4;2
4369;X5;Casado_Amasiado;0;6;196;111;85;6;0
4370;X5;Solteiro;0;6;196;108;88;6;0
4371;X5;Separado_Divorciado;0;6;196;188;8;6;0
4372;X5;X4;0;6;196;193;3;6;0
4373;X5;X5;1;6;196;196;0;0;6
4374;X5;X6;0;6;196;184;12;6;0
4375;X5;Livrar_costas;0.5;2;110;14;96;1;1
4376;X5;Livrar_perna;0;2;110;96;14;2;0
4377;X5;Livrar_perda_sens;0.5;2;110;110;0;1;1
4378;X5;D1;0;2;134;133;1;2;0
4379;X5;D15;0;2;134;127;7;2;0
4380;X5;D16;0;2;134;114;20;2;0
4381;X5;D17;0;2;134;129;5;2;0
4382;X5;D18;0.5;2;134;119;15;1;1
4383;X5;D19;0;2;134;127;7;2;0
4384;X5;D2;0;2;134;126;8;2;0
4385;X5;D20;0;2;134;126;8;2;0
4386;X5;D21;0;2;134;127;7;2;0
4387;X5;D22;0;2;134;132;2;2;0
4388;X5;D23;0;2;134;132;2;2;0
4389;X5;D24;0.5;2;134;109;25;1;1
4390;X5;D25;0;2;134;130;4;2;0
4391;X5;D26;0;2;134;132;2;2;0
4392;X5;D27;0;2;134;129;5;2;0
4393;X5;D28;0;2;134;128;6;2;0
4394;X5;D29;0;2;134;92;42;2;0
4395;X5;D3;0;2;134;132;2;2;0
4396;X5;D30;0;2;134;72;62;2;0
4397;X5;D31;0;2;134;117;17;2;0
4398;X5;D32;0;2;134;97;37;2;0
4399;X5;D33;0;2;134;122;12;2;0
4400;X5;D34;0;2;134;131;3;2;0
4401;X5;D35;0;2;134;132;2;2;0
4402;X5;D36;0;2;134;126;8;2;0
4403;X5;D37;0;2;134;112;22;2;0
4404;X5;D38;0;2;134;131;3;2;0
4405;X5;D39;0;2;134;119;15;2;0
4406;X5;D4;0;2;134;130;4;2;0
4407;X5;D40;0;2;134;129;5;2;0
4408;X5;D41;0;2;134;127;7;2;0
4409;X5;D42;0;2;134;131;3;2;0
4410;X5;D43;0;2;134;131;3;2;0
4411;X5;D44;0;2;134;96;38;2;0
4412;X5;D45;0;2;134;122;12;2;0
4413;X5;D46;0;2;134;96;38;2;0
4414;X5;D47;0;2;134;122;12;2;0
4415;X5;D48;0;2;134;108;26;2;0
4416;X5;D49;0;2;134;121;13;2;0
4417;X5;D5;0;2;134;131;3;2;0
4418;X5;D50;0;2;134;132;2;2;0
4419;X5;D51;0;2;134;133;1;2;0
4420;X5;D52;0;2;134;132;2;2;0
4421;X5;D53;0;2;134;132;2;2;0
4422;X5;D9;0;2;134;133;1;2;0
4423;X6;Fuma;0.454545454545455;11;182;141;41;6;5
4424;X6;Cirurgia_coluna;0.7;10;168;103;65;3;7
4425;X6;Aposentado;0.636363636363636;11;179;152;27;4;7
4426;X6;Desempregado;0.0909090909090909;11;175;150;25;10;1
4427;X6;Licenca_Medica;0.0909090909090909;11;177;159;18;10;1
4428;X6;Aposentado_Invalidez;0.0909090909090909;11;175;168;7;10;1
4429;X6;Analgésicos;0.818181818181818;11;176;63;113;2;9
4430;X6;OutraDoenca;0.454545454545455;11;178;114;64;6;5
4431;X6;Dor_costas;0.545454545454545;11;175;72;103;5;6
4432;X6;Dor_pernas;0.454545454545455;11;174;117;57;6;5
4433;X6;Retornar_trabalho;0.444444444444444;9;158;141;17;5;4
4434;X6;Masc;1;12;190;68;122;0;12
4435;X6;Fem;0;12;190;122;68;12;0
4436;X6;Casado_Amasiado;0;12;190;105;85;12;0
4437;X6;Solteiro;0;12;190;102;88;12;0
4438;X6;Separado_Divorciado;0;12;190;182;8;12;0
4439;X6;X4;0;12;190;187;3;12;0
4440;X6;X5;0;12;190;184;6;12;0
4441;X6;X6;1;12;190;190;0;0;12
4442;X6;Livrar_costas;0.857142857142857;7;105;14;91;1;6
4443;X6;Livrar_perna;0.142857142857143;7;105;92;13;6;1
4444;X6;Livrar_perda_sens;0;7;105;104;1;7;0
4445;X6;D1;0;10;126;125;1;10;0
4446;X6;D15;0;10;126;119;7;10;0
4447;X6;D16;0.3;10;126;109;17;7;3
4448;X6;D17;0;10;126;121;5;10;0
4449;X6;D18;0;10;126;110;16;10;0
4450;X6;D19;0;10;126;119;7;10;0
4451;X6;D2;0.1;10;126;119;7;9;1
4452;X6;D20;0;10;126;118;8;10;0
4453;X6;D21;0;10;126;119;7;10;0
4454;X6;D22;0;10;126;124;2;10;0
4455;X6;D23;0;10;126;124;2;10;0
4456;X6;D24;0.1;10;126;101;25;9;1
4457;X6;D25;0;10;126;122;4;10;0
4458;X6;D26;0;10;126;124;2;10;0
4459;X6;D27;0;10;126;121;5;10;0
4460;X6;D28;0;10;126;120;6;10;0
4461;X6;D29;0.5;10;126;89;37;5;5
4462;X6;D3;0;10;126;124;2;10;0
4463;X6;D30;0.6;10;126;70;56;4;6
4464;X6;D31;0.1;10;126;110;16;9;1
4465;X6;D32;0.4;10;126;93;33;6;4
4466;X6;D33;0;10;126;114;12;10;0
4467;X6;D34;0;10;126;123;3;10;0
4468;X6;D35;0;10;126;124;2;10;0
4469;X6;D36;0;10;126;118;8;10;0
4470;X6;D37;0.3;10;126;107;19;7;3
4471;X6;D38;0;10;126;123;3;10;0
4472;X6;D39;0.3;10;126;114;12;7;3
4473;X6;D4;0;10;126;122;4;10;0
4474;X6;D40;0;10;126;121;5;10;0
4475;X6;D41;0.1;10;126;120;6;9;1
4476;X6;D42;0;10;126;123;3;10;0
4477;X6;D43;0;10;126;123;3;10;0
4478;X6;D44;0.5;10;126;93;33;5;5
4479;X6;D45;0.1;10;126;115;11;9;1
4480;X6;D46;0.6;10;126;94;32;4;6
4481;X6;D47;0.1;10;126;115;11;9;1
4482;X6;D48;0.5;10;126;105;21;5;5
4483;X6;D49;0.1;10;126;114;12;9;1
4484;X6;D5;0.1;10;126;124;2;9;1
4485;X6;D50;0;10;126;124;2;10;0
4486;X6;D51;0;10;126;125;1;10;0
4487;X6;D52;0;10;126;124;2;10;0
4488;X6;D53;0;10;126;124;2;10;0
4489;X6;D9;0;10;126;125;1;10;0
