,demonimador,numerador,Frequência,Qtd_1_Denom,Qtd_0_Demon,D0N0,D0N1,D1N0,D1N1
1,Fuma,Fuma,1,46,154,154,0,0,46
2,Cirurgia_coluna,Fuma,0.314285714,70,108,96,12,48,22
3,Aposentado,Fuma,0.323529412,34,155,121,34,23,11
4,Desempregado,Fuma,0.392857143,28,157,123,34,17,11
5,Licenca_Medica,Fuma,0.5,18,169,133,36,9,9
6,Aposentado_Invalidez,Fuma,0.625,8,174,135,39,3,5
7,Analgésicos,Fuma,0.25203252,123,63,49,14,92,31
8,OutraDoenca,Fuma,0.188405797,69,119,87,32,56,13
9,Dor_costas,Fuma,0.28440367,109,75,60,15,78,31
10,Dor_pernas,Fuma,0.344262295,61,122,97,25,40,21
11,Retornar_trabalho,Fuma,0.4,20,146,110,36,12,8
12,Masc,Fuma,0.222222222,135,65,49,16,105,30
13,Fem,Fuma,0.246153846,65,135,105,30,49,16
14,Casado_Amasiado,Fuma,0.142857143,84,109,75,34,72,12
15,Solteiro,Fuma,0.289156627,83,110,88,22,59,24
16,Separado_Divorciado,Fuma,0.125,8,185,140,45,7,1
17,X4,Fuma,1,3,190,147,43,0,3
18,X5,Fuma,0.25,4,189,144,45,3,1
19,X6,Fuma,0.454545455,11,182,141,41,6,5
20,Livrar_costas,Fuma,0.278350515,97,15,9,6,70,27
21,Livrar_perna,Fuma,0.428571429,14,98,71,27,8,6
22,Livrar_perda_sens,Fuma,0,1,111,78,33,1,0
23,D1,Fuma,0,1,127,81,46,1,0
24,D15,Fuma,1,5,123,82,41,0,5
25,D16,Fuma,0.421052632,19,109,71,38,11,8
26,D17,Fuma,0.75,4,124,81,43,1,3
27,D18,Fuma,0.642857143,14,114,77,37,5,9
28,D19,Fuma,0.571428571,7,121,79,42,3,4
29,D2,Fuma,1,8,120,82,38,0,8
30,D20,Fuma,0.375,8,120,77,43,5,3
31,D21,Fuma,0.285714286,7,121,77,44,5,2
32,D22,Fuma,0.5,2,126,81,45,1,1
33,D23,Fuma,0,1,127,81,46,1,0
34,D24,Fuma,0.333333333,24,104,66,38,16,8
35,D25,Fuma,0.333333333,3,125,80,45,2,1
36,D26,Fuma,0,2,126,80,46,2,0
37,D27,Fuma,0.75,4,124,81,43,1,3
38,D28,Fuma,0.6,5,123,80,43,2,3
39,D29,Fuma,0.325,40,88,55,33,27,13
40,D3,Fuma,1,2,126,82,44,0,2
41,D30,Fuma,0.288135593,59,69,40,29,42,17
42,D31,Fuma,0.5,16,112,74,38,8,8
43,D32,Fuma,0.305555556,36,92,57,35,25,11
44,D33,Fuma,0.363636364,11,117,75,42,7,4
45,D34,Fuma,1,3,125,82,43,0,3
46,D35,Fuma,1,2,126,82,44,0,2
47,D36,Fuma,0.666666667,6,122,80,42,2,4
48,D37,Fuma,0.4,20,108,70,38,12,8
49,D38,Fuma,1,3,125,82,43,0,3
50,D39,Fuma,0.333333333,15,113,72,41,10,5
51,D4,Fuma,1,4,124,82,42,0,4
52,D40,Fuma,1,4,124,82,42,0,4
53,D41,Fuma,0.6,5,123,80,43,2,3
54,D42,Fuma,0.333333333,3,125,80,45,2,1
55,D43,Fuma,0.666666667,3,125,81,44,1,2
56,D44,Fuma,0.297297297,37,91,56,35,26,11
57,D45,Fuma,0.545454545,11,117,77,40,5,6
58,D46,Fuma,0.297297297,37,91,56,35,26,11
59,D47,Fuma,0.583333333,12,116,77,39,5,7
60,D48,Fuma,0.2,25,103,62,41,20,5
61,D49,Fuma,0.307692308,13,115,73,42,9,4
62,D5,Fuma,1,3,125,82,43,0,3
63,D50,Fuma,1,2,126,82,44,0,2
64,D51,Fuma,1,1,127,82,45,0,1
65,D52,Fuma,0.5,2,126,81,45,1,1
66,D53,Fuma,1,2,126,82,44,0,2
67,D9,Fuma,1,1,127,82,45,0,1
68,Fuma,Cirurgia_coluna,0.647058824,34,144,96,48,12,22
69,Cirurgia_coluna,Cirurgia_coluna,1,79,134,134,0,0,79
70,Aposentado,Cirurgia_coluna,0.606060606,33,151,99,52,13,20
71,Desempregado,Cirurgia_coluna,0.625,24,156,99,57,9,15
72,Licenca_Medica,Cirurgia_coluna,0.769230769,13,169,107,62,3,10
73,Aposentado_Invalidez,Cirurgia_coluna,0.4,5,176,107,69,3,2
74,Analgésicos,Cirurgia_coluna,0.385185185,135,63,39,24,83,52
75,OutraDoenca,Cirurgia_coluna,0.383561644,73,116,69,47,45,28
76,Dor_costas,Cirurgia_coluna,0.417391304,115,75,48,27,67,48
77,Dor_pernas,Cirurgia_coluna,0.555555556,54,132,89,43,24,30
78,Retornar_trabalho,Cirurgia_coluna,0.5,16,169,110,59,8,8
79,Masc,Cirurgia_coluna,0.397163121,141,72,49,23,85,56
80,Fem,Cirurgia_coluna,0.319444444,72,141,85,56,49,23
81,Casado_Amasiado,Cirurgia_coluna,0.353658537,82,96,53,43,53,29
82,Solteiro,Cirurgia_coluna,0.424657534,73,105,64,41,42,31
83,Separado_Divorciado,Cirurgia_coluna,0.375,8,170,101,69,5,3
84,X4,Cirurgia_coluna,0,1,177,105,72,1,0
85,X5,Cirurgia_coluna,0.5,4,174,104,70,2,2
86,X6,Cirurgia_coluna,0.7,10,168,103,65,3,7
87,Livrar_costas,Cirurgia_coluna,0.43877551,98,15,8,7,55,43
88,Livrar_perna,Cirurgia_coluna,0.461538462,13,100,56,44,7,6
89,Livrar_perda_sens,Cirurgia_coluna,0.5,2,111,62,49,1,1
90,D1,Cirurgia_coluna,0,1,117,62,55,1,0
91,D15,Cirurgia_coluna,1,5,113,63,50,0,5
92,D16,Cirurgia_coluna,0.470588235,17,101,54,47,9,8
93,D17,Cirurgia_coluna,0.666666667,3,115,62,53,1,2
94,D18,Cirurgia_coluna,0.583333333,12,106,58,48,5,7
95,D19,Cirurgia_coluna,0,4,114,59,55,4,0
96,D2,Cirurgia_coluna,0.6,5,113,61,52,2,3
97,D20,Cirurgia_coluna,0.166666667,6,112,58,54,5,1
98,D21,Cirurgia_coluna,0,5,113,58,55,5,0
99,D22,Cirurgia_coluna,0,1,117,62,55,1,0
100,D23,Cirurgia_coluna,0.5,2,116,62,54,1,1
101,D24,Cirurgia_coluna,0.409090909,22,96,50,46,13,9
102,D25,Cirurgia_coluna,0.5,4,114,61,53,2,2
103,D26,Cirurgia_coluna,0,1,117,62,55,1,0
104,D27,Cirurgia_coluna,1,3,115,63,52,0,3
105,D28,Cirurgia_coluna,0.6,5,113,61,52,2,3
106,D29,Cirurgia_coluna,0.513513514,37,81,45,36,18,19
107,D3,Cirurgia_coluna,0,1,117,62,55,1,0
108,D30,Cirurgia_coluna,0.5,54,64,36,28,27,27
109,D31,Cirurgia_coluna,0.615384615,13,105,58,47,5,8
110,D32,Cirurgia_coluna,0.46875,32,86,46,40,17,15
111,D33,Cirurgia_coluna,0.444444444,9,109,58,51,5,4
112,D34,Cirurgia_coluna,1,2,116,63,53,0,2
113,D35,Cirurgia_coluna,1,2,116,63,53,0,2
114,D36,Cirurgia_coluna,1,6,112,63,49,0,6
115,D37,Cirurgia_coluna,0.526315789,19,99,54,45,9,10
116,D38,Cirurgia_coluna,1,2,116,63,53,0,2
117,D39,Cirurgia_coluna,0.428571429,14,104,55,49,8,6
118,D4,Cirurgia_coluna,0.666666667,3,115,62,53,1,2
119,D40,Cirurgia_coluna,1,4,114,63,51,0,4
120,D41,Cirurgia_coluna,0.833333333,6,112,62,50,1,5
121,D42,Cirurgia_coluna,0,2,116,61,55,2,0
122,D43,Cirurgia_coluna,0.5,2,116,62,54,1,1
123,D44,Cirurgia_coluna,0.514285714,35,83,46,37,17,18
124,D45,Cirurgia_coluna,0.7,10,108,60,48,3,7
125,D46,Cirurgia_coluna,0.5,34,84,46,38,17,17
126,D47,Cirurgia_coluna,0.666666667,9,109,60,49,3,6
127,D48,Cirurgia_coluna,0.375,24,94,48,46,15,9
128,D49,Cirurgia_coluna,0.454545455,11,107,57,50,6,5
129,D5,Cirurgia_coluna,1,2,116,63,53,0,2
130,D50,Cirurgia_coluna,1,1,117,63,54,0,1
131,D51,Cirurgia_coluna,1,1,117,63,54,0,1
132,D52,Cirurgia_coluna,0.5,2,116,62,54,1,1
133,D53,Cirurgia_coluna,0.5,2,116,62,54,1,1
134,D9,Cirurgia_coluna,1,1,117,63,54,0,1
135,Fuma,Aposentado,0.244444444,45,144,121,23,34,11
136,Cirurgia_coluna,Aposentado,0.277777778,72,112,99,13,52,20
137,Aposentado,Aposentado,1,37,164,164,0,0,37
138,Desempregado,Aposentado,0.366666667,30,167,142,25,19,11
139,Licenca_Medica,Aposentado,0.263157895,19,180,149,31,14,5
140,Aposentado_Invalidez,Aposentado,0.125,8,186,152,34,7,1
141,Analgésicos,Aposentado,0.181102362,127,66,54,12,104,23
142,OutraDoenca,Aposentado,0.267605634,71,124,106,18,52,19
143,Dor_costas,Aposentado,0.213675214,117,76,65,11,92,25
144,Dor_pernas,Aposentado,0.229508197,61,130,108,22,47,14
145,Retornar_trabalho,Aposentado,0.619047619,21,155,138,17,8,13
146,Masc,Aposentado,0.21969697,132,69,61,8,103,29
147,Fem,Aposentado,0.115942029,69,132,103,29,61,8
148,Casado_Amasiado,Aposentado,0.180722892,83,107,88,19,68,15
149,Solteiro,Aposentado,0.111111111,81,109,84,25,72,9
150,Separado_Divorciado,Aposentado,0.375,8,182,151,31,5,3
151,X4,Aposentado,0,3,187,153,34,3,0
152,X5,Aposentado,0,4,186,152,34,4,0
153,X6,Aposentado,0.636363636,11,179,152,27,4,7
154,Livrar_costas,Aposentado,0.238095238,105,14,13,1,80,25
155,Livrar_perna,Aposentado,0.076923077,13,106,81,25,12,1
156,Livrar_perda_sens,Aposentado,0,1,118,92,26,1,0
157,D1,Aposentado,0,1,131,100,31,1,0
158,D15,Aposentado,0.166666667,6,126,96,30,5,1
159,D16,Aposentado,0.45,20,112,90,22,11,9
160,D17,Aposentado,0,5,127,96,31,5,0
161,D18,Aposentado,0.125,16,116,87,29,14,2
162,D19,Aposentado,0.285714286,7,125,96,29,5,2
163,D2,Aposentado,0.25,8,124,95,29,6,2
164,D20,Aposentado,0.25,8,124,95,29,6,2
165,D21,Aposentado,0.285714286,7,125,96,29,5,2
166,D22,Aposentado,0.5,2,130,100,30,1,1
167,D23,Aposentado,0.5,2,130,100,30,1,1
168,D24,Aposentado,0.153846154,26,106,79,27,22,4
169,D25,Aposentado,0.5,4,128,99,29,2,2
170,D26,Aposentado,0.5,2,130,100,30,1,1
171,D27,Aposentado,0.4,5,127,98,29,3,2
172,D28,Aposentado,0.333333333,6,126,97,29,4,2
173,D29,Aposentado,0.30952381,42,90,72,18,29,13
174,D3,Aposentado,0,2,130,99,31,2,0
175,D30,Aposentado,0.322580645,62,70,59,11,42,20
176,D31,Aposentado,0.1875,16,116,88,28,13,3
177,D32,Aposentado,0.27027027,37,95,74,21,27,10
178,D33,Aposentado,0.090909091,11,121,91,30,10,1
179,D34,Aposentado,0.333333333,3,129,99,30,2,1
180,D35,Aposentado,0.5,2,130,100,30,1,1
181,D36,Aposentado,0.285714286,7,125,96,29,5,2
182,D37,Aposentado,0.409090909,22,110,88,22,13,9
183,D38,Aposentado,0,2,130,99,31,2,0
184,D39,Aposentado,0.466666667,15,117,93,24,8,7
185,D4,Aposentado,0.25,4,128,98,30,3,1
186,D40,Aposentado,0,4,128,97,31,4,0
187,D41,Aposentado,0.285714286,7,125,96,29,5,2
188,D42,Aposentado,0.333333333,3,129,99,30,2,1
189,D43,Aposentado,0.333333333,3,129,99,30,2,1
190,D44,Aposentado,0.315789474,38,94,75,19,26,12
191,D45,Aposentado,0.181818182,11,121,92,29,9,2
192,D46,Aposentado,0.289473684,38,94,74,20,27,11
193,D47,Aposentado,0.090909091,11,121,91,30,10,1
194,D48,Aposentado,0.384615385,26,106,85,21,16,10
195,D49,Aposentado,0.083333333,12,120,90,30,11,1
196,D5,Aposentado,0.666666667,3,129,100,29,1,2
197,D50,Aposentado,0,2,130,99,31,2,0
198,D51,Aposentado,1,1,131,101,30,0,1
199,D52,Aposentado,0,2,130,99,31,2,0
200,D53,Aposentado,0,2,130,99,31,2,0
201,D9,Aposentado,1,1,131,101,30,0,1
202,Fuma,Desempregado,0.244444444,45,140,123,17,34,11
203,Cirurgia_coluna,Desempregado,0.208333333,72,108,99,9,57,15
204,Aposentado,Desempregado,0.305555556,36,161,142,19,25,11
205,Desempregado,Desempregado,1,30,167,167,0,0,30
206,Licenca_Medica,Desempregado,0.421052632,19,177,155,22,11,8
207,Aposentado_Invalidez,Desempregado,0.375,8,183,157,26,5,3
208,Analgésicos,Desempregado,0.144,125,64,54,10,107,18
209,OutraDoenca,Desempregado,0.2,70,121,105,16,56,14
210,Dor_costas,Desempregado,0.234782609,115,75,72,3,88,27
211,Dor_pernas,Desempregado,0.166666667,60,128,108,20,50,10
212,Retornar_trabalho,Desempregado,0.368421053,19,154,135,19,12,7
213,Masc,Desempregado,0.140625,128,69,57,12,110,18
214,Fem,Desempregado,0.173913043,69,128,110,18,57,12
215,Casado_Amasiado,Desempregado,0.109756098,82,104,87,17,73,9
216,Solteiro,Desempregado,0.17721519,79,107,95,12,65,14
217,Separado_Divorciado,Desempregado,0.142857143,7,179,154,25,6,1
218,X4,Desempregado,0,3,183,157,26,3,0
219,X5,Desempregado,0.25,4,182,157,25,3,1
220,X6,Desempregado,0.090909091,11,175,150,25,10,1
221,Livrar_costas,Desempregado,0.211538462,104,14,10,4,82,22
222,Livrar_perna,Desempregado,0.307692308,13,105,83,22,9,4
223,Livrar_perda_sens,Desempregado,0,1,117,91,26,1,0
224,D1,Desempregado,0,1,129,104,25,1,0
225,D15,Desempregado,0.333333333,6,124,101,23,4,2
226,D16,Desempregado,0.1,20,110,87,23,18,2
227,D17,Desempregado,0.2,5,125,101,24,4,1
228,D18,Desempregado,0.25,16,114,93,21,12,4
229,D19,Desempregado,0.285714286,7,123,100,23,5,2
230,D2,Desempregado,0.375,8,122,100,22,5,3
231,D20,Desempregado,0.25,8,122,99,23,6,2
232,D21,Desempregado,0.142857143,7,123,99,24,6,1
233,D22,Desempregado,0.5,2,128,104,24,1,1
234,D23,Desempregado,0.5,2,128,104,24,1,1
235,D24,Desempregado,0.269230769,26,104,86,18,19,7
236,D25,Desempregado,0.5,4,126,103,23,2,2
237,D26,Desempregado,0.5,2,128,104,24,1,1
238,D27,Desempregado,0.2,5,125,101,24,4,1
239,D28,Desempregado,0.333333333,6,124,101,23,4,2
240,D29,Desempregado,0.166666667,42,88,70,18,35,7
241,D3,Desempregado,0.5,2,128,104,24,1,1
242,D30,Desempregado,0.209677419,62,68,56,12,49,13
243,D31,Desempregado,0.25,16,114,93,21,12,4
244,D32,Desempregado,0.081081081,37,93,71,22,34,3
245,D33,Desempregado,0.090909091,11,119,95,24,10,1
246,D34,Desempregado,0.666666667,3,127,104,23,1,2
247,D35,Desempregado,1,2,128,105,23,0,2
248,D36,Desempregado,0.285714286,7,123,100,23,5,2
249,D37,Desempregado,0.136363636,22,108,86,22,19,3
250,D38,Desempregado,0,2,128,103,25,2,0
251,D39,Desempregado,0.066666667,15,115,91,24,14,1
252,D4,Desempregado,0.75,4,126,104,22,1,3
253,D40,Desempregado,0.25,4,126,102,24,3,1
254,D41,Desempregado,0.142857143,7,123,99,24,6,1
255,D42,Desempregado,0.333333333,3,127,103,24,2,1
256,D43,Desempregado,0.333333333,3,127,103,24,2,1
257,D44,Desempregado,0.078947368,38,92,70,22,35,3
258,D45,Desempregado,0.090909091,11,119,95,24,10,1
259,D46,Desempregado,0.105263158,38,92,71,21,34,4
260,D47,Desempregado,0.181818182,11,119,96,23,9,2
261,D48,Desempregado,0.115384615,26,104,82,22,23,3
262,D49,Desempregado,0.083333333,12,118,94,24,11,1
263,D5,Desempregado,0.666666667,3,127,104,23,1,2
264,D50,Desempregado,0.5,2,128,104,24,1,1
265,D51,Desempregado,1,1,129,105,24,0,1
266,D52,Desempregado,0,2,128,103,25,2,0
267,D53,Desempregado,0,2,128,103,25,2,0
268,D9,Desempregado,1,1,129,105,24,0,1
269,Fuma,Licenca_Medica,0.2,45,142,133,9,36,9
270,Cirurgia_coluna,Licenca_Medica,0.138888889,72,110,107,3,62,10
271,Aposentado,Licenca_Medica,0.138888889,36,163,149,14,31,5
272,Desempregado,Licenca_Medica,0.266666667,30,166,155,11,22,8
273,Licenca_Medica,Licenca_Medica,1,19,180,180,0,0,19
274,Aposentado_Invalidez,Licenca_Medica,0.375,8,184,169,15,5,3
275,Analgésicos,Licenca_Medica,0.088,125,66,58,8,114,11
276,OutraDoenca,Licenca_Medica,0.098591549,71,122,110,12,64,7
277,Dor_costas,Licenca_Medica,0.137931034,116,75,72,3,100,16
278,Dor_pernas,Licenca_Medica,0.2,60,129,122,7,48,12
279,Retornar_trabalho,Licenca_Medica,0.15,20,155,141,14,17,3
280,Masc,Licenca_Medica,0.092307692,130,69,62,7,118,12
281,Fem,Licenca_Medica,0.101449275,69,130,118,12,62,7
282,Casado_Amasiado,Licenca_Medica,0.061728395,81,107,93,14,76,5
283,Solteiro,Licenca_Medica,0.148148148,81,107,100,7,69,12
284,Separado_Divorciado,Licenca_Medica,0.125,8,180,162,18,7,1
285,X4,Licenca_Medica,0,3,185,166,19,3,0
286,X5,Licenca_Medica,0,4,184,165,19,4,0
287,X6,Licenca_Medica,0.090909091,11,177,159,18,10,1
288,Livrar_costas,Licenca_Medica,0.142857143,105,14,13,1,90,15
289,Livrar_perna,Licenca_Medica,0.076923077,13,106,91,15,12,1
290,Livrar_perda_sens,Licenca_Medica,0,1,118,102,16,1,0
291,D1,Licenca_Medica,0,1,131,113,18,1,0
292,D15,Licenca_Medica,0.5,6,126,111,15,3,3
293,D16,Licenca_Medica,0.15,20,112,97,15,17,3
294,D17,Licenca_Medica,0.4,5,127,111,16,3,2
295,D18,Licenca_Medica,0.1875,16,116,101,15,13,3
296,D19,Licenca_Medica,0.142857143,7,125,108,17,6,1
297,D2,Licenca_Medica,0.25,8,124,108,16,6,2
298,D20,Licenca_Medica,0.25,8,124,108,16,6,2
299,D21,Licenca_Medica,0.142857143,7,125,108,17,6,1
300,D22,Licenca_Medica,0.5,2,130,113,17,1,1
301,D23,Licenca_Medica,0,2,130,112,18,2,0
302,D24,Licenca_Medica,0.153846154,26,106,92,14,22,4
303,D25,Licenca_Medica,0,4,128,110,18,4,0
304,D26,Licenca_Medica,0.5,2,130,113,17,1,1
305,D27,Licenca_Medica,0.2,5,127,110,17,4,1
306,D28,Licenca_Medica,0.166666667,6,126,109,17,5,1
307,D29,Licenca_Medica,0.19047619,42,90,80,10,34,8
308,D3,Licenca_Medica,0,2,130,112,18,2,0
309,D30,Licenca_Medica,0.161290323,62,70,62,8,52,10
310,D31,Licenca_Medica,0.25,16,116,102,14,12,4
311,D32,Licenca_Medica,0.162162162,37,95,83,12,31,6
312,D33,Licenca_Medica,0,11,121,103,18,11,0
313,D34,Licenca_Medica,0.666666667,3,129,113,16,1,2
314,D35,Licenca_Medica,0.5,2,130,113,17,1,1
315,D36,Licenca_Medica,0.428571429,7,125,110,15,4,3
316,D37,Licenca_Medica,0.272727273,22,110,98,12,16,6
317,D38,Licenca_Medica,0.5,2,130,113,17,1,1
318,D39,Licenca_Medica,0.066666667,15,117,100,17,14,1
319,D4,Licenca_Medica,0.25,4,128,111,17,3,1
320,D40,Licenca_Medica,0.75,4,128,113,15,1,3
321,D41,Licenca_Medica,0.428571429,7,125,110,15,4,3
322,D42,Licenca_Medica,0.333333333,3,129,112,17,2,1
323,D43,Licenca_Medica,0.333333333,3,129,112,17,2,1
324,D44,Licenca_Medica,0.157894737,38,94,82,12,32,6
325,D45,Licenca_Medica,0.090909091,11,121,104,17,10,1
326,D46,Licenca_Medica,0.105263158,38,94,80,14,34,4
327,D47,Licenca_Medica,0.090909091,11,121,104,17,10,1
328,D48,Licenca_Medica,0.115384615,26,106,91,15,23,3
329,D49,Licenca_Medica,0.083333333,12,120,103,17,11,1
330,D5,Licenca_Medica,0.666666667,3,129,113,16,1,2
331,D50,Licenca_Medica,0.5,2,130,113,17,1,1
332,D51,Licenca_Medica,1,1,131,114,17,0,1
333,D52,Licenca_Medica,0,2,130,112,18,2,0
334,D53,Licenca_Medica,0,2,130,112,18,2,0
335,D9,Licenca_Medica,1,1,131,114,17,0,1
336,Fuma,Aposentado_Invalidez,0.113636364,44,138,135,3,39,5
337,Cirurgia_coluna,Aposentado_Invalidez,0.028169014,71,110,107,3,69,2
338,Aposentado,Aposentado_Invalidez,0.028571429,35,159,152,7,34,1
339,Desempregado,Aposentado_Invalidez,0.103448276,29,162,157,5,26,3
340,Licenca_Medica,Aposentado_Invalidez,0.166666667,18,174,169,5,15,3
341,Aposentado_Invalidez,Aposentado_Invalidez,1,8,189,189,0,0,8
342,Analgésicos,Aposentado_Invalidez,0.055555556,126,64,63,1,119,7
343,OutraDoenca,Aposentado_Invalidez,0.069444444,72,120,117,3,67,5
344,Dor_costas,Aposentado_Invalidez,0.060869565,115,75,74,1,108,7
345,Dor_pernas,Aposentado_Invalidez,0.118644068,59,129,128,1,52,7
346,Retornar_trabalho,Aposentado_Invalidez,0.19047619,21,153,150,3,17,4
347,Masc,Aposentado_Invalidez,0.03125,128,69,65,4,124,4
348,Fem,Aposentado_Invalidez,0.057971014,69,128,124,4,65,4
349,Casado_Amasiado,Aposentado_Invalidez,0.036144578,83,103,98,5,80,3
350,Solteiro,Aposentado_Invalidez,0.051948052,77,109,105,4,73,4
351,Separado_Divorciado,Aposentado_Invalidez,0,8,178,170,8,8,0
352,X4,Aposentado_Invalidez,0,3,183,175,8,3,0
353,X5,Aposentado_Invalidez,0,4,182,174,8,4,0
354,X6,Aposentado_Invalidez,0.090909091,11,175,168,7,10,1
355,Livrar_costas,Aposentado_Invalidez,0.058823529,102,15,13,2,96,6
356,Livrar_perna,Aposentado_Invalidez,0.153846154,13,104,98,6,11,2
357,Livrar_perda_sens,Aposentado_Invalidez,0,2,115,107,8,2,0
358,D1,Aposentado_Invalidez,0,1,130,122,8,1,0
359,D15,Aposentado_Invalidez,0.166666667,6,125,118,7,5,1
360,D16,Aposentado_Invalidez,0.157894737,19,112,107,5,16,3
361,D17,Aposentado_Invalidez,0,5,126,118,8,5,0
362,D18,Aposentado_Invalidez,0.0625,16,115,108,7,15,1
363,D19,Aposentado_Invalidez,0.142857143,7,124,117,7,6,1
364,D2,Aposentado_Invalidez,0.125,8,123,116,7,7,1
365,D20,Aposentado_Invalidez,0.125,8,123,116,7,7,1
366,D21,Aposentado_Invalidez,0,7,124,116,8,7,0
367,D22,Aposentado_Invalidez,0,2,129,121,8,2,0
368,D23,Aposentado_Invalidez,0,2,129,121,8,2,0
369,D24,Aposentado_Invalidez,0.115384615,26,105,100,5,23,3
370,D25,Aposentado_Invalidez,0,4,127,119,8,4,0
371,D26,Aposentado_Invalidez,0,2,129,121,8,2,0
372,D27,Aposentado_Invalidez,0.2,5,126,119,7,4,1
373,D28,Aposentado_Invalidez,0,6,125,117,8,6,0
374,D29,Aposentado_Invalidez,0.119047619,42,89,86,3,37,5
375,D3,Aposentado_Invalidez,0.5,2,129,122,7,1,1
376,D30,Aposentado_Invalidez,0.114754098,61,70,69,1,54,7
377,D31,Aposentado_Invalidez,0.0625,16,115,108,7,15,1
378,D32,Aposentado_Invalidez,0.111111111,36,95,91,4,32,4
379,D33,Aposentado_Invalidez,0,10,121,113,8,10,0
380,D34,Aposentado_Invalidez,0,3,128,120,8,3,0
381,D35,Aposentado_Invalidez,0,2,129,121,8,2,0
382,D36,Aposentado_Invalidez,0,7,124,116,8,7,0
383,D37,Aposentado_Invalidez,0.090909091,22,109,103,6,20,2
384,D38,Aposentado_Invalidez,0,2,129,121,8,2,0
385,D39,Aposentado_Invalidez,0.066666667,15,116,109,7,14,1
386,D4,Aposentado_Invalidez,0.25,4,127,120,7,3,1
387,D40,Aposentado_Invalidez,0,4,127,119,8,4,0
388,D41,Aposentado_Invalidez,0.142857143,7,124,117,7,6,1
389,D42,Aposentado_Invalidez,0,3,128,120,8,3,0
390,D43,Aposentado_Invalidez,0,3,128,120,8,3,0
391,D44,Aposentado_Invalidez,0.108108108,37,94,90,4,33,4
392,D45,Aposentado_Invalidez,0.1,10,121,114,7,9,1
393,D46,Aposentado_Invalidez,0.131578947,38,93,90,3,33,5
394,D47,Aposentado_Invalidez,0.181818182,11,120,114,6,9,2
395,D48,Aposentado_Invalidez,0.076923077,26,105,99,6,24,2
396,D49,Aposentado_Invalidez,0,12,119,111,8,12,0
397,D5,Aposentado_Invalidez,0,3,128,120,8,3,0
398,D50,Aposentado_Invalidez,0,2,129,121,8,2,0
399,D51,Aposentado_Invalidez,0,1,130,122,8,1,0
400,D52,Aposentado_Invalidez,0,2,129,121,8,2,0
401,D53,Aposentado_Invalidez,0,2,129,121,8,2,0
402,D9,Aposentado_Invalidez,0,1,130,122,8,1,0
403,Fuma,Analgésicos,0.688888889,45,141,49,92,14,31
404,Cirurgia_coluna,Analgésicos,0.684210526,76,122,39,83,24,52
405,Aposentado,Analgésicos,0.657142857,35,158,54,104,12,23
406,Desempregado,Analgésicos,0.642857143,28,161,54,107,10,18
407,Licenca_Medica,Analgésicos,0.578947368,19,172,58,114,8,11
408,Aposentado_Invalidez,Analgésicos,0.875,8,182,63,119,1,7
409,Analgésicos,Analgésicos,1,147,68,68,0,0,147
410,OutraDoenca,Analgésicos,0.706666667,75,124,45,79,22,53
411,Dor_costas,Analgésicos,0.81147541,122,78,41,37,23,99
412,Dor_pernas,Analgésicos,0.84375,64,134,54,80,10,54
413,Retornar_trabalho,Analgésicos,0.857142857,21,171,56,115,3,18
414,Masc,Analgésicos,0.713286713,143,72,27,45,41,102
415,Fem,Analgésicos,0.625,72,143,41,102,27,45
416,Casado_Amasiado,Analgésicos,0.691358025,81,106,40,66,25,56
417,Solteiro,Analgésicos,0.6,80,107,33,74,32,48
418,Separado_Divorciado,Analgésicos,0.75,8,179,63,116,2,6
419,X4,Analgésicos,0.666666667,3,184,64,120,1,2
420,X5,Analgésicos,0.25,4,183,62,121,3,1
421,X6,Analgésicos,0.818181818,11,176,63,113,2,9
422,Livrar_costas,Analgésicos,0.796296296,108,15,4,11,22,86
423,Livrar_perna,Analgésicos,0.785714286,14,109,23,86,3,11
424,Livrar_perda_sens,Analgésicos,0,1,122,25,97,1,0
425,D1,Analgésicos,1,1,129,42,87,0,1
426,D15,Analgésicos,0.428571429,7,123,38,85,4,3
427,D16,Analgésicos,0.9,20,110,40,70,2,18
428,D17,Analgésicos,0.8,5,125,41,84,1,4
429,D18,Analgésicos,0.866666667,15,115,40,75,2,13
430,D19,Analgésicos,0.833333333,6,124,41,83,1,5
431,D2,Analgésicos,0.875,8,122,41,81,1,7
432,D20,Analgésicos,0.857142857,7,123,41,82,1,6
433,D21,Analgésicos,0.857142857,7,123,41,82,1,6
434,D22,Analgésicos,1,1,129,42,87,0,1
435,D23,Analgésicos,1,2,128,42,86,0,2
436,D24,Analgésicos,0.653846154,26,104,33,71,9,17
437,D25,Analgésicos,0.75,4,126,41,85,1,3
438,D26,Analgésicos,1,2,128,42,86,0,2
439,D27,Analgésicos,0.8,5,125,41,84,1,4
440,D28,Analgésicos,0.666666667,6,124,40,84,2,4
441,D29,Analgésicos,0.833333333,42,88,35,53,7,35
442,D3,Analgésicos,1,2,128,42,86,0,2
443,D30,Analgésicos,0.85483871,62,68,33,35,9,53
444,D31,Analgésicos,0.529411765,17,113,34,79,8,9
445,D32,Analgésicos,0.891891892,37,93,38,55,4,33
446,D33,Analgésicos,0.666666667,12,118,38,80,4,8
447,D34,Analgésicos,0.666666667,3,127,41,86,1,2
448,D35,Analgésicos,1,2,128,42,86,0,2
449,D36,Analgésicos,0.375,8,122,37,85,5,3
450,D37,Analgésicos,0.818181818,22,108,38,70,4,18
451,D38,Analgésicos,0.333333333,3,127,40,87,2,1
452,D39,Analgésicos,0.933333333,15,115,41,74,1,14
453,D4,Analgésicos,1,4,126,42,84,0,4
454,D40,Analgésicos,0.4,5,125,39,86,3,2
455,D41,Analgésicos,0.714285714,7,123,40,83,2,5
456,D42,Analgésicos,0.5,2,128,41,87,1,1
457,D43,Analgésicos,1,3,127,42,85,0,3
458,D44,Analgésicos,0.868421053,38,92,37,55,5,33
459,D45,Analgésicos,0.75,12,118,39,79,3,9
460,D46,Analgésicos,0.868421053,38,92,37,55,5,33
461,D47,Analgésicos,0.666666667,12,118,38,80,4,8
462,D48,Analgésicos,0.846153846,26,104,38,66,4,22
463,D49,Analgésicos,0.615384615,13,117,37,80,5,8
464,D5,Analgésicos,0.666666667,3,127,41,86,1,2
465,D50,Analgésicos,0.5,2,128,41,87,1,1
466,D51,Analgésicos,1,1,129,42,87,0,1
467,D52,Analgésicos,0.5,2,128,41,87,1,1
468,D53,Analgésicos,1,2,128,42,86,0,2
469,D9,Analgésicos,1,1,129,42,87,0,1
470,Fuma,OutraDoenca,0.288888889,45,143,87,56,32,13
471,Cirurgia_coluna,OutraDoenca,0.373333333,75,114,69,45,47,28
472,Aposentado,OutraDoenca,0.513513514,37,158,106,52,18,19
473,Desempregado,OutraDoenca,0.466666667,30,161,105,56,16,14
474,Licenca_Medica,OutraDoenca,0.368421053,19,174,110,64,12,7
475,Aposentado_Invalidez,OutraDoenca,0.625,8,184,117,67,3,5
476,Analgésicos,OutraDoenca,0.401515152,132,67,45,22,79,53
477,OutraDoenca,OutraDoenca,1,80,127,127,0,0,80
478,Dor_costas,OutraDoenca,0.415254237,118,78,53,25,69,49
479,Dor_pernas,OutraDoenca,0.444444444,63,133,87,46,35,28
480,Retornar_trabalho,OutraDoenca,0.571428571,21,162,105,57,9,12
481,Masc,OutraDoenca,0.391304348,138,69,43,26,84,54
482,Fem,OutraDoenca,0.376811594,69,138,84,54,43,26
483,Casado_Amasiado,OutraDoenca,0.333333333,84,105,64,41,56,28
484,Solteiro,OutraDoenca,0.375,80,109,70,39,50,30
485,Separado_Divorciado,OutraDoenca,0.714285714,7,182,118,64,2,5
486,X4,OutraDoenca,0.333333333,3,186,118,68,2,1
487,X5,OutraDoenca,0,4,185,116,69,4,0
488,X6,OutraDoenca,0.454545455,11,178,114,64,6,5
489,Livrar_costas,OutraDoenca,0.411214953,107,14,7,7,63,44
490,Livrar_perna,OutraDoenca,0.538461538,13,108,64,44,6,7
491,Livrar_perda_sens,OutraDoenca,0,1,120,69,51,1,0
492,D1,OutraDoenca,0,1,129,79,50,1,0
493,D15,OutraDoenca,0.285714286,7,123,75,48,5,2
494,D16,OutraDoenca,0.35,20,110,67,43,13,7
495,D17,OutraDoenca,0,5,125,75,50,5,0
496,D18,OutraDoenca,0.3125,16,114,69,45,11,5
497,D19,OutraDoenca,0.428571429,7,123,76,47,4,3
498,D2,OutraDoenca,0.5,8,122,76,46,4,4
499,D20,OutraDoenca,0.25,8,122,74,48,6,2
500,D21,OutraDoenca,0.142857143,7,123,74,49,6,1
501,D22,OutraDoenca,0,2,128,78,50,2,0
502,D23,OutraDoenca,0,2,128,78,50,2,0
503,D24,OutraDoenca,0.384615385,26,104,64,40,16,10
504,D25,OutraDoenca,0.25,4,126,77,49,3,1
505,D26,OutraDoenca,0.5,2,128,79,49,1,1
506,D27,OutraDoenca,0.2,5,125,76,49,4,1
507,D28,OutraDoenca,0.5,6,124,77,47,3,3
508,D29,OutraDoenca,0.43902439,41,89,57,32,23,18
509,D3,OutraDoenca,1,2,128,80,48,0,2
510,D30,OutraDoenca,0.426229508,61,69,45,24,35,26
511,D31,OutraDoenca,0.470588235,17,113,71,42,9,8
512,D32,OutraDoenca,0.416666667,36,94,59,35,21,15
513,D33,OutraDoenca,0.333333333,12,118,72,46,8,4
514,D34,OutraDoenca,0.333333333,3,127,78,49,2,1
515,D35,OutraDoenca,0.5,2,128,79,49,1,1
516,D36,OutraDoenca,0.375,8,122,75,47,5,3
517,D37,OutraDoenca,0.363636364,22,108,66,42,14,8
518,D38,OutraDoenca,0.333333333,3,127,78,49,2,1
519,D39,OutraDoenca,0.466666667,15,115,72,43,8,7
520,D4,OutraDoenca,0.75,4,126,79,47,1,3
521,D40,OutraDoenca,0.2,5,125,76,49,4,1
522,D41,OutraDoenca,0.285714286,7,123,75,48,5,2
523,D42,OutraDoenca,0,3,127,77,50,3,0
524,D43,OutraDoenca,0,3,127,77,50,3,0
525,D44,OutraDoenca,0.378378378,37,93,57,36,23,14
526,D45,OutraDoenca,0.416666667,12,118,73,45,7,5
527,D46,OutraDoenca,0.459459459,37,93,60,33,20,17
528,D47,OutraDoenca,0.416666667,12,118,73,45,7,5
529,D48,OutraDoenca,0.538461538,26,104,68,36,12,14
530,D49,OutraDoenca,0.307692308,13,117,71,46,9,4
531,D5,OutraDoenca,0.666666667,3,127,79,48,1,2
532,D50,OutraDoenca,0.5,2,128,79,49,1,1
533,D51,OutraDoenca,0,1,129,79,50,1,0
534,D52,OutraDoenca,0,2,128,78,50,2,0
535,D53,OutraDoenca,0,2,128,78,50,2,0
536,D9,OutraDoenca,0,1,129,79,50,1,0
537,Fuma,Dor_costas,0.673913043,46,138,60,78,15,31
538,Cirurgia_coluna,Dor_costas,0.64,75,115,48,67,27,48
539,Aposentado,Dor_costas,0.694444444,36,157,65,92,11,25
540,Desempregado,Dor_costas,0.9,30,160,72,88,3,27
541,Licenca_Medica,Dor_costas,0.842105263,19,172,72,100,3,16
542,Aposentado_Invalidez,Dor_costas,0.875,8,182,74,108,1,7
543,Analgésicos,Dor_costas,0.727941176,136,64,41,23,37,99
544,OutraDoenca,Dor_costas,0.662162162,74,122,53,69,25,49
545,Dor_costas,Dor_costas,1,128,79,79,0,0,128
546,Dor_pernas,Dor_costas,0.84375,64,139,68,71,10,54
547,Retornar_trabalho,Dor_costas,0.9,20,165,66,99,2,18
548,Masc,Dor_costas,0.652173913,138,69,31,38,48,90
549,Fem,Dor_costas,0.550724638,69,138,48,90,31,38
550,Casado_Amasiado,Dor_costas,0.614457831,83,103,45,58,32,51
551,Solteiro,Dor_costas,0.558441558,77,109,43,66,34,43
552,Separado_Divorciado,Dor_costas,0.75,8,178,75,103,2,6
553,X4,Dor_costas,0.666666667,3,183,76,107,1,2
554,X5,Dor_costas,0.25,4,182,74,108,3,1
555,X6,Dor_costas,0.545454545,11,175,72,103,5,6
556,Livrar_costas,Dor_costas,0.918918919,111,16,7,9,9,102
557,Livrar_perna,Dor_costas,0.571428571,14,113,10,103,6,8
558,Livrar_perda_sens,Dor_costas,0.5,2,125,15,110,1,1
559,D1,Dor_costas,1,1,127,37,90,0,1
560,D15,Dor_costas,0.714285714,7,121,35,86,2,5
561,D16,Dor_costas,0.95,20,108,36,72,1,19
562,D17,Dor_costas,1,5,123,37,86,0,5
563,D18,Dor_costas,0.9375,16,112,36,76,1,15
564,D19,Dor_costas,1,7,121,37,84,0,7
565,D2,Dor_costas,1,8,120,37,83,0,8
566,D20,Dor_costas,1,8,120,37,83,0,8
567,D21,Dor_costas,1,7,121,37,84,0,7
568,D22,Dor_costas,1,2,126,37,89,0,2
569,D23,Dor_costas,1,2,126,37,89,0,2
570,D24,Dor_costas,0.846153846,26,102,33,69,4,22
571,D25,Dor_costas,1,4,124,37,87,0,4
572,D26,Dor_costas,1,2,126,37,89,0,2
573,D27,Dor_costas,0.8,5,123,36,87,1,4
574,D28,Dor_costas,0.833333333,6,122,36,86,1,5
575,D29,Dor_costas,0.902439024,41,87,33,54,4,37
576,D3,Dor_costas,1,2,126,37,89,0,2
577,D30,Dor_costas,0.918032787,61,67,32,35,5,56
578,D31,Dor_costas,0.823529412,17,111,34,77,3,14
579,D32,Dor_costas,0.916666667,36,92,34,58,3,33
580,D33,Dor_costas,0.75,12,116,34,82,3,9
581,D34,Dor_costas,0.666666667,3,125,36,89,1,2
582,D35,Dor_costas,1,2,126,37,89,0,2
583,D36,Dor_costas,0.5,8,120,33,87,4,4
584,D37,Dor_costas,0.863636364,22,106,34,72,3,19
585,D38,Dor_costas,0,3,125,34,91,3,0
586,D39,Dor_costas,0.8,15,113,34,79,3,12
587,D4,Dor_costas,1,4,124,37,87,0,4
588,D40,Dor_costas,0.4,5,123,34,89,3,2
589,D41,Dor_costas,0.714285714,7,121,35,86,2,5
590,D42,Dor_costas,1,3,125,37,88,0,3
591,D43,Dor_costas,0.666666667,3,125,36,89,1,2
592,D44,Dor_costas,0.891891892,37,91,33,58,4,33
593,D45,Dor_costas,0.75,12,116,34,82,3,9
594,D46,Dor_costas,0.837837838,37,91,31,60,6,31
595,D47,Dor_costas,0.666666667,12,116,33,83,4,8
596,D48,Dor_costas,0.84,25,103,33,70,4,21
597,D49,Dor_costas,0.769230769,13,115,34,81,3,10
598,D5,Dor_costas,1,3,125,37,88,0,3
599,D50,Dor_costas,0.5,2,126,36,90,1,1
600,D51,Dor_costas,1,1,127,37,90,0,1
601,D52,Dor_costas,0.5,2,126,36,90,1,1
602,D53,Dor_costas,0.5,2,126,36,90,1,1
603,D9,Dor_costas,1,1,127,37,90,0,1
604,Fuma,Dor_pernas,0.456521739,46,137,97,40,25,21
605,Cirurgia_coluna,Dor_pernas,0.410958904,73,113,89,24,43,30
606,Aposentado,Dor_pernas,0.388888889,36,155,108,47,22,14
607,Desempregado,Dor_pernas,0.333333333,30,158,108,50,20,10
608,Licenca_Medica,Dor_pernas,0.631578947,19,170,122,48,7,12
609,Aposentado_Invalidez,Dor_pernas,0.875,8,180,128,52,1,7
610,Analgésicos,Dor_pernas,0.402985075,134,64,54,10,80,54
611,OutraDoenca,Dor_pernas,0.378378378,74,122,87,35,46,28
612,Dor_costas,Dor_pernas,0.432,125,78,68,10,71,54
613,Dor_pernas,Dor_pernas,1,65,139,139,0,0,65
614,Retornar_trabalho,Dor_pernas,0.65,20,162,116,46,7,13
615,Masc,Dor_pernas,0.326086957,138,66,46,20,93,45
616,Fem,Dor_pernas,0.303030303,66,138,93,45,46,20
617,Casado_Amasiado,Dor_pernas,0.313253012,83,102,66,36,57,26
618,Solteiro,Dor_pernas,0.355263158,76,109,74,35,49,27
619,Separado_Divorciado,Dor_pernas,0.375,8,177,118,59,5,3
620,X4,Dor_pernas,0.333333333,3,182,121,61,2,1
621,X5,Dor_pernas,0,4,181,119,62,4,0
622,X6,Dor_pernas,0.454545455,11,174,117,57,6,5
623,Livrar_costas,Dor_pernas,0.4,110,15,2,13,66,44
624,Livrar_perna,Dor_pernas,0.928571429,14,111,67,44,1,13
625,Livrar_perda_sens,Dor_pernas,0,1,124,67,57,1,0
626,D1,Dor_pernas,0,1,126,71,55,1,0
627,D15,Dor_pernas,0.857142857,7,120,71,49,1,6
628,D16,Dor_pernas,0.95,20,107,71,36,1,19
629,D17,Dor_pernas,0.4,5,122,69,53,3,2
630,D18,Dor_pernas,0.3125,16,111,61,50,11,5
631,D19,Dor_pernas,0.428571429,7,120,68,52,4,3
632,D2,Dor_pernas,0.5,8,119,68,51,4,4
633,D20,Dor_pernas,0.25,8,119,66,53,6,2
634,D21,Dor_pernas,0.285714286,7,120,67,53,5,2
635,D22,Dor_pernas,0,2,125,70,55,2,0
636,D23,Dor_pernas,0.5,2,125,71,54,1,1
637,D24,Dor_pernas,0.269230769,26,101,53,48,19,7
638,D25,Dor_pernas,0.25,4,123,69,54,3,1
639,D26,Dor_pernas,0,2,125,70,55,2,0
640,D27,Dor_pernas,0.2,5,122,68,54,4,1
641,D28,Dor_pernas,0.166666667,6,121,67,54,5,1
642,D29,Dor_pernas,0.731707317,41,86,61,25,11,30
643,D3,Dor_pernas,0.5,2,125,71,54,1,1
644,D30,Dor_pernas,0.655737705,61,66,51,15,21,40
645,D31,Dor_pernas,0.647058824,17,110,66,44,6,11
646,D32,Dor_pernas,0.833333333,36,91,66,25,6,30
647,D33,Dor_pernas,0.75,12,115,69,46,3,9
648,D34,Dor_pernas,0.333333333,3,124,70,54,2,1
649,D35,Dor_pernas,0.5,2,125,71,54,1,1
650,D36,Dor_pernas,0.625,8,119,69,50,3,5
651,D37,Dor_pernas,0.863636364,22,105,69,36,3,19
652,D38,Dor_pernas,1,3,124,72,52,0,3
653,D39,Dor_pernas,0.866666667,15,112,70,42,2,13
654,D4,Dor_pernas,0.5,4,123,70,53,2,2
655,D40,Dor_pernas,0.8,5,122,71,51,1,4
656,D41,Dor_pernas,0.857142857,7,120,71,49,1,6
657,D42,Dor_pernas,0,3,124,69,55,3,0
658,D43,Dor_pernas,0,3,124,69,55,3,0
659,D44,Dor_pernas,0.837837838,37,90,66,24,6,31
660,D45,Dor_pernas,1,12,115,72,43,0,12
661,D46,Dor_pernas,0.864864865,37,90,67,23,5,32
662,D47,Dor_pernas,1,12,115,72,43,0,12
663,D48,Dor_pernas,0.92,25,102,70,32,2,23
664,D49,Dor_pernas,0.769230769,13,114,69,45,3,10
665,D5,Dor_pernas,0.666666667,3,124,71,53,1,2
666,D50,Dor_pernas,0,2,125,70,55,2,0
667,D51,Dor_pernas,1,1,126,72,54,0,1
668,D52,Dor_pernas,0,2,125,70,55,2,0
669,D53,Dor_pernas,0,2,125,70,55,2,0
670,D9,Dor_pernas,1,1,126,72,54,0,1
671,Fuma,Retornar_trabalho,0.181818182,44,122,110,12,36,8
672,Cirurgia_coluna,Retornar_trabalho,0.119402985,67,118,110,8,59,8
673,Aposentado,Retornar_trabalho,0.433333333,30,146,138,8,17,13
674,Desempregado,Retornar_trabalho,0.269230769,26,147,135,12,19,7
675,Licenca_Medica,Retornar_trabalho,0.176470588,17,158,141,17,14,3
676,Aposentado_Invalidez,Retornar_trabalho,0.571428571,7,167,150,17,3,4
677,Analgésicos,Retornar_trabalho,0.135338346,133,59,56,3,115,18
678,OutraDoenca,Retornar_trabalho,0.173913043,69,114,105,9,57,12
679,Dor_costas,Retornar_trabalho,0.153846154,117,68,66,2,99,18
680,Dor_pernas,Retornar_trabalho,0.220338983,59,123,116,7,46,13
681,Retornar_trabalho,Retornar_trabalho,1,21,183,183,0,0,21
682,Masc,Retornar_trabalho,0.111111111,135,69,63,6,120,15
683,Fem,Retornar_trabalho,0.086956522,69,135,120,15,63,6
684,Casado_Amasiado,Retornar_trabalho,0.098591549,71,96,82,14,64,7
685,Solteiro,Retornar_trabalho,0.111111111,72,95,82,13,64,8
686,Separado_Divorciado,Retornar_trabalho,0.285714286,7,160,141,19,5,2
687,X4,Retornar_trabalho,0,3,164,143,21,3,0
688,X5,Retornar_trabalho,0,5,162,141,21,5,0
689,X6,Retornar_trabalho,0.444444444,9,158,141,17,5,4
690,Livrar_costas,Retornar_trabalho,0.168224299,107,14,12,2,89,18
691,Livrar_perna,Retornar_trabalho,0.166666667,12,109,91,18,10,2
692,Livrar_perda_sens,Retornar_trabalho,0,2,119,99,20,2,0
693,D1,Retornar_trabalho,0,1,118,98,20,1,0
694,D15,Retornar_trabalho,0,7,112,92,20,7,0
695,D16,Retornar_trabalho,0.411764706,17,102,89,13,10,7
696,D17,Retornar_trabalho,0,5,114,94,20,5,0
697,D18,Retornar_trabalho,0.125,16,103,85,18,14,2
698,D19,Retornar_trabalho,0.428571429,7,112,95,17,4,3
699,D2,Retornar_trabalho,0.25,8,111,93,18,6,2
700,D20,Retornar_trabalho,0.375,8,111,94,17,5,3
701,D21,Retornar_trabalho,0.285714286,7,112,94,18,5,2
702,D22,Retornar_trabalho,0.5,2,117,98,19,1,1
703,D23,Retornar_trabalho,0.5,2,117,98,19,1,1
704,D24,Retornar_trabalho,0.291666667,24,95,82,13,17,7
705,D25,Retornar_trabalho,0.75,4,115,98,17,1,3
706,D26,Retornar_trabalho,0.5,2,117,98,19,1,1
707,D27,Retornar_trabalho,0.6,5,114,97,17,2,3
708,D28,Retornar_trabalho,0.333333333,6,113,95,18,4,2
709,D29,Retornar_trabalho,0.256410256,39,80,70,10,29,10
710,D3,Retornar_trabalho,0.5,2,117,98,19,1,1
711,D30,Retornar_trabalho,0.303571429,56,63,60,3,39,17
712,D31,Retornar_trabalho,0.1875,16,103,86,17,13,3
713,D32,Retornar_trabalho,0.212121212,33,86,73,13,26,7
714,D33,Retornar_trabalho,0.1,10,109,90,19,9,1
715,D34,Retornar_trabalho,0,3,116,96,20,3,0
716,D35,Retornar_trabalho,0,2,117,97,20,2,0
717,D36,Retornar_trabalho,0,8,111,91,20,8,0
718,D37,Retornar_trabalho,0.35,20,99,86,13,13,7
719,D38,Retornar_trabalho,0,3,116,96,20,3,0
720,D39,Retornar_trabalho,0.357142857,14,105,90,15,9,5
721,D4,Retornar_trabalho,0.25,4,115,96,19,3,1
722,D40,Retornar_trabalho,0,5,114,94,20,5,0
723,D41,Retornar_trabalho,0.285714286,7,112,94,18,5,2
724,D42,Retornar_trabalho,0.333333333,3,116,97,19,2,1
725,D43,Retornar_trabalho,0.333333333,3,116,97,19,2,1
726,D44,Retornar_trabalho,0.205882353,34,85,72,13,27,7
727,D45,Retornar_trabalho,0.2,10,109,91,18,8,2
728,D46,Retornar_trabalho,0.257142857,35,84,73,11,26,9
729,D47,Retornar_trabalho,0.272727273,11,108,91,17,8,3
730,D48,Retornar_trabalho,0.391304348,23,96,85,11,14,9
731,D49,Retornar_trabalho,0.166666667,12,107,89,18,10,2
732,D5,Retornar_trabalho,0.333333333,3,116,97,19,2,1
733,D50,Retornar_trabalho,0,2,117,97,20,2,0
734,D51,Retornar_trabalho,0,1,118,98,20,1,0
735,D52,Retornar_trabalho,0,2,117,97,20,2,0
736,D53,Retornar_trabalho,0,2,117,97,20,2,0
737,D9,Retornar_trabalho,0,1,118,98,20,1,0
738,Fuma,Masc,0.652173913,46,154,49,105,16,30
739,Cirurgia_coluna,Masc,0.708860759,79,134,49,85,23,56
740,Aposentado,Masc,0.783783784,37,164,61,103,8,29
741,Desempregado,Masc,0.6,30,167,57,110,12,18
742,Licenca_Medica,Masc,0.631578947,19,180,62,118,7,12
743,Aposentado_Invalidez,Masc,0.5,8,189,65,124,4,4
744,Analgésicos,Masc,0.693877551,147,68,27,41,45,102
745,OutraDoenca,Masc,0.675,80,127,43,84,26,54
746,Dor_costas,Masc,0.703125,128,79,31,48,38,90
747,Dor_pernas,Masc,0.692307692,65,139,46,93,20,45
748,Retornar_trabalho,Masc,0.714285714,21,183,63,120,6,15
749,Masc,Masc,1,161,79,79,0,0,161
750,Fem,Masc,0,79,161,0,161,79,0
751,Casado_Amasiado,Masc,0.588235294,85,117,33,84,35,50
752,Solteiro,Masc,0.693181818,88,114,41,73,27,61
753,Separado_Divorciado,Masc,0.625,8,194,65,129,3,5
754,X4,Masc,0.666666667,3,199,67,132,1,2
755,X5,Masc,0.666666667,6,196,66,130,2,4
756,X6,Masc,1,12,190,68,122,0,12
757,Livrar_costas,Masc,0.705357143,112,16,8,8,33,79
758,Livrar_perna,Masc,0.5,14,114,34,80,7,7
759,Livrar_perda_sens,Masc,0.5,2,126,40,86,1,1
760,D1,Masc,1,1,135,48,87,0,1
761,D15,Masc,0.571428571,7,129,45,84,3,4
762,D16,Masc,0.7,20,116,42,74,6,14
763,D17,Masc,1,5,131,48,83,0,5
764,D18,Masc,0.8125,16,120,45,75,3,13
765,D19,Masc,1,7,129,48,81,0,7
766,D2,Masc,0.75,8,128,46,82,2,6
767,D20,Masc,0.625,8,128,45,83,3,5
768,D21,Masc,0.714285714,7,129,46,83,2,5
769,D22,Masc,1,2,134,48,86,0,2
770,D23,Masc,0.5,2,134,47,87,1,1
771,D24,Masc,0.615384615,26,110,38,72,10,16
772,D25,Masc,0.75,4,132,47,85,1,3
773,D26,Masc,1,2,134,48,86,0,2
774,D27,Masc,0.8,5,131,47,84,1,4
775,D28,Masc,0.5,6,130,45,85,3,3
776,D29,Masc,0.714285714,42,94,36,58,12,30
777,D3,Masc,1,2,134,48,86,0,2
778,D30,Masc,0.677419355,62,74,28,46,20,42
779,D31,Masc,0.588235294,17,119,41,78,7,10
780,D32,Masc,0.756756757,37,99,39,60,9,28
781,D33,Masc,0.583333333,12,124,43,81,5,7
782,D34,Masc,0.333333333,3,133,46,87,2,1
783,D35,Masc,1,2,134,48,86,0,2
784,D36,Masc,0.625,8,128,45,83,3,5
785,D37,Masc,0.772727273,22,114,43,71,5,17
786,D38,Masc,0.333333333,3,133,46,87,2,1
787,D39,Masc,0.733333333,15,121,44,77,4,11
788,D4,Masc,1,4,132,48,84,0,4
789,D40,Masc,0.6,5,131,46,85,2,3
790,D41,Masc,1,7,129,48,81,0,7
791,D42,Masc,1,3,133,48,85,0,3
792,D43,Masc,0.333333333,3,133,46,87,2,1
793,D44,Masc,0.763157895,38,98,39,59,9,29
794,D45,Masc,0.666666667,12,124,44,80,4,8
795,D46,Masc,0.736842105,38,98,38,60,10,28
796,D47,Masc,0.666666667,12,124,44,80,4,8
797,D48,Masc,0.730769231,26,110,41,69,7,19
798,D49,Masc,0.615384615,13,123,43,80,5,8
799,D5,Masc,0.666666667,3,133,47,86,1,2
800,D50,Masc,0,2,134,46,88,2,0
801,D51,Masc,1,1,135,48,87,0,1
802,D52,Masc,0.5,2,134,47,87,1,1
803,D53,Masc,0,2,134,46,88,2,0
804,D9,Masc,1,1,135,48,87,0,1
805,Fuma,Fem,0.347826087,46,154,105,49,30,16
806,Cirurgia_coluna,Fem,0.291139241,79,134,85,49,56,23
807,Aposentado,Fem,0.216216216,37,164,103,61,29,8
808,Desempregado,Fem,0.4,30,167,110,57,18,12
809,Licenca_Medica,Fem,0.368421053,19,180,118,62,12,7
810,Aposentado_Invalidez,Fem,0.5,8,189,124,65,4,4
811,Analgésicos,Fem,0.306122449,147,68,41,27,102,45
812,OutraDoenca,Fem,0.325,80,127,84,43,54,26
813,Dor_costas,Fem,0.296875,128,79,48,31,90,38
814,Dor_pernas,Fem,0.307692308,65,139,93,46,45,20
815,Retornar_trabalho,Fem,0.285714286,21,183,120,63,15,6
816,Masc,Fem,0,161,79,0,79,161,0
817,Fem,Fem,1,79,161,161,0,0,79
818,Casado_Amasiado,Fem,0.411764706,85,117,84,33,50,35
819,Solteiro,Fem,0.306818182,88,114,73,41,61,27
820,Separado_Divorciado,Fem,0.375,8,194,129,65,5,3
821,X4,Fem,0.333333333,3,199,132,67,2,1
822,X5,Fem,0.333333333,6,196,130,66,4,2
823,X6,Fem,0,12,190,122,68,12,0
824,Livrar_costas,Fem,0.294642857,112,16,8,8,79,33
825,Livrar_perna,Fem,0.5,14,114,80,34,7,7
826,Livrar_perda_sens,Fem,0.5,2,126,86,40,1,1
827,D1,Fem,0,1,135,87,48,1,0
828,D15,Fem,0.428571429,7,129,84,45,4,3
829,D16,Fem,0.3,20,116,74,42,14,6
830,D17,Fem,0,5,131,83,48,5,0
831,D18,Fem,0.1875,16,120,75,45,13,3
832,D19,Fem,0,7,129,81,48,7,0
833,D2,Fem,0.25,8,128,82,46,6,2
834,D20,Fem,0.375,8,128,83,45,5,3
835,D21,Fem,0.285714286,7,129,83,46,5,2
836,D22,Fem,0,2,134,86,48,2,0
837,D23,Fem,0.5,2,134,87,47,1,1
838,D24,Fem,0.384615385,26,110,72,38,16,10
839,D25,Fem,0.25,4,132,85,47,3,1
840,D26,Fem,0,2,134,86,48,2,0
841,D27,Fem,0.2,5,131,84,47,4,1
842,D28,Fem,0.5,6,130,85,45,3,3
843,D29,Fem,0.285714286,42,94,58,36,30,12
844,D3,Fem,0,2,134,86,48,2,0
845,D30,Fem,0.322580645,62,74,46,28,42,20
846,D31,Fem,0.411764706,17,119,78,41,10,7
847,D32,Fem,0.243243243,37,99,60,39,28,9
848,D33,Fem,0.416666667,12,124,81,43,7,5
849,D34,Fem,0.666666667,3,133,87,46,1,2
850,D35,Fem,0,2,134,86,48,2,0
851,D36,Fem,0.375,8,128,83,45,5,3
852,D37,Fem,0.227272727,22,114,71,43,17,5
853,D38,Fem,0.666666667,3,133,87,46,1,2
854,D39,Fem,0.266666667,15,121,77,44,11,4
855,D4,Fem,0,4,132,84,48,4,0
856,D40,Fem,0.4,5,131,85,46,3,2
857,D41,Fem,0,7,129,81,48,7,0
858,D42,Fem,0,3,133,85,48,3,0
859,D43,Fem,0.666666667,3,133,87,46,1,2
860,D44,Fem,0.236842105,38,98,59,39,29,9
861,D45,Fem,0.333333333,12,124,80,44,8,4
862,D46,Fem,0.263157895,38,98,60,38,28,10
863,D47,Fem,0.333333333,12,124,80,44,8,4
864,D48,Fem,0.269230769,26,110,69,41,19,7
865,D49,Fem,0.384615385,13,123,80,43,8,5
866,D5,Fem,0.333333333,3,133,86,47,2,1
867,D50,Fem,1,2,134,88,46,0,2
868,D51,Fem,0,1,135,87,48,1,0
869,D52,Fem,0.5,2,134,87,47,1,1
870,D53,Fem,1,2,134,88,46,0,2
871,D9,Fem,0,1,135,87,48,1,0
872,Fuma,Casado_Amasiado,0.260869565,46,147,75,72,34,12
873,Cirurgia_coluna,Casado_Amasiado,0.402777778,72,106,53,53,43,29
874,Aposentado,Casado_Amasiado,0.441176471,34,156,88,68,19,15
875,Desempregado,Casado_Amasiado,0.346153846,26,160,87,73,17,9
876,Licenca_Medica,Casado_Amasiado,0.263157895,19,169,93,76,14,5
877,Aposentado_Invalidez,Casado_Amasiado,0.375,8,178,98,80,5,3
878,Analgésicos,Casado_Amasiado,0.459016393,122,65,40,25,66,56
879,OutraDoenca,Casado_Amasiado,0.405797101,69,120,64,56,41,28
880,Dor_costas,Casado_Amasiado,0.467889908,109,77,45,32,58,51
881,Dor_pernas,Casado_Amasiado,0.419354839,62,123,66,57,36,26
882,Retornar_trabalho,Casado_Amasiado,0.333333333,21,146,82,64,14,7
883,Masc,Casado_Amasiado,0.373134328,134,68,33,35,84,50
884,Fem,Casado_Amasiado,0.514705882,68,134,84,50,33,35
885,Casado_Amasiado,Casado_Amasiado,1,85,117,117,0,0,85
886,Solteiro,Casado_Amasiado,0,88,114,29,85,88,0
887,Separado_Divorciado,Casado_Amasiado,0,8,194,109,85,8,0
888,X4,Casado_Amasiado,0,3,199,114,85,3,0
889,X5,Casado_Amasiado,0,6,196,111,85,6,0
890,X6,Casado_Amasiado,0,12,190,105,85,12,0
891,Livrar_costas,Casado_Amasiado,0.422680412,97,15,10,5,56,41
892,Livrar_perna,Casado_Amasiado,0.357142857,14,98,57,41,9,5
893,Livrar_perda_sens,Casado_Amasiado,0,1,111,65,46,1,0
894,D1,Casado_Amasiado,1,1,135,81,54,0,1
895,D15,Casado_Amasiado,0.428571429,7,129,77,52,4,3
896,D16,Casado_Amasiado,0.5,20,116,71,45,10,10
897,D17,Casado_Amasiado,0.4,5,131,78,53,3,2
898,D18,Casado_Amasiado,0.375,16,120,71,49,10,6
899,D19,Casado_Amasiado,0.428571429,7,129,77,52,4,3
900,D2,Casado_Amasiado,0.125,8,128,74,54,7,1
901,D20,Casado_Amasiado,0.5,8,128,77,51,4,4
902,D21,Casado_Amasiado,0.714285714,7,129,79,50,2,5
903,D22,Casado_Amasiado,1,2,134,81,53,0,2
904,D23,Casado_Amasiado,0,2,134,79,55,2,0
905,D24,Casado_Amasiado,0.423076923,26,110,66,44,15,11
906,D25,Casado_Amasiado,0.25,4,132,78,54,3,1
907,D26,Casado_Amasiado,1,2,134,81,53,0,2
908,D27,Casado_Amasiado,0,5,131,76,55,5,0
909,D28,Casado_Amasiado,0.333333333,6,130,77,53,4,2
910,D29,Casado_Amasiado,0.523809524,42,94,61,33,20,22
911,D3,Casado_Amasiado,0,2,134,79,55,2,0
912,D30,Casado_Amasiado,0.467741935,62,74,48,26,33,29
913,D31,Casado_Amasiado,0.294117647,17,119,69,50,12,5
914,D32,Casado_Amasiado,0.486486486,37,99,62,37,19,18
915,D33,Casado_Amasiado,0.333333333,12,124,73,51,8,4
916,D34,Casado_Amasiado,0.333333333,3,133,79,54,2,1
917,D35,Casado_Amasiado,0,2,134,79,55,2,0
918,D36,Casado_Amasiado,0.5,8,128,77,51,4,4
919,D37,Casado_Amasiado,0.5,22,114,70,44,11,11
920,D38,Casado_Amasiado,0,3,133,78,55,3,0
921,D39,Casado_Amasiado,0.533333333,15,121,74,47,7,8
922,D4,Casado_Amasiado,0,4,132,77,55,4,0
923,D40,Casado_Amasiado,0.2,5,131,77,54,4,1
924,D41,Casado_Amasiado,0.428571429,7,129,77,52,4,3
925,D42,Casado_Amasiado,0.666666667,3,133,80,53,1,2
926,D43,Casado_Amasiado,1,3,133,81,52,0,3
927,D44,Casado_Amasiado,0.5,38,98,62,36,19,19
928,D45,Casado_Amasiado,0.166666667,12,124,71,53,10,2
929,D46,Casado_Amasiado,0.5,38,98,62,36,19,19
930,D47,Casado_Amasiado,0.166666667,12,124,71,53,10,2
931,D48,Casado_Amasiado,0.461538462,26,110,67,43,14,12
932,D49,Casado_Amasiado,0.384615385,13,123,73,50,8,5
933,D5,Casado_Amasiado,0,3,133,78,55,3,0
934,D50,Casado_Amasiado,0.5,2,134,80,54,1,1
935,D51,Casado_Amasiado,0,1,135,80,55,1,0
936,D52,Casado_Amasiado,0.5,2,134,80,54,1,1
937,D53,Casado_Amasiado,1,2,134,81,53,0,2
938,D9,Casado_Amasiado,0,1,135,80,55,1,0
939,Fuma,Solteiro,0.52173913,46,147,88,59,22,24
940,Cirurgia_coluna,Solteiro,0.430555556,72,106,64,42,41,31
941,Aposentado,Solteiro,0.264705882,34,156,84,72,25,9
942,Desempregado,Solteiro,0.538461538,26,160,95,65,12,14
943,Licenca_Medica,Solteiro,0.631578947,19,169,100,69,7,12
944,Aposentado_Invalidez,Solteiro,0.5,8,178,105,73,4,4
945,Analgésicos,Solteiro,0.393442623,122,65,33,32,74,48
946,OutraDoenca,Solteiro,0.434782609,69,120,70,50,39,30
947,Dor_costas,Solteiro,0.394495413,109,77,43,34,66,43
948,Dor_pernas,Solteiro,0.435483871,62,123,74,49,35,27
949,Retornar_trabalho,Solteiro,0.380952381,21,146,82,64,13,8
950,Masc,Solteiro,0.455223881,134,68,41,27,73,61
951,Fem,Solteiro,0.397058824,68,134,73,61,41,27
952,Casado_Amasiado,Solteiro,0,85,117,29,88,85,0
953,Solteiro,Solteiro,1,88,114,114,0,0,88
954,Separado_Divorciado,Solteiro,0,8,194,106,88,8,0
955,X4,Solteiro,0,3,199,111,88,3,0
956,X5,Solteiro,0,6,196,108,88,6,0
957,X6,Solteiro,0,12,190,102,88,12,0
958,Livrar_costas,Solteiro,0.453608247,97,15,9,6,53,44
959,Livrar_perna,Solteiro,0.428571429,14,98,54,44,8,6
960,Livrar_perda_sens,Solteiro,0,1,111,61,50,1,0
961,D1,Solteiro,0,1,135,76,59,1,0
962,D15,Solteiro,0.428571429,7,129,73,56,4,3
963,D16,Solteiro,0.3,20,116,63,53,14,6
964,D17,Solteiro,0.4,5,131,74,57,3,2
965,D18,Solteiro,0.5,16,120,69,51,8,8
966,D19,Solteiro,0.428571429,7,129,73,56,4,3
967,D2,Solteiro,0.5,8,128,73,55,4,4
968,D20,Solteiro,0.5,8,128,73,55,4,4
969,D21,Solteiro,0.285714286,7,129,72,57,5,2
970,D22,Solteiro,0,2,134,75,59,2,0
971,D23,Solteiro,1,2,134,77,57,0,2
972,D24,Solteiro,0.5,26,110,64,46,13,13
973,D25,Solteiro,0.75,4,132,76,56,1,3
974,D26,Solteiro,0,2,134,75,59,2,0
975,D27,Solteiro,1,5,131,77,54,0,5
976,D28,Solteiro,0.666666667,6,130,75,55,2,4
977,D29,Solteiro,0.30952381,42,94,48,46,29,13
978,D3,Solteiro,0.5,2,134,76,58,1,1
979,D30,Solteiro,0.387096774,62,74,39,35,38,24
980,D31,Solteiro,0.588235294,17,119,70,49,7,10
981,D32,Solteiro,0.351351351,37,99,53,46,24,13
982,D33,Solteiro,0.583333333,12,124,72,52,5,7
983,D34,Solteiro,0.666666667,3,133,76,57,1,2
984,D35,Solteiro,1,2,134,77,57,0,2
985,D36,Solteiro,0.375,8,128,72,56,5,3
986,D37,Solteiro,0.318181818,22,114,62,52,15,7
987,D38,Solteiro,0.666666667,3,133,76,57,1,2
988,D39,Solteiro,0.2,15,121,65,56,12,3
989,D4,Solteiro,0.75,4,132,76,56,1,3
990,D40,Solteiro,0.6,5,131,75,56,2,3
991,D41,Solteiro,0.428571429,7,129,73,56,4,3
992,D42,Solteiro,0.333333333,3,133,75,58,2,1
993,D43,Solteiro,0,3,133,74,59,3,0
994,D44,Solteiro,0.315789474,38,98,51,47,26,12
995,D45,Solteiro,0.75,12,124,74,50,3,9
996,D46,Solteiro,0.289473684,38,98,50,48,27,11
997,D47,Solteiro,0.666666667,12,124,73,51,4,8
998,D48,Solteiro,0.307692308,26,110,59,51,18,8
999,D49,Solteiro,0.461538462,13,123,70,53,7,6
1000,D5,Solteiro,0.666666667,3,133,76,57,1,2
1001,D50,Solteiro,0.5,2,134,76,58,1,1
1002,D51,Solteiro,1,1,135,77,58,0,1
1003,D52,Solteiro,0.5,2,134,76,58,1,1
1004,D53,Solteiro,0,2,134,75,59,2,0
1005,D9,Solteiro,1,1,135,77,58,0,1
1006,Fuma,Separado_Divorciado,0.02173913,46,147,140,7,45,1
1007,Cirurgia_coluna,Separado_Divorciado,0.041666667,72,106,101,5,69,3
1008,Aposentado,Separado_Divorciado,0.088235294,34,156,151,5,31,3
1009,Desempregado,Separado_Divorciado,0.038461538,26,160,154,6,25,1
1010,Licenca_Medica,Separado_Divorciado,0.052631579,19,169,162,7,18,1
1011,Aposentado_Invalidez,Separado_Divorciado,0,8,178,170,8,8,0
1012,Analgésicos,Separado_Divorciado,0.049180328,122,65,63,2,116,6
1013,OutraDoenca,Separado_Divorciado,0.072463768,69,120,118,2,64,5
1014,Dor_costas,Separado_Divorciado,0.055045872,109,77,75,2,103,6
1015,Dor_pernas,Separado_Divorciado,0.048387097,62,123,118,5,59,3
1016,Retornar_trabalho,Separado_Divorciado,0.095238095,21,146,141,5,19,2
1017,Masc,Separado_Divorciado,0.037313433,134,68,65,3,129,5
1018,Fem,Separado_Divorciado,0.044117647,68,134,129,5,65,3
1019,Casado_Amasiado,Separado_Divorciado,0,85,117,109,8,85,0
1020,Solteiro,Separado_Divorciado,0,88,114,106,8,88,0
1021,Separado_Divorciado,Separado_Divorciado,1,8,194,194,0,0,8
1022,X4,Separado_Divorciado,0,3,199,191,8,3,0
1023,X5,Separado_Divorciado,0,6,196,188,8,6,0
1024,X6,Separado_Divorciado,0,12,190,182,8,12,0
1025,Livrar_costas,Separado_Divorciado,0.041237113,97,15,14,1,93,4
1026,Livrar_perna,Separado_Divorciado,0.071428571,14,98,94,4,13,1
1027,Livrar_perda_sens,Separado_Divorciado,0,1,111,106,5,1,0
1028,D1,Separado_Divorciado,0,1,135,128,7,1,0
1029,D15,Separado_Divorciado,0,7,129,122,7,7,0
1030,D16,Separado_Divorciado,0.05,20,116,110,6,19,1
1031,D17,Separado_Divorciado,0,5,131,124,7,5,0
1032,D18,Separado_Divorciado,0,16,120,113,7,16,0
1033,D19,Separado_Divorciado,0,7,129,122,7,7,0
1034,D2,Separado_Divorciado,0,8,128,121,7,8,0
1035,D20,Separado_Divorciado,0,8,128,121,7,8,0
1036,D21,Separado_Divorciado,0,7,129,122,7,7,0
1037,D22,Separado_Divorciado,0,2,134,127,7,2,0
1038,D23,Separado_Divorciado,0,2,134,127,7,2,0
1039,D24,Separado_Divorciado,0,26,110,103,7,26,0
1040,D25,Separado_Divorciado,0,4,132,125,7,4,0
1041,D26,Separado_Divorciado,0,2,134,127,7,2,0
1042,D27,Separado_Divorciado,0,5,131,124,7,5,0
1043,D28,Separado_Divorciado,0,6,130,123,7,6,0
1044,D29,Separado_Divorciado,0.047619048,42,94,89,5,40,2
1045,D3,Separado_Divorciado,0,2,134,127,7,2,0
1046,D30,Separado_Divorciado,0.048387097,62,74,70,4,59,3
1047,D31,Separado_Divorciado,0,17,119,112,7,17,0
1048,D32,Separado_Divorciado,0.054054054,37,99,94,5,35,2
1049,D33,Separado_Divorciado,0,12,124,117,7,12,0
1050,D34,Separado_Divorciado,0,3,133,126,7,3,0
1051,D35,Separado_Divorciado,0,2,134,127,7,2,0
1052,D36,Separado_Divorciado,0,8,128,121,7,8,0
1053,D37,Separado_Divorciado,0.045454545,22,114,108,6,21,1
1054,D38,Separado_Divorciado,0,3,133,126,7,3,0
1055,D39,Separado_Divorciado,0.066666667,15,121,115,6,14,1
1056,D4,Separado_Divorciado,0,4,132,125,7,4,0
1057,D40,Separado_Divorciado,0,5,131,124,7,5,0
1058,D41,Separado_Divorciado,0,7,129,122,7,7,0
1059,D42,Separado_Divorciado,0,3,133,126,7,3,0
1060,D43,Separado_Divorciado,0,3,133,126,7,3,0
1061,D44,Separado_Divorciado,0.052631579,38,98,93,5,36,2
1062,D45,Separado_Divorciado,0,12,124,117,7,12,0
1063,D46,Separado_Divorciado,0.052631579,38,98,93,5,36,2
1064,D47,Separado_Divorciado,0,12,124,117,7,12,0
1065,D48,Separado_Divorciado,0.038461538,26,110,104,6,25,1
1066,D49,Separado_Divorciado,0,13,123,116,7,13,0
1067,D5,Separado_Divorciado,0,3,133,126,7,3,0
1068,D50,Separado_Divorciado,0,2,134,127,7,2,0
1069,D51,Separado_Divorciado,0,1,135,128,7,1,0
1070,D52,Separado_Divorciado,0,2,134,127,7,2,0
1071,D53,Separado_Divorciado,0,2,134,127,7,2,0
1072,D9,Separado_Divorciado,0,1,135,128,7,1,0
1073,Fuma,X4,0.065217391,46,147,147,0,43,3
1074,Cirurgia_coluna,X4,0,72,106,105,1,72,0
1075,Aposentado,X4,0,34,156,153,3,34,0
1076,Desempregado,X4,0,26,160,157,3,26,0
1077,Licenca_Medica,X4,0,19,169,166,3,19,0
1078,Aposentado_Invalidez,X4,0,8,178,175,3,8,0
1079,Analgésicos,X4,0.016393443,122,65,64,1,120,2
1080,OutraDoenca,X4,0.014492754,69,120,118,2,68,1
1081,Dor_costas,X4,0.018348624,109,77,76,1,107,2
1082,Dor_pernas,X4,0.016129032,62,123,121,2,61,1
1083,Retornar_trabalho,X4,0,21,146,143,3,21,0
1084,Masc,X4,0.014925373,134,68,67,1,132,2
1085,Fem,X4,0.014705882,68,134,132,2,67,1
1086,Casado_Amasiado,X4,0,85,117,114,3,85,0
1087,Solteiro,X4,0,88,114,111,3,88,0
1088,Separado_Divorciado,X4,0,8,194,191,3,8,0
1089,X4,X4,1,3,199,199,0,0,3
1090,X5,X4,0,6,196,193,3,6,0
1091,X6,X4,0,12,190,187,3,12,0
1092,Livrar_costas,X4,0.010309278,97,15,14,1,96,1
1093,Livrar_perna,X4,0.071428571,14,98,97,1,13,1
1094,Livrar_perda_sens,X4,0,1,111,109,2,1,0
1095,D1,X4,0,1,135,132,3,1,0
1096,D15,X4,0.142857143,7,129,127,2,6,1
1097,D16,X4,0,20,116,113,3,20,0
1098,D17,X4,0.2,5,131,129,2,4,1
1099,D18,X4,0.0625,16,120,118,2,15,1
1100,D19,X4,0.142857143,7,129,127,2,6,1
1101,D2,X4,0.25,8,128,127,1,6,2
1102,D20,X4,0,8,128,125,3,8,0
1103,D21,X4,0,7,129,126,3,7,0
1104,D22,X4,0,2,134,131,3,2,0
1105,D23,X4,0,2,134,131,3,2,0
1106,D24,X4,0,26,110,107,3,26,0
1107,D25,X4,0,4,132,129,3,4,0
1108,D26,X4,0,2,134,131,3,2,0
1109,D27,X4,0,5,131,128,3,5,0
1110,D28,X4,0,6,130,127,3,6,0
1111,D29,X4,0,42,94,91,3,42,0
1112,D3,X4,0.5,2,134,132,2,1,1
1113,D30,X4,0,62,74,71,3,62,0
1114,D31,X4,0.058823529,17,119,117,2,16,1
1115,D32,X4,0,37,99,96,3,37,0
1116,D33,X4,0.083333333,12,124,122,2,11,1
1117,D34,X4,0,3,133,130,3,3,0
1118,D35,X4,0,2,134,131,3,2,0
1119,D36,X4,0.125,8,128,126,2,7,1
1120,D37,X4,0,22,114,111,3,22,0
1121,D38,X4,0.333333333,3,133,131,2,2,1
1122,D39,X4,0,15,121,118,3,15,0
1123,D4,X4,0.25,4,132,130,2,3,1
1124,D40,X4,0.2,5,131,129,2,4,1
1125,D41,X4,0,7,129,126,3,7,0
1126,D42,X4,0,3,133,130,3,3,0
1127,D43,X4,0,3,133,130,3,3,0
1128,D44,X4,0,38,98,95,3,38,0
1129,D45,X4,0,12,124,121,3,12,0
1130,D46,X4,0,38,98,95,3,38,0
1131,D47,X4,0.083333333,12,124,122,2,11,1
1132,D48,X4,0,26,110,107,3,26,0
1133,D49,X4,0.076923077,13,123,121,2,12,1
1134,D5,X4,0,3,133,130,3,3,0
1135,D50,X4,0,2,134,131,3,2,0
1136,D51,X4,0,1,135,132,3,1,0
1137,D52,X4,0,2,134,131,3,2,0
1138,D53,X4,0,2,134,131,3,2,0
1139,D9,X4,0,1,135,132,3,1,0
1140,Fuma,X5,0.02173913,46,147,144,3,45,1
1141,Cirurgia_coluna,X5,0.027777778,72,106,104,2,70,2
1142,Aposentado,X5,0,34,156,152,4,34,0
1143,Desempregado,X5,0.038461538,26,160,157,3,25,1
1144,Licenca_Medica,X5,0,19,169,165,4,19,0
1145,Aposentado_Invalidez,X5,0,8,178,174,4,8,0
1146,Analgésicos,X5,0.008196721,122,65,62,3,121,1
1147,OutraDoenca,X5,0,69,120,116,4,69,0
1148,Dor_costas,X5,0.009174312,109,77,74,3,108,1
1149,Dor_pernas,X5,0,62,123,119,4,62,0
1150,Retornar_trabalho,X5,0,21,146,141,5,21,0
1151,Masc,X5,0.029850746,134,68,66,2,130,4
1152,Fem,X5,0.029411765,68,134,130,4,66,2
1153,Casado_Amasiado,X5,0,85,117,111,6,85,0
1154,Solteiro,X5,0,88,114,108,6,88,0
1155,Separado_Divorciado,X5,0,8,194,188,6,8,0
1156,X4,X5,0,3,199,193,6,3,0
1157,X5,X5,1,6,196,196,0,0,6
1158,X6,X5,0,12,190,184,6,12,0
1159,Livrar_costas,X5,0.010309278,97,15,14,1,96,1
1160,Livrar_perna,X5,0,14,98,96,2,14,0
1161,Livrar_perda_sens,X5,1,1,111,110,1,0,1
1162,D1,X5,0,1,135,133,2,1,0
1163,D15,X5,0,7,129,127,2,7,0
1164,D16,X5,0,20,116,114,2,20,0
1165,D17,X5,0,5,131,129,2,5,0
1166,D18,X5,0.0625,16,120,119,1,15,1
1167,D19,X5,0,7,129,127,2,7,0
1168,D2,X5,0,8,128,126,2,8,0
1169,D20,X5,0,8,128,126,2,8,0
1170,D21,X5,0,7,129,127,2,7,0
1171,D22,X5,0,2,134,132,2,2,0
1172,D23,X5,0,2,134,132,2,2,0
1173,D24,X5,0.038461538,26,110,109,1,25,1
1174,D25,X5,0,4,132,130,2,4,0
1175,D26,X5,0,2,134,132,2,2,0
1176,D27,X5,0,5,131,129,2,5,0
1177,D28,X5,0,6,130,128,2,6,0
1178,D29,X5,0,42,94,92,2,42,0
1179,D3,X5,0,2,134,132,2,2,0
1180,D30,X5,0,62,74,72,2,62,0
1181,D31,X5,0,17,119,117,2,17,0
1182,D32,X5,0,37,99,97,2,37,0
1183,D33,X5,0,12,124,122,2,12,0
1184,D34,X5,0,3,133,131,2,3,0
1185,D35,X5,0,2,134,132,2,2,0
1186,D36,X5,0,8,128,126,2,8,0
1187,D37,X5,0,22,114,112,2,22,0
1188,D38,X5,0,3,133,131,2,3,0
1189,D39,X5,0,15,121,119,2,15,0
1190,D4,X5,0,4,132,130,2,4,0
1191,D40,X5,0,5,131,129,2,5,0
1192,D41,X5,0,7,129,127,2,7,0
1193,D42,X5,0,3,133,131,2,3,0
1194,D43,X5,0,3,133,131,2,3,0
1195,D44,X5,0,38,98,96,2,38,0
1196,D45,X5,0,12,124,122,2,12,0
1197,D46,X5,0,38,98,96,2,38,0
1198,D47,X5,0,12,124,122,2,12,0
1199,D48,X5,0,26,110,108,2,26,0
1200,D49,X5,0,13,123,121,2,13,0
1201,D5,X5,0,3,133,131,2,3,0
1202,D50,X5,0,2,134,132,2,2,0
1203,D51,X5,0,1,135,133,2,1,0
1204,D52,X5,0,2,134,132,2,2,0
1205,D53,X5,0,2,134,132,2,2,0
1206,D9,X5,0,1,135,133,2,1,0
1207,Fuma,X6,0.108695652,46,147,141,6,41,5
1208,Cirurgia_coluna,X6,0.097222222,72,106,103,3,65,7
1209,Aposentado,X6,0.205882353,34,156,152,4,27,7
1210,Desempregado,X6,0.038461538,26,160,150,10,25,1
1211,Licenca_Medica,X6,0.052631579,19,169,159,10,18,1
1212,Aposentado_Invalidez,X6,0.125,8,178,168,10,7,1
1213,Analgésicos,X6,0.073770492,122,65,63,2,113,9
1214,OutraDoenca,X6,0.072463768,69,120,114,6,64,5
1215,Dor_costas,X6,0.055045872,109,77,72,5,103,6
1216,Dor_pernas,X6,0.080645161,62,123,117,6,57,5
1217,Retornar_trabalho,X6,0.19047619,21,146,141,5,17,4
1218,Masc,X6,0.089552239,134,68,68,0,122,12
1219,Fem,X6,0,68,134,122,12,68,0
1220,Casado_Amasiado,X6,0,85,117,105,12,85,0
1221,Solteiro,X6,0,88,114,102,12,88,0
1222,Separado_Divorciado,X6,0,8,194,182,12,8,0
1223,X4,X6,0,3,199,187,12,3,0
1224,X5,X6,0,6,196,184,12,6,0
1225,X6,X6,1,12,190,190,0,0,12
1226,Livrar_costas,X6,0.06185567,97,15,14,1,91,6
1227,Livrar_perna,X6,0.071428571,14,98,92,6,13,1
1228,Livrar_perda_sens,X6,0,1,111,104,7,1,0
1229,D1,X6,0,1,135,125,10,1,0
1230,D15,X6,0,7,129,119,10,7,0
1231,D16,X6,0.15,20,116,109,7,17,3
1232,D17,X6,0,5,131,121,10,5,0
1233,D18,X6,0,16,120,110,10,16,0
1234,D19,X6,0,7,129,119,10,7,0
1235,D2,X6,0.125,8,128,119,9,7,1
1236,D20,X6,0,8,128,118,10,8,0
1237,D21,X6,0,7,129,119,10,7,0
1238,D22,X6,0,2,134,124,10,2,0
1239,D23,X6,0,2,134,124,10,2,0
1240,D24,X6,0.038461538,26,110,101,9,25,1
1241,D25,X6,0,4,132,122,10,4,0
1242,D26,X6,0,2,134,124,10,2,0
1243,D27,X6,0,5,131,121,10,5,0
1244,D28,X6,0,6,130,120,10,6,0
1245,D29,X6,0.119047619,42,94,89,5,37,5
1246,D3,X6,0,2,134,124,10,2,0
1247,D30,X6,0.096774194,62,74,70,4,56,6
1248,D31,X6,0.058823529,17,119,110,9,16,1
1249,D32,X6,0.108108108,37,99,93,6,33,4
1250,D33,X6,0,12,124,114,10,12,0
1251,D34,X6,0,3,133,123,10,3,0
1252,D35,X6,0,2,134,124,10,2,0
1253,D36,X6,0,8,128,118,10,8,0
1254,D37,X6,0.136363636,22,114,107,7,19,3
1255,D38,X6,0,3,133,123,10,3,0
1256,D39,X6,0.2,15,121,114,7,12,3
1257,D4,X6,0,4,132,122,10,4,0
1258,D40,X6,0,5,131,121,10,5,0
1259,D41,X6,0.142857143,7,129,120,9,6,1
1260,D42,X6,0,3,133,123,10,3,0
1261,D43,X6,0,3,133,123,10,3,0
1262,D44,X6,0.131578947,38,98,93,5,33,5
1263,D45,X6,0.083333333,12,124,115,9,11,1
1264,D46,X6,0.157894737,38,98,94,4,32,6
1265,D47,X6,0.083333333,12,124,115,9,11,1
1266,D48,X6,0.192307692,26,110,105,5,21,5
1267,D49,X6,0.076923077,13,123,114,9,12,1
1268,D5,X6,0.333333333,3,133,124,9,2,1
1269,D50,X6,0,2,134,124,10,2,0
1270,D51,X6,0,1,135,125,10,1,0
1271,D52,X6,0,2,134,124,10,2,0
1272,D53,X6,0,2,134,124,10,2,0
1273,D9,X6,0,1,135,125,10,1,0
1274,Fuma,Livrar_costas,0.818181818,33,79,9,70,6,27
1275,Cirurgia_coluna,Livrar_costas,0.86,50,63,8,55,7,43
1276,Aposentado,Livrar_costas,0.961538462,26,93,13,80,1,25
1277,Desempregado,Livrar_costas,0.846153846,26,92,10,82,4,22
1278,Licenca_Medica,Livrar_costas,0.9375,16,103,13,90,1,15
1279,Aposentado_Invalidez,Livrar_costas,0.75,8,109,13,96,2,6
1280,Analgésicos,Livrar_costas,0.886597938,97,26,4,22,11,86
1281,OutraDoenca,Livrar_costas,0.862745098,51,70,7,63,7,44
1282,Dor_costas,Livrar_costas,0.918918919,111,16,7,9,9,102
1283,Dor_pernas,Livrar_costas,0.771929825,57,68,2,66,13,44
1284,Retornar_trabalho,Livrar_costas,0.9,20,101,12,89,2,18
1285,Masc,Livrar_costas,0.908045977,87,41,8,33,8,79
1286,Fem,Livrar_costas,0.804878049,41,87,8,79,8,33
1287,Casado_Amasiado,Livrar_costas,0.891304348,46,66,10,56,5,41
1288,Solteiro,Livrar_costas,0.88,50,62,9,53,6,44
1289,Separado_Divorciado,Livrar_costas,0.8,5,107,14,93,1,4
1290,X4,Livrar_costas,0.5,2,110,14,96,1,1
1291,X5,Livrar_costas,0.5,2,110,14,96,1,1
1292,X6,Livrar_costas,0.857142857,7,105,14,91,1,6
1293,Livrar_costas,Livrar_costas,1,112,16,16,0,0,112
1294,Livrar_perna,Livrar_costas,0,14,114,2,112,14,0
1295,Livrar_perda_sens,Livrar_costas,0,2,126,14,112,2,0
1296,D1,Livrar_costas,1,1,99,14,85,0,1
1297,D15,Livrar_costas,0.666666667,6,94,12,82,2,4
1298,D16,Livrar_costas,0.894736842,19,81,12,69,2,17
1299,D17,Livrar_costas,1,4,96,14,82,0,4
1300,D18,Livrar_costas,1,12,88,14,74,0,12
1301,D19,Livrar_costas,1,5,95,14,81,0,5
1302,D2,Livrar_costas,1,7,93,14,79,0,7
1303,D20,Livrar_costas,1,7,93,14,79,0,7
1304,D21,Livrar_costas,1,7,93,14,79,0,7
1305,D22,Livrar_costas,1,1,99,14,85,0,1
1306,D23,Livrar_costas,1,2,98,14,84,0,2
1307,D24,Livrar_costas,1,25,75,14,61,0,25
1308,D25,Livrar_costas,1,4,96,14,82,0,4
1309,D26,Livrar_costas,1,2,98,14,84,0,2
1310,D27,Livrar_costas,1,5,95,14,81,0,5
1311,D28,Livrar_costas,1,6,94,14,80,0,6
1312,D29,Livrar_costas,0.825,40,60,7,53,7,33
1313,D3,Livrar_costas,1,1,99,14,85,0,1
1314,D30,Livrar_costas,0.836065574,61,39,4,35,10,51
1315,D31,Livrar_costas,0.764705882,17,83,10,73,4,13
1316,D32,Livrar_costas,0.805555556,36,64,7,57,7,29
1317,D33,Livrar_costas,0.666666667,12,88,10,78,4,8
1318,D34,Livrar_costas,1,2,98,14,84,0,2
1319,D35,Livrar_costas,1,1,99,14,85,0,1
1320,D36,Livrar_costas,0.571428571,7,93,11,82,3,4
1321,D37,Livrar_costas,0.85,20,80,11,69,3,17
1322,D38,Livrar_costas,0,3,97,11,86,3,0
1323,D39,Livrar_costas,0.785714286,14,86,11,75,3,11
1324,D4,Livrar_costas,1,2,98,14,84,0,2
1325,D40,Livrar_costas,0.25,4,96,11,85,3,1
1326,D41,Livrar_costas,0.833333333,6,94,13,81,1,5
1327,D42,Livrar_costas,1,2,98,14,84,0,2
1328,D43,Livrar_costas,1,2,98,14,84,0,2
1329,D44,Livrar_costas,0.777777778,36,64,6,58,8,28
1330,D45,Livrar_costas,0.666666667,12,88,10,78,4,8
1331,D46,Livrar_costas,0.75,36,64,5,59,9,27
1332,D47,Livrar_costas,0.583333333,12,88,9,79,5,7
1333,D48,Livrar_costas,0.75,24,76,8,68,6,18
1334,D49,Livrar_costas,0.692307692,13,87,10,77,4,9
1335,D5,Livrar_costas,1,3,97,14,83,0,3
1336,D50,Livrar_costas,1,1,99,14,85,0,1
1337,D51,Livrar_costas,1,1,99,14,85,0,1
1338,D52,Livrar_costas,1,1,99,14,85,0,1
1339,D53,Livrar_costas,1,1,99,14,85,0,1
1340,D9,Livrar_costas,1,1,99,14,85,0,1
1341,Fuma,Livrar_perna,0.181818182,33,79,71,8,27,6
1342,Cirurgia_coluna,Livrar_perna,0.12,50,63,56,7,44,6
1343,Aposentado,Livrar_perna,0.038461538,26,93,81,12,25,1
1344,Desempregado,Livrar_perna,0.153846154,26,92,83,9,22,4
1345,Licenca_Medica,Livrar_perna,0.0625,16,103,91,12,15,1
1346,Aposentado_Invalidez,Livrar_perna,0.25,8,109,98,11,6,2
1347,Analgésicos,Livrar_perna,0.113402062,97,26,23,3,86,11
1348,OutraDoenca,Livrar_perna,0.137254902,51,70,64,6,44,7
1349,Dor_costas,Livrar_perna,0.072072072,111,16,10,6,103,8
1350,Dor_pernas,Livrar_perna,0.228070175,57,68,67,1,44,13
1351,Retornar_trabalho,Livrar_perna,0.1,20,101,91,10,18,2
1352,Masc,Livrar_perna,0.08045977,87,41,34,7,80,7
1353,Fem,Livrar_perna,0.170731707,41,87,80,7,34,7
1354,Casado_Amasiado,Livrar_perna,0.108695652,46,66,57,9,41,5
1355,Solteiro,Livrar_perna,0.12,50,62,54,8,44,6
1356,Separado_Divorciado,Livrar_perna,0.2,5,107,94,13,4,1
1357,X4,Livrar_perna,0.5,2,110,97,13,1,1
1358,X5,Livrar_perna,0,2,110,96,14,2,0
1359,X6,Livrar_perna,0.142857143,7,105,92,13,6,1
1360,Livrar_costas,Livrar_perna,0,112,16,2,14,112,0
1361,Livrar_perna,Livrar_perna,1,14,114,114,0,0,14
1362,Livrar_perda_sens,Livrar_perna,0,2,126,112,14,2,0
1363,D1,Livrar_perna,0,1,99,85,14,1,0
1364,D15,Livrar_perna,0.333333333,6,94,82,12,4,2
1365,D16,Livrar_perna,0.105263158,19,81,69,12,17,2
1366,D17,Livrar_perna,0,4,96,82,14,4,0
1367,D18,Livrar_perna,0,12,88,74,14,12,0
1368,D19,Livrar_perna,0,5,95,81,14,5,0
1369,D2,Livrar_perna,0,7,93,79,14,7,0
1370,D20,Livrar_perna,0,7,93,79,14,7,0
1371,D21,Livrar_perna,0,7,93,79,14,7,0
1372,D22,Livrar_perna,0,1,99,85,14,1,0
1373,D23,Livrar_perna,0,2,98,84,14,2,0
1374,D24,Livrar_perna,0,25,75,61,14,25,0
1375,D25,Livrar_perna,0,4,96,82,14,4,0
1376,D26,Livrar_perna,0,2,98,84,14,2,0
1377,D27,Livrar_perna,0,5,95,81,14,5,0
1378,D28,Livrar_perna,0,6,94,80,14,6,0
1379,D29,Livrar_perna,0.175,40,60,53,7,33,7
1380,D3,Livrar_perna,0,1,99,85,14,1,0
1381,D30,Livrar_perna,0.163934426,61,39,35,4,51,10
1382,D31,Livrar_perna,0.235294118,17,83,73,10,13,4
1383,D32,Livrar_perna,0.194444444,36,64,57,7,29,7
1384,D33,Livrar_perna,0.333333333,12,88,78,10,8,4
1385,D34,Livrar_perna,0,2,98,84,14,2,0
1386,D35,Livrar_perna,0,1,99,85,14,1,0
1387,D36,Livrar_perna,0.428571429,7,93,82,11,4,3
1388,D37,Livrar_perna,0.15,20,80,69,11,17,3
1389,D38,Livrar_perna,1,3,97,86,11,0,3
1390,D39,Livrar_perna,0.214285714,14,86,75,11,11,3
1391,D4,Livrar_perna,0,2,98,84,14,2,0
1392,D40,Livrar_perna,0.75,4,96,85,11,1,3
1393,D41,Livrar_perna,0.166666667,6,94,81,13,5,1
1394,D42,Livrar_perna,0,2,98,84,14,2,0
1395,D43,Livrar_perna,0,2,98,84,14,2,0
1396,D44,Livrar_perna,0.222222222,36,64,58,6,28,8
1397,D45,Livrar_perna,0.333333333,12,88,78,10,8,4
1398,D46,Livrar_perna,0.25,36,64,59,5,27,9
1399,D47,Livrar_perna,0.416666667,12,88,79,9,7,5
1400,D48,Livrar_perna,0.25,24,76,68,8,18,6
1401,D49,Livrar_perna,0.307692308,13,87,77,10,9,4
1402,D5,Livrar_perna,0,3,97,83,14,3,0
1403,D50,Livrar_perna,0,1,99,85,14,1,0
1404,D51,Livrar_perna,0,1,99,85,14,1,0
1405,D52,Livrar_perna,0,1,99,85,14,1,0
1406,D53,Livrar_perna,0,1,99,85,14,1,0
1407,D9,Livrar_perna,0,1,99,85,14,1,0
1408,Fuma,Livrar_perda_sens,0,33,79,78,1,33,0
1409,Cirurgia_coluna,Livrar_perda_sens,0.02,50,63,62,1,49,1
1410,Aposentado,Livrar_perda_sens,0,26,93,92,1,26,0
1411,Desempregado,Livrar_perda_sens,0,26,92,91,1,26,0
1412,Licenca_Medica,Livrar_perda_sens,0,16,103,102,1,16,0
1413,Aposentado_Invalidez,Livrar_perda_sens,0,8,109,107,2,8,0
1414,Analgésicos,Livrar_perda_sens,0,97,26,25,1,97,0
1415,OutraDoenca,Livrar_perda_sens,0,51,70,69,1,51,0
1416,Dor_costas,Livrar_perda_sens,0.009009009,111,16,15,1,110,1
1417,Dor_pernas,Livrar_perda_sens,0,57,68,67,1,57,0
1418,Retornar_trabalho,Livrar_perda_sens,0,20,101,99,2,20,0
1419,Masc,Livrar_perda_sens,0.011494253,87,41,40,1,86,1
1420,Fem,Livrar_perda_sens,0.024390244,41,87,86,1,40,1
1421,Casado_Amasiado,Livrar_perda_sens,0,46,66,65,1,46,0
1422,Solteiro,Livrar_perda_sens,0,50,62,61,1,50,0
1423,Separado_Divorciado,Livrar_perda_sens,0,5,107,106,1,5,0
1424,X4,Livrar_perda_sens,0,2,110,109,1,2,0
1425,X5,Livrar_perda_sens,0.5,2,110,110,0,1,1
1426,X6,Livrar_perda_sens,0,7,105,104,1,7,0
1427,Livrar_costas,Livrar_perda_sens,0,112,16,14,2,112,0
1428,Livrar_perna,Livrar_perda_sens,0,14,114,112,2,14,0
1429,Livrar_perda_sens,Livrar_perda_sens,1,2,126,126,0,0,2
1430,D1,Livrar_perda_sens,0,1,99,99,0,1,0
1431,D15,Livrar_perda_sens,0,6,94,94,0,6,0
1432,D16,Livrar_perda_sens,0,19,81,81,0,19,0
1433,D17,Livrar_perda_sens,0,4,96,96,0,4,0
1434,D18,Livrar_perda_sens,0,12,88,88,0,12,0
1435,D19,Livrar_perda_sens,0,5,95,95,0,5,0
1436,D2,Livrar_perda_sens,0,7,93,93,0,7,0
1437,D20,Livrar_perda_sens,0,7,93,93,0,7,0
1438,D21,Livrar_perda_sens,0,7,93,93,0,7,0
1439,D22,Livrar_perda_sens,0,1,99,99,0,1,0
1440,D23,Livrar_perda_sens,0,2,98,98,0,2,0
1441,D24,Livrar_perda_sens,0,25,75,75,0,25,0
1442,D25,Livrar_perda_sens,0,4,96,96,0,4,0
1443,D26,Livrar_perda_sens,0,2,98,98,0,2,0
1444,D27,Livrar_perda_sens,0,5,95,95,0,5,0
1445,D28,Livrar_perda_sens,0,6,94,94,0,6,0
1446,D29,Livrar_perda_sens,0,40,60,60,0,40,0
1447,D3,Livrar_perda_sens,0,1,99,99,0,1,0
1448,D30,Livrar_perda_sens,0,61,39,39,0,61,0
1449,D31,Livrar_perda_sens,0,17,83,83,0,17,0
1450,D32,Livrar_perda_sens,0,36,64,64,0,36,0
1451,D33,Livrar_perda_sens,0,12,88,88,0,12,0
1452,D34,Livrar_perda_sens,0,2,98,98,0,2,0
1453,D35,Livrar_perda_sens,0,1,99,99,0,1,0
1454,D36,Livrar_perda_sens,0,7,93,93,0,7,0
1455,D37,Livrar_perda_sens,0,20,80,80,0,20,0
1456,D38,Livrar_perda_sens,0,3,97,97,0,3,0
1457,D39,Livrar_perda_sens,0,14,86,86,0,14,0
1458,D4,Livrar_perda_sens,0,2,98,98,0,2,0
1459,D40,Livrar_perda_sens,0,4,96,96,0,4,0
1460,D41,Livrar_perda_sens,0,6,94,94,0,6,0
1461,D42,Livrar_perda_sens,0,2,98,98,0,2,0
1462,D43,Livrar_perda_sens,0,2,98,98,0,2,0
1463,D44,Livrar_perda_sens,0,36,64,64,0,36,0
1464,D45,Livrar_perda_sens,0,12,88,88,0,12,0
1465,D46,Livrar_perda_sens,0,36,64,64,0,36,0
1466,D47,Livrar_perda_sens,0,12,88,88,0,12,0
1467,D48,Livrar_perda_sens,0,24,76,76,0,24,0
1468,D49,Livrar_perda_sens,0,13,87,87,0,13,0
1469,D5,Livrar_perda_sens,0,3,97,97,0,3,0
1470,D50,Livrar_perda_sens,0,1,99,99,0,1,0
1471,D51,Livrar_perda_sens,0,1,99,99,0,1,0
1472,D52,Livrar_perda_sens,0,1,99,99,0,1,0
1473,D53,Livrar_perda_sens,0,1,99,99,0,1,0
1474,D9,Livrar_perda_sens,0,1,99,99,0,1,0
1475,Fuma,D1,0,46,82,81,1,46,0
1476,Cirurgia_coluna,D1,0,55,63,62,1,55,0
1477,Aposentado,D1,0,31,101,100,1,31,0
1478,Desempregado,D1,0,25,105,104,1,25,0
1479,Licenca_Medica,D1,0,18,114,113,1,18,0
1480,Aposentado_Invalidez,D1,0,8,123,122,1,8,0
1481,Analgésicos,D1,0.011363636,88,42,42,0,87,1
1482,OutraDoenca,D1,0,50,80,79,1,50,0
1483,Dor_costas,D1,0.010989011,91,37,37,0,90,1
1484,Dor_pernas,D1,0,55,72,71,1,55,0
1485,Retornar_trabalho,D1,0,20,99,98,1,20,0
1486,Masc,D1,0.011363636,88,48,48,0,87,1
1487,Fem,D1,0,48,88,87,1,48,0
1488,Casado_Amasiado,D1,0.018181818,55,81,81,0,54,1
1489,Solteiro,D1,0,59,77,76,1,59,0
1490,Separado_Divorciado,D1,0,7,129,128,1,7,0
1491,X4,D1,0,3,133,132,1,3,0
1492,X5,D1,0,2,134,133,1,2,0
1493,X6,D1,0,10,126,125,1,10,0
1494,Livrar_costas,D1,0.011627907,86,14,14,0,85,1
1495,Livrar_perna,D1,0,14,86,85,1,14,0
1496,Livrar_perda_sens,D1,NaN,0,100,99,1,0,0
1497,D1,D1,1,1,135,135,0,0,1
1498,D15,D1,0,7,129,128,1,7,0
1499,D16,D1,0,20,116,115,1,20,0
1500,D17,D1,0.2,5,131,131,0,4,1
1501,D18,D1,0.0625,16,120,120,0,15,1
1502,D19,D1,0,7,129,128,1,7,0
1503,D2,D1,0,8,128,127,1,8,0
1504,D20,D1,0,8,128,127,1,8,0
1505,D21,D1,0,7,129,128,1,7,0
1506,D22,D1,0,2,134,133,1,2,0
1507,D23,D1,0,2,134,133,1,2,0
1508,D24,D1,0,26,110,109,1,26,0
1509,D25,D1,0,4,132,131,1,4,0
1510,D26,D1,0,2,134,133,1,2,0
1511,D27,D1,0,5,131,130,1,5,0
1512,D28,D1,0,6,130,129,1,6,0
1513,D29,D1,0,42,94,93,1,42,0
1514,D3,D1,0,2,134,133,1,2,0
1515,D30,D1,0,62,74,73,1,62,0
1516,D31,D1,0,17,119,118,1,17,0
1517,D32,D1,0,37,99,98,1,37,0
1518,D33,D1,0,12,124,123,1,12,0
1519,D34,D1,0,3,133,132,1,3,0
1520,D35,D1,0,2,134,133,1,2,0
1521,D36,D1,0,8,128,127,1,8,0
1522,D37,D1,0,22,114,113,1,22,0
1523,D38,D1,0,3,133,132,1,3,0
1524,D39,D1,0,15,121,120,1,15,0
1525,D4,D1,0,4,132,131,1,4,0
1526,D40,D1,0,5,131,130,1,5,0
1527,D41,D1,0,7,129,128,1,7,0
1528,D42,D1,0,3,133,132,1,3,0
1529,D43,D1,0,3,133,132,1,3,0
1530,D44,D1,0,38,98,97,1,38,0
1531,D45,D1,0,12,124,123,1,12,0
1532,D46,D1,0,38,98,97,1,38,0
1533,D47,D1,0,12,124,123,1,12,0
1534,D48,D1,0,26,110,109,1,26,0
1535,D49,D1,0,13,123,122,1,13,0
1536,D5,D1,0,3,133,132,1,3,0
1537,D50,D1,0,2,134,133,1,2,0
1538,D51,D1,0,1,135,134,1,1,0
1539,D52,D1,0,2,134,133,1,2,0
1540,D53,D1,0,2,134,133,1,2,0
1541,D9,D1,0,1,135,134,1,1,0
1542,Fuma,D15,0.108695652,46,82,82,0,41,5
1543,Cirurgia_coluna,D15,0.090909091,55,63,63,0,50,5
1544,Aposentado,D15,0.032258065,31,101,96,5,30,1
1545,Desempregado,D15,0.08,25,105,101,4,23,2
1546,Licenca_Medica,D15,0.166666667,18,114,111,3,15,3
1547,Aposentado_Invalidez,D15,0.125,8,123,118,5,7,1
1548,Analgésicos,D15,0.034090909,88,42,38,4,85,3
1549,OutraDoenca,D15,0.04,50,80,75,5,48,2
1550,Dor_costas,D15,0.054945055,91,37,35,2,86,5
1551,Dor_pernas,D15,0.109090909,55,72,71,1,49,6
1552,Retornar_trabalho,D15,0,20,99,92,7,20,0
1553,Masc,D15,0.045454545,88,48,45,3,84,4
1554,Fem,D15,0.0625,48,88,84,4,45,3
1555,Casado_Amasiado,D15,0.054545455,55,81,77,4,52,3
1556,Solteiro,D15,0.050847458,59,77,73,4,56,3
1557,Separado_Divorciado,D15,0,7,129,122,7,7,0
1558,X4,D15,0.333333333,3,133,127,6,2,1
1559,X5,D15,0,2,134,127,7,2,0
1560,X6,D15,0,10,126,119,7,10,0
1561,Livrar_costas,D15,0.046511628,86,14,12,2,82,4
1562,Livrar_perna,D15,0.142857143,14,86,82,4,12,2
1563,Livrar_perda_sens,D15,NaN,0,100,94,6,0,0
1564,D1,D15,0,1,135,128,7,1,0
1565,D15,D15,1,7,129,129,0,0,7
1566,D16,D15,0.15,20,116,112,4,17,3
1567,D17,D15,0.4,5,131,126,5,3,2
1568,D18,D15,0.125,16,120,115,5,14,2
1569,D19,D15,0,7,129,122,7,7,0
1570,D2,D15,0.125,8,128,122,6,7,1
1571,D20,D15,0,8,128,121,7,8,0
1572,D21,D15,0,7,129,122,7,7,0
1573,D22,D15,0,2,134,127,7,2,0
1574,D23,D15,0,2,134,127,7,2,0
1575,D24,D15,0,26,110,103,7,26,0
1576,D25,D15,0,4,132,125,7,4,0
1577,D26,D15,0,2,134,127,7,2,0
1578,D27,D15,0,5,131,124,7,5,0
1579,D28,D15,0,6,130,123,7,6,0
1580,D29,D15,0.095238095,42,94,91,3,38,4
1581,D3,D15,0,2,134,127,7,2,0
1582,D30,D15,0.032258065,62,74,69,5,60,2
1583,D31,D15,0.235294118,17,119,116,3,13,4
1584,D32,D15,0.027027027,37,99,93,6,36,1
1585,D33,D15,0.166666667,12,124,119,5,10,2
1586,D34,D15,0.333333333,3,133,127,6,2,1
1587,D35,D15,0.5,2,134,128,6,1,1
1588,D36,D15,0.625,8,128,126,2,3,5
1589,D37,D15,0.181818182,22,114,111,3,18,4
1590,D38,D15,0.666666667,3,133,128,5,1,2
1591,D39,D15,0,15,121,114,7,15,0
1592,D4,D15,0.25,4,132,126,6,3,1
1593,D40,D15,0.8,5,131,128,3,1,4
1594,D41,D15,0.428571429,7,129,125,4,4,3
1595,D42,D15,0,3,133,126,7,3,0
1596,D43,D15,0,3,133,126,7,3,0
1597,D44,D15,0.052631579,38,98,93,5,36,2
1598,D45,D15,0.166666667,12,124,119,5,10,2
1599,D46,D15,0.052631579,38,98,93,5,36,2
1600,D47,D15,0.25,12,124,120,4,9,3
1601,D48,D15,0.038461538,26,110,104,6,25,1
1602,D49,D15,0.153846154,13,123,118,5,11,2
1603,D5,D15,0.333333333,3,133,127,6,2,1
1604,D50,D15,0,2,134,127,7,2,0
1605,D51,D15,1,1,135,129,6,0,1
1606,D52,D15,0,2,134,127,7,2,0
1607,D53,D15,0,2,134,127,7,2,0
1608,D9,D15,1,1,135,129,6,0,1
1609,Fuma,D16,0.173913043,46,82,71,11,38,8
1610,Cirurgia_coluna,D16,0.145454545,55,63,54,9,47,8
1611,Aposentado,D16,0.290322581,31,101,90,11,22,9
1612,Desempregado,D16,0.08,25,105,87,18,23,2
1613,Licenca_Medica,D16,0.166666667,18,114,97,17,15,3
1614,Aposentado_Invalidez,D16,0.375,8,123,107,16,5,3
1615,Analgésicos,D16,0.204545455,88,42,40,2,70,18
1616,OutraDoenca,D16,0.14,50,80,67,13,43,7
1617,Dor_costas,D16,0.208791209,91,37,36,1,72,19
1618,Dor_pernas,D16,0.345454545,55,72,71,1,36,19
1619,Retornar_trabalho,D16,0.35,20,99,89,10,13,7
1620,Masc,D16,0.159090909,88,48,42,6,74,14
1621,Fem,D16,0.125,48,88,74,14,42,6
1622,Casado_Amasiado,D16,0.181818182,55,81,71,10,45,10
1623,Solteiro,D16,0.101694915,59,77,63,14,53,6
1624,Separado_Divorciado,D16,0.142857143,7,129,110,19,6,1
1625,X4,D16,0,3,133,113,20,3,0
1626,X5,D16,0,2,134,114,20,2,0
1627,X6,D16,0.3,10,126,109,17,7,3
1628,Livrar_costas,D16,0.197674419,86,14,12,2,69,17
1629,Livrar_perna,D16,0.142857143,14,86,69,17,12,2
1630,Livrar_perda_sens,D16,NaN,0,100,81,19,0,0
1631,D1,D16,0,1,135,115,20,1,0
1632,D15,D16,0.428571429,7,129,112,17,4,3
1633,D16,D16,1,20,116,116,0,0,20
1634,D17,D16,0.2,5,131,112,19,4,1
1635,D18,D16,0.0625,16,120,101,19,15,1
1636,D19,D16,0.142857143,7,129,110,19,6,1
1637,D2,D16,0.125,8,128,109,19,7,1
1638,D20,D16,0,8,128,108,20,8,0
1639,D21,D16,0.142857143,7,129,110,19,6,1
1640,D22,D16,0,2,134,114,20,2,0
1641,D23,D16,0,2,134,114,20,2,0
1642,D24,D16,0.076923077,26,110,92,18,24,2
1643,D25,D16,0,4,132,112,20,4,0
1644,D26,D16,0,2,134,114,20,2,0
1645,D27,D16,0.2,5,131,112,19,4,1
1646,D28,D16,0,6,130,110,20,6,0
1647,D29,D16,0.380952381,42,94,90,4,26,16
1648,D3,D16,0,2,134,114,20,2,0
1649,D30,D16,0.258064516,62,74,70,4,46,16
1650,D31,D16,0.058823529,17,119,100,19,16,1
1651,D32,D16,0.459459459,37,99,96,3,20,17
1652,D33,D16,0.083333333,12,124,105,19,11,1
1653,D34,D16,0.333333333,3,133,114,19,2,1
1654,D35,D16,0.5,2,134,115,19,1,1
1655,D36,D16,0.125,8,128,109,19,7,1
1656,D37,D16,0.818181818,22,114,112,2,4,18
1657,D38,D16,0,3,133,113,20,3,0
1658,D39,D16,0.866666667,15,121,114,7,2,13
1659,D4,D16,0.25,4,132,113,19,3,1
1660,D40,D16,0,5,131,111,20,5,0
1661,D41,D16,0.571428571,7,129,113,16,3,4
1662,D42,D16,0,3,133,113,20,3,0
1663,D43,D16,0,3,133,113,20,3,0
1664,D44,D16,0.421052632,38,98,94,4,22,16
1665,D45,D16,0.166666667,12,124,106,18,10,2
1666,D46,D16,0.421052632,38,98,94,4,22,16
1667,D47,D16,0.083333333,12,124,105,19,11,1
1668,D48,D16,0.576923077,26,110,105,5,11,15
1669,D49,D16,0,13,123,103,20,13,0
1670,D5,D16,0.333333333,3,133,114,19,2,1
1671,D50,D16,0,2,134,114,20,2,0
1672,D51,D16,1,1,135,116,19,0,1
1673,D52,D16,0,2,134,114,20,2,0
1674,D53,D16,0,2,134,114,20,2,0
1675,D9,D16,1,1,135,116,19,0,1
1676,Fuma,D17,0.065217391,46,82,81,1,43,3
1677,Cirurgia_coluna,D17,0.036363636,55,63,62,1,53,2
1678,Aposentado,D17,0,31,101,96,5,31,0
1679,Desempregado,D17,0.04,25,105,101,4,24,1
1680,Licenca_Medica,D17,0.111111111,18,114,111,3,16,2
1681,Aposentado_Invalidez,D17,0,8,123,118,5,8,0
1682,Analgésicos,D17,0.045454545,88,42,41,1,84,4
1683,OutraDoenca,D17,0,50,80,75,5,50,0
1684,Dor_costas,D17,0.054945055,91,37,37,0,86,5
1685,Dor_pernas,D17,0.036363636,55,72,69,3,53,2
1686,Retornar_trabalho,D17,0,20,99,94,5,20,0
1687,Masc,D17,0.056818182,88,48,48,0,83,5
1688,Fem,D17,0,48,88,83,5,48,0
1689,Casado_Amasiado,D17,0.036363636,55,81,78,3,53,2
1690,Solteiro,D17,0.033898305,59,77,74,3,57,2
1691,Separado_Divorciado,D17,0,7,129,124,5,7,0
1692,X4,D17,0.333333333,3,133,129,4,2,1
1693,X5,D17,0,2,134,129,5,2,0
1694,X6,D17,0,10,126,121,5,10,0
1695,Livrar_costas,D17,0.046511628,86,14,14,0,82,4
1696,Livrar_perna,D17,0,14,86,82,4,14,0
1697,Livrar_perda_sens,D17,NaN,0,100,96,4,0,0
1698,D1,D17,1,1,135,131,4,0,1
1699,D15,D17,0.285714286,7,129,126,3,5,2
1700,D16,D17,0.05,20,116,112,4,19,1
1701,D17,D17,1,5,131,131,0,0,5
1702,D18,D17,0.3125,16,120,120,0,11,5
1703,D19,D17,0.142857143,7,129,125,4,6,1
1704,D2,D17,0.125,8,128,124,4,7,1
1705,D20,D17,0,8,128,123,5,8,0
1706,D21,D17,0.142857143,7,129,125,4,6,1
1707,D22,D17,0,2,134,129,5,2,0
1708,D23,D17,0,2,134,129,5,2,0
1709,D24,D17,0.038461538,26,110,106,4,25,1
1710,D25,D17,0,4,132,127,5,4,0
1711,D26,D17,0,2,134,129,5,2,0
1712,D27,D17,0,5,131,126,5,5,0
1713,D28,D17,0,6,130,125,5,6,0
1714,D29,D17,0.047619048,42,94,91,3,40,2
1715,D3,D17,0,2,134,129,5,2,0
1716,D30,D17,0.016129032,62,74,70,4,61,1
1717,D31,D17,0.058823529,17,119,115,4,16,1
1718,D32,D17,0.027027027,37,99,95,4,36,1
1719,D33,D17,0,12,124,119,5,12,0
1720,D34,D17,0,3,133,128,5,3,0
1721,D35,D17,0,2,134,129,5,2,0
1722,D36,D17,0.25,8,128,125,3,6,2
1723,D37,D17,0.136363636,22,114,112,2,19,3
1724,D38,D17,0,3,133,128,5,3,0
1725,D39,D17,0.066666667,15,121,117,4,14,1
1726,D4,D17,0,4,132,127,5,4,0
1727,D40,D17,0.4,5,131,128,3,3,2
1728,D41,D17,0.285714286,7,129,126,3,5,2
1729,D42,D17,0,3,133,128,5,3,0
1730,D43,D17,0,3,133,128,5,3,0
1731,D44,D17,0,38,98,93,5,38,0
1732,D45,D17,0,12,124,119,5,12,0
1733,D46,D17,0.026315789,38,98,94,4,37,1
1734,D47,D17,0,12,124,119,5,12,0
1735,D48,D17,0,26,110,105,5,26,0
1736,D49,D17,0,13,123,118,5,13,0
1737,D5,D17,0,3,133,128,5,3,0
1738,D50,D17,0,2,134,129,5,2,0
1739,D51,D17,0,1,135,130,5,1,0
1740,D52,D17,0,2,134,129,5,2,0
1741,D53,D17,0,2,134,129,5,2,0
1742,D9,D17,0,1,135,130,5,1,0
1743,Fuma,D18,0.195652174,46,82,77,5,37,9
1744,Cirurgia_coluna,D18,0.127272727,55,63,58,5,48,7
1745,Aposentado,D18,0.064516129,31,101,87,14,29,2
1746,Desempregado,D18,0.16,25,105,93,12,21,4
1747,Licenca_Medica,D18,0.166666667,18,114,101,13,15,3
1748,Aposentado_Invalidez,D18,0.125,8,123,108,15,7,1
1749,Analgésicos,D18,0.147727273,88,42,40,2,75,13
1750,OutraDoenca,D18,0.1,50,80,69,11,45,5
1751,Dor_costas,D18,0.164835165,91,37,36,1,76,15
1752,Dor_pernas,D18,0.090909091,55,72,61,11,50,5
1753,Retornar_trabalho,D18,0.1,20,99,85,14,18,2
1754,Masc,D18,0.147727273,88,48,45,3,75,13
1755,Fem,D18,0.0625,48,88,75,13,45,3
1756,Casado_Amasiado,D18,0.109090909,55,81,71,10,49,6
1757,Solteiro,D18,0.13559322,59,77,69,8,51,8
1758,Separado_Divorciado,D18,0,7,129,113,16,7,0
1759,X4,D18,0.333333333,3,133,118,15,2,1
1760,X5,D18,0.5,2,134,119,15,1,1
1761,X6,D18,0,10,126,110,16,10,0
1762,Livrar_costas,D18,0.139534884,86,14,14,0,74,12
1763,Livrar_perna,D18,0,14,86,74,12,14,0
1764,Livrar_perda_sens,D18,NaN,0,100,88,12,0,0
1765,D1,D18,1,1,135,120,15,0,1
1766,D15,D18,0.285714286,7,129,115,14,5,2
1767,D16,D18,0.05,20,116,101,15,19,1
1768,D17,D18,1,5,131,120,11,0,5
1769,D18,D18,1,16,120,120,0,0,16
1770,D19,D18,0.571428571,7,129,117,12,3,4
1771,D2,D18,0.5,8,128,116,12,4,4
1772,D20,D18,0.625,8,128,117,11,3,5
1773,D21,D18,0.428571429,7,129,116,13,4,3
1774,D22,D18,1,2,134,120,14,0,2
1775,D23,D18,0,2,134,118,16,2,0
1776,D24,D18,0.153846154,26,110,98,12,22,4
1777,D25,D18,0,4,132,116,16,4,0
1778,D26,D18,0.5,2,134,119,15,1,1
1779,D27,D18,0,5,131,115,16,5,0
1780,D28,D18,0.166666667,6,130,115,15,5,1
1781,D29,D18,0.047619048,42,94,80,14,40,2
1782,D3,D18,0.5,2,134,119,15,1,1
1783,D30,D18,0.064516129,62,74,62,12,58,4
1784,D31,D18,0.058823529,17,119,104,15,16,1
1785,D32,D18,0.027027027,37,99,84,15,36,1
1786,D33,D18,0,12,124,108,16,12,0
1787,D34,D18,0,3,133,117,16,3,0
1788,D35,D18,0.5,2,134,119,15,1,1
1789,D36,D18,0.25,8,128,114,14,6,2
1790,D37,D18,0.136363636,22,114,101,13,19,3
1791,D38,D18,0,3,133,117,16,3,0
1792,D39,D18,0.066666667,15,121,106,15,14,1
1793,D4,D18,0.5,4,132,118,14,2,2
1794,D40,D18,0.4,5,131,117,14,3,2
1795,D41,D18,0.285714286,7,129,115,14,5,2
1796,D42,D18,0.666666667,3,133,119,14,1,2
1797,D43,D18,0.666666667,3,133,119,14,1,2
1798,D44,D18,0,38,98,82,16,38,0
1799,D45,D18,0,12,124,108,16,12,0
1800,D46,D18,0.052631579,38,98,84,14,36,2
1801,D47,D18,0.083333333,12,124,109,15,11,1
1802,D48,D18,0,26,110,94,16,26,0
1803,D49,D18,0,13,123,107,16,13,0
1804,D5,D18,0,3,133,117,16,3,0
1805,D50,D18,0,2,134,118,16,2,0
1806,D51,D18,0,1,135,119,16,1,0
1807,D52,D18,0,2,134,118,16,2,0
1808,D53,D18,0.5,2,134,119,15,1,1
1809,D9,D18,0,1,135,119,16,1,0
1810,Fuma,D19,0.086956522,46,82,79,3,42,4
1811,Cirurgia_coluna,D19,0,55,63,59,4,55,0
1812,Aposentado,D19,0.064516129,31,101,96,5,29,2
1813,Desempregado,D19,0.08,25,105,100,5,23,2
1814,Licenca_Medica,D19,0.055555556,18,114,108,6,17,1
1815,Aposentado_Invalidez,D19,0.125,8,123,117,6,7,1
1816,Analgésicos,D19,0.056818182,88,42,41,1,83,5
1817,OutraDoenca,D19,0.06,50,80,76,4,47,3
1818,Dor_costas,D19,0.076923077,91,37,37,0,84,7
1819,Dor_pernas,D19,0.054545455,55,72,68,4,52,3
1820,Retornar_trabalho,D19,0.15,20,99,95,4,17,3
1821,Masc,D19,0.079545455,88,48,48,0,81,7
1822,Fem,D19,0,48,88,81,7,48,0
1823,Casado_Amasiado,D19,0.054545455,55,81,77,4,52,3
1824,Solteiro,D19,0.050847458,59,77,73,4,56,3
1825,Separado_Divorciado,D19,0,7,129,122,7,7,0
1826,X4,D19,0.333333333,3,133,127,6,2,1
1827,X5,D19,0,2,134,127,7,2,0
1828,X6,D19,0,10,126,119,7,10,0
1829,Livrar_costas,D19,0.058139535,86,14,14,0,81,5
1830,Livrar_perna,D19,0,14,86,81,5,14,0
1831,Livrar_perda_sens,D19,NaN,0,100,95,5,0,0
1832,D1,D19,0,1,135,128,7,1,0
1833,D15,D19,0,7,129,122,7,7,0
1834,D16,D19,0.05,20,116,110,6,19,1
1835,D17,D19,0.2,5,131,125,6,4,1
1836,D18,D19,0.25,16,120,117,3,12,4
1837,D19,D19,1,7,129,129,0,0,7
1838,D2,D19,0.25,8,128,123,5,6,2
1839,D20,D19,0.5,8,128,125,3,4,4
1840,D21,D19,0.571428571,7,129,126,3,3,4
1841,D22,D19,1,2,134,129,5,0,2
1842,D23,D19,0,2,134,127,7,2,0
1843,D24,D19,0.153846154,26,110,107,3,22,4
1844,D25,D19,0.5,4,132,127,5,2,2
1845,D26,D19,0.5,2,134,128,6,1,1
1846,D27,D19,0,5,131,124,7,5,0
1847,D28,D19,0,6,130,123,7,6,0
1848,D29,D19,0.023809524,42,94,88,6,41,1
1849,D3,D19,1,2,134,129,5,0,2
1850,D30,D19,0.064516129,62,74,71,3,58,4
1851,D31,D19,0,17,119,112,7,17,0
1852,D32,D19,0.027027027,37,99,93,6,36,1
1853,D33,D19,0,12,124,117,7,12,0
1854,D34,D19,0,3,133,126,7,3,0
1855,D35,D19,0,2,134,127,7,2,0
1856,D36,D19,0,8,128,121,7,8,0
1857,D37,D19,0.045454545,22,114,108,6,21,1
1858,D38,D19,0,3,133,126,7,3,0
1859,D39,D19,0.066666667,15,121,115,6,14,1
1860,D4,D19,0.5,4,132,127,5,2,2
1861,D40,D19,0,5,131,124,7,5,0
1862,D41,D19,0,7,129,122,7,7,0
1863,D42,D19,0.666666667,3,133,128,5,1,2
1864,D43,D19,0.333333333,3,133,127,6,2,1
1865,D44,D19,0,38,98,91,7,38,0
1866,D45,D19,0,12,124,117,7,12,0
1867,D46,D19,0.052631579,38,98,93,5,36,2
1868,D47,D19,0.083333333,12,124,118,6,11,1
1869,D48,D19,0,26,110,103,7,26,0
1870,D49,D19,0,13,123,116,7,13,0
1871,D5,D19,0,3,133,126,7,3,0
1872,D50,D19,0,2,134,127,7,2,0
1873,D51,D19,0,1,135,128,7,1,0
1874,D52,D19,0,2,134,127,7,2,0
1875,D53,D19,0,2,134,127,7,2,0
1876,D9,D19,0,1,135,128,7,1,0
1877,Fuma,D2,0.173913043,46,82,82,0,38,8
1878,Cirurgia_coluna,D2,0.054545455,55,63,61,2,52,3
1879,Aposentado,D2,0.064516129,31,101,95,6,29,2
1880,Desempregado,D2,0.12,25,105,100,5,22,3
1881,Licenca_Medica,D2,0.111111111,18,114,108,6,16,2
1882,Aposentado_Invalidez,D2,0.125,8,123,116,7,7,1
1883,Analgésicos,D2,0.079545455,88,42,41,1,81,7
1884,OutraDoenca,D2,0.08,50,80,76,4,46,4
1885,Dor_costas,D2,0.087912088,91,37,37,0,83,8
1886,Dor_pernas,D2,0.072727273,55,72,68,4,51,4
1887,Retornar_trabalho,D2,0.1,20,99,93,6,18,2
1888,Masc,D2,0.068181818,88,48,46,2,82,6
1889,Fem,D2,0.041666667,48,88,82,6,46,2
1890,Casado_Amasiado,D2,0.018181818,55,81,74,7,54,1
1891,Solteiro,D2,0.06779661,59,77,73,4,55,4
1892,Separado_Divorciado,D2,0,7,129,121,8,7,0
1893,X4,D2,0.666666667,3,133,127,6,1,2
1894,X5,D2,0,2,134,126,8,2,0
1895,X6,D2,0.1,10,126,119,7,9,1
1896,Livrar_costas,D2,0.081395349,86,14,14,0,79,7
1897,Livrar_perna,D2,0,14,86,79,7,14,0
1898,Livrar_perda_sens,D2,NaN,0,100,93,7,0,0
1899,D1,D2,0,1,135,127,8,1,0
1900,D15,D2,0.142857143,7,129,122,7,6,1
1901,D16,D2,0.05,20,116,109,7,19,1
1902,D17,D2,0.2,5,131,124,7,4,1
1903,D18,D2,0.25,16,120,116,4,12,4
1904,D19,D2,0.285714286,7,129,123,6,5,2
1905,D2,D2,1,8,128,128,0,0,8
1906,D20,D2,0.125,8,128,121,7,7,1
1907,D21,D2,0.142857143,7,129,122,7,6,1
1908,D22,D2,0,2,134,126,8,2,0
1909,D23,D2,0,2,134,126,8,2,0
1910,D24,D2,0.115384615,26,110,105,5,23,3
1911,D25,D2,0,4,132,124,8,4,0
1912,D26,D2,0,2,134,126,8,2,0
1913,D27,D2,0,5,131,123,8,5,0
1914,D28,D2,0.166666667,6,130,123,7,5,1
1915,D29,D2,0.023809524,42,94,87,7,41,1
1916,D3,D2,1,2,134,128,6,0,2
1917,D30,D2,0.032258065,62,74,68,6,60,2
1918,D31,D2,0.058823529,17,119,112,7,16,1
1919,D32,D2,0,37,99,91,8,37,0
1920,D33,D2,0,12,124,116,8,12,0
1921,D34,D2,0.666666667,3,133,127,6,1,2
1922,D35,D2,0.5,2,134,127,7,1,1
1923,D36,D2,0,8,128,120,8,8,0
1924,D37,D2,0.045454545,22,114,107,7,21,1
1925,D38,D2,0,3,133,125,8,3,0
1926,D39,D2,0,15,121,113,8,15,0
1927,D4,D2,0.75,4,132,127,5,1,3
1928,D40,D2,0,5,131,123,8,5,0
1929,D41,D2,0,7,129,121,8,7,0
1930,D42,D2,0,3,133,125,8,3,0
1931,D43,D2,0.333333333,3,133,126,7,2,1
1932,D44,D2,0.026315789,38,98,91,7,37,1
1933,D45,D2,0.083333333,12,124,117,7,11,1
1934,D46,D2,0.052631579,38,98,92,6,36,2
1935,D47,D2,0.166666667,12,124,118,6,10,2
1936,D48,D2,0.038461538,26,110,103,7,25,1
1937,D49,D2,0.076923077,13,123,116,7,12,1
1938,D5,D2,1,3,133,128,5,0,3
1939,D50,D2,0.5,2,134,127,7,1,1
1940,D51,D2,1,1,135,128,7,0,1
1941,D52,D2,0,2,134,126,8,2,0
1942,D53,D2,0.5,2,134,127,7,1,1
1943,D9,D2,1,1,135,128,7,0,1
1944,Fuma,D20,0.065217391,46,82,77,5,43,3
1945,Cirurgia_coluna,D20,0.018181818,55,63,58,5,54,1
1946,Aposentado,D20,0.064516129,31,101,95,6,29,2
1947,Desempregado,D20,0.08,25,105,99,6,23,2
1948,Licenca_Medica,D20,0.111111111,18,114,108,6,16,2
1949,Aposentado_Invalidez,D20,0.125,8,123,116,7,7,1
1950,Analgésicos,D20,0.068181818,88,42,41,1,82,6
1951,OutraDoenca,D20,0.04,50,80,74,6,48,2
1952,Dor_costas,D20,0.087912088,91,37,37,0,83,8
1953,Dor_pernas,D20,0.036363636,55,72,66,6,53,2
1954,Retornar_trabalho,D20,0.15,20,99,94,5,17,3
1955,Masc,D20,0.056818182,88,48,45,3,83,5
1956,Fem,D20,0.0625,48,88,83,5,45,3
1957,Casado_Amasiado,D20,0.072727273,55,81,77,4,51,4
1958,Solteiro,D20,0.06779661,59,77,73,4,55,4
1959,Separado_Divorciado,D20,0,7,129,121,8,7,0
1960,X4,D20,0,3,133,125,8,3,0
1961,X5,D20,0,2,134,126,8,2,0
1962,X6,D20,0,10,126,118,8,10,0
1963,Livrar_costas,D20,0.081395349,86,14,14,0,79,7
1964,Livrar_perna,D20,0,14,86,79,7,14,0
1965,Livrar_perda_sens,D20,NaN,0,100,93,7,0,0
1966,D1,D20,0,1,135,127,8,1,0
1967,D15,D20,0,7,129,121,8,7,0
1968,D16,D20,0,20,116,108,8,20,0
1969,D17,D20,0,5,131,123,8,5,0
1970,D18,D20,0.3125,16,120,117,3,11,5
1971,D19,D20,0.571428571,7,129,125,4,3,4
1972,D2,D20,0.125,8,128,121,7,7,1
1973,D20,D20,1,8,128,128,0,0,8
1974,D21,D20,0.571428571,7,129,125,4,3,4
1975,D22,D20,1,2,134,128,6,0,2
1976,D23,D20,0,2,134,126,8,2,0
1977,D24,D20,0.153846154,26,110,106,4,22,4
1978,D25,D20,0.5,4,132,126,6,2,2
1979,D26,D20,0.5,2,134,127,7,1,1
1980,D27,D20,0,5,131,123,8,5,0
1981,D28,D20,0.166666667,6,130,123,7,5,1
1982,D29,D20,0.023809524,42,94,87,7,41,1
1983,D3,D20,0,2,134,126,8,2,0
1984,D30,D20,0.080645161,62,74,71,3,57,5
1985,D31,D20,0,17,119,111,8,17,0
1986,D32,D20,0,37,99,91,8,37,0
1987,D33,D20,0,12,124,116,8,12,0
1988,D34,D20,0,3,133,125,8,3,0
1989,D35,D20,0,2,134,126,8,2,0
1990,D36,D20,0,8,128,120,8,8,0
1991,D37,D20,0,22,114,106,8,22,0
1992,D38,D20,0,3,133,125,8,3,0
1993,D39,D20,0,15,121,113,8,15,0
1994,D4,D20,0,4,132,124,8,4,0
1995,D40,D20,0,5,131,123,8,5,0
1996,D41,D20,0,7,129,121,8,7,0
1997,D42,D20,0.666666667,3,133,127,6,1,2
1998,D43,D20,0.666666667,3,133,127,6,1,2
1999,D44,D20,0,38,98,90,8,38,0
2000,D45,D20,0,12,124,116,8,12,0
2001,D46,D20,0,38,98,90,8,38,0
2002,D47,D20,0,12,124,116,8,12,0
2003,D48,D20,0,26,110,102,8,26,0
2004,D49,D20,0,13,123,115,8,13,0
2005,D5,D20,0,3,133,125,8,3,0
2006,D50,D20,0,2,134,126,8,2,0
2007,D51,D20,0,1,135,127,8,1,0
2008,D52,D20,0,2,134,126,8,2,0
2009,D53,D20,0.5,2,134,127,7,1,1
2010,D9,D20,0,1,135,127,8,1,0
2011,Fuma,D21,0.043478261,46,82,77,5,44,2
2012,Cirurgia_coluna,D21,0,55,63,58,5,55,0
2013,Aposentado,D21,0.064516129,31,101,96,5,29,2
2014,Desempregado,D21,0.04,25,105,99,6,24,1
2015,Licenca_Medica,D21,0.055555556,18,114,108,6,17,1
2016,Aposentado_Invalidez,D21,0,8,123,116,7,8,0
2017,Analgésicos,D21,0.068181818,88,42,41,1,82,6
2018,OutraDoenca,D21,0.02,50,80,74,6,49,1
2019,Dor_costas,D21,0.076923077,91,37,37,0,84,7
2020,Dor_pernas,D21,0.036363636,55,72,67,5,53,2
2021,Retornar_trabalho,D21,0.1,20,99,94,5,18,2
2022,Masc,D21,0.056818182,88,48,46,2,83,5
2023,Fem,D21,0.041666667,48,88,83,5,46,2
2024,Casado_Amasiado,D21,0.090909091,55,81,79,2,50,5
2025,Solteiro,D21,0.033898305,59,77,72,5,57,2
2026,Separado_Divorciado,D21,0,7,129,122,7,7,0
2027,X4,D21,0,3,133,126,7,3,0
2028,X5,D21,0,2,134,127,7,2,0
2029,X6,D21,0,10,126,119,7,10,0
2030,Livrar_costas,D21,0.081395349,86,14,14,0,79,7
2031,Livrar_perna,D21,0,14,86,79,7,14,0
2032,Livrar_perda_sens,D21,NaN,0,100,93,7,0,0
2033,D1,D21,0,1,135,128,7,1,0
2034,D15,D21,0,7,129,122,7,7,0
2035,D16,D21,0.05,20,116,110,6,19,1
2036,D17,D21,0.2,5,131,125,6,4,1
2037,D18,D21,0.1875,16,120,116,4,13,3
2038,D19,D21,0.571428571,7,129,126,3,3,4
2039,D2,D21,0.125,8,128,122,6,7,1
2040,D20,D21,0.5,8,128,125,3,4,4
2041,D21,D21,1,7,129,129,0,0,7
2042,D22,D21,0.5,2,134,128,6,1,1
2043,D23,D21,0,2,134,127,7,2,0
2044,D24,D21,0.115384615,26,110,106,4,23,3
2045,D25,D21,0.5,4,132,127,5,2,2
2046,D26,D21,0.5,2,134,128,6,1,1
2047,D27,D21,0,5,131,124,7,5,0
2048,D28,D21,0.166666667,6,130,124,6,5,1
2049,D29,D21,0.023809524,42,94,88,6,41,1
2050,D3,D21,0,2,134,127,7,2,0
2051,D30,D21,0.080645161,62,74,72,2,57,5
2052,D31,D21,0,17,119,112,7,17,0
2053,D32,D21,0.027027027,37,99,93,6,36,1
2054,D33,D21,0.166666667,12,124,119,5,10,2
2055,D34,D21,0,3,133,126,7,3,0
2056,D35,D21,0,2,134,127,7,2,0
2057,D36,D21,0,8,128,121,7,8,0
2058,D37,D21,0.045454545,22,114,108,6,21,1
2059,D38,D21,0,3,133,126,7,3,0
2060,D39,D21,0.066666667,15,121,115,6,14,1
2061,D4,D21,0,4,132,125,7,4,0
2062,D40,D21,0,5,131,124,7,5,0
2063,D41,D21,0,7,129,122,7,7,0
2064,D42,D21,0.333333333,3,133,127,6,2,1
2065,D43,D21,0.666666667,3,133,128,5,1,2
2066,D44,D21,0,38,98,91,7,38,0
2067,D45,D21,0,12,124,117,7,12,0
2068,D46,D21,0.026315789,38,98,92,6,37,1
2069,D47,D21,0,12,124,117,7,12,0
2070,D48,D21,0,26,110,103,7,26,0
2071,D49,D21,0.153846154,13,123,118,5,11,2
2072,D5,D21,0,3,133,126,7,3,0
2073,D50,D21,0,2,134,127,7,2,0
2074,D51,D21,0,1,135,128,7,1,0
2075,D52,D21,0,2,134,127,7,2,0
2076,D53,D21,0.5,2,134,128,6,1,1
2077,D9,D21,0,1,135,128,7,1,0
2078,Fuma,D22,0.02173913,46,82,81,1,45,1
2079,Cirurgia_coluna,D22,0,55,63,62,1,55,0
2080,Aposentado,D22,0.032258065,31,101,100,1,30,1
2081,Desempregado,D22,0.04,25,105,104,1,24,1
2082,Licenca_Medica,D22,0.055555556,18,114,113,1,17,1
2083,Aposentado_Invalidez,D22,0,8,123,121,2,8,0
2084,Analgésicos,D22,0.011363636,88,42,42,0,87,1
2085,OutraDoenca,D22,0,50,80,78,2,50,0
2086,Dor_costas,D22,0.021978022,91,37,37,0,89,2
2087,Dor_pernas,D22,0,55,72,70,2,55,0
2088,Retornar_trabalho,D22,0.05,20,99,98,1,19,1
2089,Masc,D22,0.022727273,88,48,48,0,86,2
2090,Fem,D22,0,48,88,86,2,48,0
2091,Casado_Amasiado,D22,0.036363636,55,81,81,0,53,2
2092,Solteiro,D22,0,59,77,75,2,59,0
2093,Separado_Divorciado,D22,0,7,129,127,2,7,0
2094,X4,D22,0,3,133,131,2,3,0
2095,X5,D22,0,2,134,132,2,2,0
2096,X6,D22,0,10,126,124,2,10,0
2097,Livrar_costas,D22,0.011627907,86,14,14,0,85,1
2098,Livrar_perna,D22,0,14,86,85,1,14,0
2099,Livrar_perda_sens,D22,NaN,0,100,99,1,0,0
2100,D1,D22,0,1,135,133,2,1,0
2101,D15,D22,0,7,129,127,2,7,0
2102,D16,D22,0,20,116,114,2,20,0
2103,D17,D22,0,5,131,129,2,5,0
2104,D18,D22,0.125,16,120,120,0,14,2
2105,D19,D22,0.285714286,7,129,129,0,5,2
2106,D2,D22,0,8,128,126,2,8,0
2107,D20,D22,0.25,8,128,128,0,6,2
2108,D21,D22,0.142857143,7,129,128,1,6,1
2109,D22,D22,1,2,134,134,0,0,2
2110,D23,D22,0,2,134,132,2,2,0
2111,D24,D22,0,26,110,108,2,26,0
2112,D25,D22,0,4,132,130,2,4,0
2113,D26,D22,0.5,2,134,133,1,1,1
2114,D27,D22,0,5,131,129,2,5,0
2115,D28,D22,0,6,130,128,2,6,0
2116,D29,D22,0,42,94,92,2,42,0
2117,D3,D22,0,2,134,132,2,2,0
2118,D30,D22,0.016129032,62,74,73,1,61,1
2119,D31,D22,0,17,119,117,2,17,0
2120,D32,D22,0,37,99,97,2,37,0
2121,D33,D22,0,12,124,122,2,12,0
2122,D34,D22,0,3,133,131,2,3,0
2123,D35,D22,0,2,134,132,2,2,0
2124,D36,D22,0,8,128,126,2,8,0
2125,D37,D22,0,22,114,112,2,22,0
2126,D38,D22,0,3,133,131,2,3,0
2127,D39,D22,0,15,121,119,2,15,0
2128,D4,D22,0,4,132,130,2,4,0
2129,D40,D22,0,5,131,129,2,5,0
2130,D41,D22,0,7,129,127,2,7,0
2131,D42,D22,0.666666667,3,133,133,0,1,2
2132,D43,D22,0.333333333,3,133,132,1,2,1
2133,D44,D22,0,38,98,96,2,38,0
2134,D45,D22,0,12,124,122,2,12,0
2135,D46,D22,0,38,98,96,2,38,0
2136,D47,D22,0,12,124,122,2,12,0
2137,D48,D22,0,26,110,108,2,26,0
2138,D49,D22,0,13,123,121,2,13,0
2139,D5,D22,0,3,133,131,2,3,0
2140,D50,D22,0,2,134,132,2,2,0
2141,D51,D22,0,1,135,133,2,1,0
2142,D52,D22,0,2,134,132,2,2,0
2143,D53,D22,0,2,134,132,2,2,0
2144,D9,D22,0,1,135,133,2,1,0
2145,Fuma,D23,0,46,82,81,1,46,0
2146,Cirurgia_coluna,D23,0.018181818,55,63,62,1,54,1
2147,Aposentado,D23,0.032258065,31,101,100,1,30,1
2148,Desempregado,D23,0.04,25,105,104,1,24,1
2149,Licenca_Medica,D23,0,18,114,112,2,18,0
2150,Aposentado_Invalidez,D23,0,8,123,121,2,8,0
2151,Analgésicos,D23,0.022727273,88,42,42,0,86,2
2152,OutraDoenca,D23,0,50,80,78,2,50,0
2153,Dor_costas,D23,0.021978022,91,37,37,0,89,2
2154,Dor_pernas,D23,0.018181818,55,72,71,1,54,1
2155,Retornar_trabalho,D23,0.05,20,99,98,1,19,1
2156,Masc,D23,0.011363636,88,48,47,1,87,1
2157,Fem,D23,0.020833333,48,88,87,1,47,1
2158,Casado_Amasiado,D23,0,55,81,79,2,55,0
2159,Solteiro,D23,0.033898305,59,77,77,0,57,2
2160,Separado_Divorciado,D23,0,7,129,127,2,7,0
2161,X4,D23,0,3,133,131,2,3,0
2162,X5,D23,0,2,134,132,2,2,0
2163,X6,D23,0,10,126,124,2,10,0
2164,Livrar_costas,D23,0.023255814,86,14,14,0,84,2
2165,Livrar_perna,D23,0,14,86,84,2,14,0
2166,Livrar_perda_sens,D23,NaN,0,100,98,2,0,0
2167,D1,D23,0,1,135,133,2,1,0
2168,D15,D23,0,7,129,127,2,7,0
2169,D16,D23,0,20,116,114,2,20,0
2170,D17,D23,0,5,131,129,2,5,0
2171,D18,D23,0,16,120,118,2,16,0
2172,D19,D23,0,7,129,127,2,7,0
2173,D2,D23,0,8,128,126,2,8,0
2174,D20,D23,0,8,128,126,2,8,0
2175,D21,D23,0,7,129,127,2,7,0
2176,D22,D23,0,2,134,132,2,2,0
2177,D23,D23,1,2,134,134,0,0,2
2178,D24,D23,0.038461538,26,110,109,1,25,1
2179,D25,D23,0.25,4,132,131,1,3,1
2180,D26,D23,0,2,134,132,2,2,0
2181,D27,D23,0.2,5,131,130,1,4,1
2182,D28,D23,0.166666667,6,130,129,1,5,1
2183,D29,D23,0,42,94,92,2,42,0
2184,D3,D23,0,2,134,132,2,2,0
2185,D30,D23,0.032258065,62,74,74,0,60,2
2186,D31,D23,0,17,119,117,2,17,0
2187,D32,D23,0,37,99,97,2,37,0
2188,D33,D23,0,12,124,122,2,12,0
2189,D34,D23,0,3,133,131,2,3,0
2190,D35,D23,0,2,134,132,2,2,0
2191,D36,D23,0,8,128,126,2,8,0
2192,D37,D23,0,22,114,112,2,22,0
2193,D38,D23,0,3,133,131,2,3,0
2194,D39,D23,0,15,121,119,2,15,0
2195,D4,D23,0,4,132,130,2,4,0
2196,D40,D23,0,5,131,129,2,5,0
2197,D41,D23,0,7,129,127,2,7,0
2198,D42,D23,0,3,133,131,2,3,0
2199,D43,D23,0,3,133,131,2,3,0
2200,D44,D23,0.026315789,38,98,97,1,37,1
2201,D45,D23,0.083333333,12,124,123,1,11,1
2202,D46,D23,0.026315789,38,98,97,1,37,1
2203,D47,D23,0.083333333,12,124,123,1,11,1
2204,D48,D23,0.038461538,26,110,109,1,25,1
2205,D49,D23,0.076923077,13,123,122,1,12,1
2206,D5,D23,0,3,133,131,2,3,0
2207,D50,D23,0,2,134,132,2,2,0
2208,D51,D23,0,1,135,133,2,1,0
2209,D52,D23,0,2,134,132,2,2,0
2210,D53,D23,0,2,134,132,2,2,0
2211,D9,D23,0,1,135,133,2,1,0
2212,Fuma,D24,0.173913043,46,82,66,16,38,8
2213,Cirurgia_coluna,D24,0.163636364,55,63,50,13,46,9
2214,Aposentado,D24,0.129032258,31,101,79,22,27,4
2215,Desempregado,D24,0.28,25,105,86,19,18,7
2216,Licenca_Medica,D24,0.222222222,18,114,92,22,14,4
2217,Aposentado_Invalidez,D24,0.375,8,123,100,23,5,3
2218,Analgésicos,D24,0.193181818,88,42,33,9,71,17
2219,OutraDoenca,D24,0.2,50,80,64,16,40,10
2220,Dor_costas,D24,0.241758242,91,37,33,4,69,22
2221,Dor_pernas,D24,0.127272727,55,72,53,19,48,7
2222,Retornar_trabalho,D24,0.35,20,99,82,17,13,7
2223,Masc,D24,0.181818182,88,48,38,10,72,16
2224,Fem,D24,0.208333333,48,88,72,16,38,10
2225,Casado_Amasiado,D24,0.2,55,81,66,15,44,11
2226,Solteiro,D24,0.220338983,59,77,64,13,46,13
2227,Separado_Divorciado,D24,0,7,129,103,26,7,0
2228,X4,D24,0,3,133,107,26,3,0
2229,X5,D24,0.5,2,134,109,25,1,1
2230,X6,D24,0.1,10,126,101,25,9,1
2231,Livrar_costas,D24,0.290697674,86,14,14,0,61,25
2232,Livrar_perna,D24,0,14,86,61,25,14,0
2233,Livrar_perda_sens,D24,NaN,0,100,75,25,0,0
2234,D1,D24,0,1,135,109,26,1,0
2235,D15,D24,0,7,129,103,26,7,0
2236,D16,D24,0.1,20,116,92,24,18,2
2237,D17,D24,0.2,5,131,106,25,4,1
2238,D18,D24,0.25,16,120,98,22,12,4
2239,D19,D24,0.571428571,7,129,107,22,3,4
2240,D2,D24,0.375,8,128,105,23,5,3
2241,D20,D24,0.5,8,128,106,22,4,4
2242,D21,D24,0.428571429,7,129,106,23,4,3
2243,D22,D24,0,2,134,108,26,2,0
2244,D23,D24,0.5,2,134,109,25,1,1
2245,D24,D24,1,26,110,110,0,0,26
2246,D25,D24,1,4,132,110,22,0,4
2247,D26,D24,0.5,2,134,109,25,1,1
2248,D27,D24,0.2,5,131,106,25,4,1
2249,D28,D24,0.333333333,6,130,106,24,4,2
2250,D29,D24,0.142857143,42,94,74,20,36,6
2251,D3,D24,0.5,2,134,109,25,1,1
2252,D30,D24,0.209677419,62,74,61,13,49,13
2253,D31,D24,0.176470588,17,119,96,23,14,3
2254,D32,D24,0.108108108,37,99,77,22,33,4
2255,D33,D24,0.083333333,12,124,99,25,11,1
2256,D34,D24,0.333333333,3,133,108,25,2,1
2257,D35,D24,0,2,134,108,26,2,0
2258,D36,D24,0,8,128,102,26,8,0
2259,D37,D24,0.090909091,22,114,90,24,20,2
2260,D38,D24,0,3,133,107,26,3,0
2261,D39,D24,0.066666667,15,121,96,25,14,1
2262,D4,D24,0.25,4,132,107,25,3,1
2263,D40,D24,0,5,131,105,26,5,0
2264,D41,D24,0,7,129,103,26,7,0
2265,D42,D24,0,3,133,107,26,3,0
2266,D43,D24,0,3,133,107,26,3,0
2267,D44,D24,0.078947368,38,98,75,23,35,3
2268,D45,D24,0.083333333,12,124,99,25,11,1
2269,D46,D24,0.131578947,38,98,77,21,33,5
2270,D47,D24,0.166666667,12,124,100,24,10,2
2271,D48,D24,0.076923077,26,110,86,24,24,2
2272,D49,D24,0.230769231,13,123,100,23,10,3
2273,D5,D24,0.666666667,3,133,109,24,1,2
2274,D50,D24,0.5,2,134,109,25,1,1
2275,D51,D24,0,1,135,109,26,1,0
2276,D52,D24,0,2,134,108,26,2,0
2277,D53,D24,0,2,134,108,26,2,0
2278,D9,D24,0,1,135,109,26,1,0
2279,Fuma,D25,0.02173913,46,82,80,2,45,1
2280,Cirurgia_coluna,D25,0.036363636,55,63,61,2,53,2
2281,Aposentado,D25,0.064516129,31,101,99,2,29,2
2282,Desempregado,D25,0.08,25,105,103,2,23,2
2283,Licenca_Medica,D25,0,18,114,110,4,18,0
2284,Aposentado_Invalidez,D25,0,8,123,119,4,8,0
2285,Analgésicos,D25,0.034090909,88,42,41,1,85,3
2286,OutraDoenca,D25,0.02,50,80,77,3,49,1
2287,Dor_costas,D25,0.043956044,91,37,37,0,87,4
2288,Dor_pernas,D25,0.018181818,55,72,69,3,54,1
2289,Retornar_trabalho,D25,0.15,20,99,98,1,17,3
2290,Masc,D25,0.034090909,88,48,47,1,85,3
2291,Fem,D25,0.020833333,48,88,85,3,47,1
2292,Casado_Amasiado,D25,0.018181818,55,81,78,3,54,1
2293,Solteiro,D25,0.050847458,59,77,76,1,56,3
2294,Separado_Divorciado,D25,0,7,129,125,4,7,0
2295,X4,D25,0,3,133,129,4,3,0
2296,X5,D25,0,2,134,130,4,2,0
2297,X6,D25,0,10,126,122,4,10,0
2298,Livrar_costas,D25,0.046511628,86,14,14,0,82,4
2299,Livrar_perna,D25,0,14,86,82,4,14,0
2300,Livrar_perda_sens,D25,NaN,0,100,96,4,0,0
2301,D1,D25,0,1,135,131,4,1,0
2302,D15,D25,0,7,129,125,4,7,0
2303,D16,D25,0,20,116,112,4,20,0
2304,D17,D25,0,5,131,127,4,5,0
2305,D18,D25,0,16,120,116,4,16,0
2306,D19,D25,0.285714286,7,129,127,2,5,2
2307,D2,D25,0,8,128,124,4,8,0
2308,D20,D25,0.25,8,128,126,2,6,2
2309,D21,D25,0.285714286,7,129,127,2,5,2
2310,D22,D25,0,2,134,130,4,2,0
2311,D23,D25,0.5,2,134,131,3,1,1
2312,D24,D25,0.153846154,26,110,110,0,22,4
2313,D25,D25,1,4,132,132,0,0,4
2314,D26,D25,0,2,134,130,4,2,0
2315,D27,D25,0.2,5,131,128,3,4,1
2316,D28,D25,0.166666667,6,130,127,3,5,1
2317,D29,D25,0.023809524,42,94,91,3,41,1
2318,D3,D25,0,2,134,130,4,2,0
2319,D30,D25,0.048387097,62,74,73,1,59,3
2320,D31,D25,0,17,119,115,4,17,0
2321,D32,D25,0,37,99,95,4,37,0
2322,D33,D25,0,12,124,120,4,12,0
2323,D34,D25,0,3,133,129,4,3,0
2324,D35,D25,0,2,134,130,4,2,0
2325,D36,D25,0,8,128,124,4,8,0
2326,D37,D25,0,22,114,110,4,22,0
2327,D38,D25,0,3,133,129,4,3,0
2328,D39,D25,0,15,121,117,4,15,0
2329,D4,D25,0,4,132,128,4,4,0
2330,D40,D25,0,5,131,127,4,5,0
2331,D41,D25,0,7,129,125,4,7,0
2332,D42,D25,0,3,133,129,4,3,0
2333,D43,D25,0,3,133,129,4,3,0
2334,D44,D25,0,38,98,94,4,38,0
2335,D45,D25,0,12,124,120,4,12,0
2336,D46,D25,0,38,98,94,4,38,0
2337,D47,D25,0,12,124,120,4,12,0
2338,D48,D25,0,26,110,106,4,26,0
2339,D49,D25,0,13,123,119,4,13,0
2340,D5,D25,0,3,133,129,4,3,0
2341,D50,D25,0,2,134,130,4,2,0
2342,D51,D25,0,1,135,131,4,1,0
2343,D52,D25,0,2,134,130,4,2,0
2344,D53,D25,0,2,134,130,4,2,0
2345,D9,D25,0,1,135,131,4,1,0
2346,Fuma,D26,0,46,82,80,2,46,0
2347,Cirurgia_coluna,D26,0,55,63,62,1,55,0
2348,Aposentado,D26,0.032258065,31,101,100,1,30,1
2349,Desempregado,D26,0.04,25,105,104,1,24,1
2350,Licenca_Medica,D26,0.055555556,18,114,113,1,17,1
2351,Aposentado_Invalidez,D26,0,8,123,121,2,8,0
2352,Analgésicos,D26,0.022727273,88,42,42,0,86,2
2353,OutraDoenca,D26,0.02,50,80,79,1,49,1
2354,Dor_costas,D26,0.021978022,91,37,37,0,89,2
2355,Dor_pernas,D26,0,55,72,70,2,55,0
2356,Retornar_trabalho,D26,0.05,20,99,98,1,19,1
2357,Masc,D26,0.022727273,88,48,48,0,86,2
2358,Fem,D26,0,48,88,86,2,48,0
2359,Casado_Amasiado,D26,0.036363636,55,81,81,0,53,2
2360,Solteiro,D26,0,59,77,75,2,59,0
2361,Separado_Divorciado,D26,0,7,129,127,2,7,0
2362,X4,D26,0,3,133,131,2,3,0
2363,X5,D26,0,2,134,132,2,2,0
2364,X6,D26,0,10,126,124,2,10,0
2365,Livrar_costas,D26,0.023255814,86,14,14,0,84,2
2366,Livrar_perna,D26,0,14,86,84,2,14,0
2367,Livrar_perda_sens,D26,NaN,0,100,98,2,0,0
2368,D1,D26,0,1,135,133,2,1,0
2369,D15,D26,0,7,129,127,2,7,0
2370,D16,D26,0,20,116,114,2,20,0
2371,D17,D26,0,5,131,129,2,5,0
2372,D18,D26,0.0625,16,120,119,1,15,1
2373,D19,D26,0.142857143,7,129,128,1,6,1
2374,D2,D26,0,8,128,126,2,8,0
2375,D20,D26,0.125,8,128,127,1,7,1
2376,D21,D26,0.142857143,7,129,128,1,6,1
2377,D22,D26,0.5,2,134,133,1,1,1
2378,D23,D26,0,2,134,132,2,2,0
2379,D24,D26,0.038461538,26,110,109,1,25,1
2380,D25,D26,0,4,132,130,2,4,0
2381,D26,D26,1,2,134,134,0,0,2
2382,D27,D26,0,5,131,129,2,5,0
2383,D28,D26,0.166666667,6,130,129,1,5,1
2384,D29,D26,0,42,94,92,2,42,0
2385,D3,D26,0,2,134,132,2,2,0
2386,D30,D26,0.016129032,62,74,73,1,61,1
2387,D31,D26,0.058823529,17,119,118,1,16,1
2388,D32,D26,0,37,99,97,2,37,0
2389,D33,D26,0,12,124,122,2,12,0
2390,D34,D26,0,3,133,131,2,3,0
2391,D35,D26,0,2,134,132,2,2,0
2392,D36,D26,0,8,128,126,2,8,0
2393,D37,D26,0,22,114,112,2,22,0
2394,D38,D26,0,3,133,131,2,3,0
2395,D39,D26,0,15,121,119,2,15,0
2396,D4,D26,0,4,132,130,2,4,0
2397,D40,D26,0,5,131,129,2,5,0
2398,D41,D26,0,7,129,127,2,7,0
2399,D42,D26,0.333333333,3,133,132,1,2,1
2400,D43,D26,0.333333333,3,133,132,1,2,1
2401,D44,D26,0,38,98,96,2,38,0
2402,D45,D26,0,12,124,122,2,12,0
2403,D46,D26,0,38,98,96,2,38,0
2404,D47,D26,0,12,124,122,2,12,0
2405,D48,D26,0,26,110,108,2,26,0
2406,D49,D26,0,13,123,121,2,13,0
2407,D5,D26,0,3,133,131,2,3,0
2408,D50,D26,0,2,134,132,2,2,0
2409,D51,D26,0,1,135,133,2,1,0
2410,D52,D26,0,2,134,132,2,2,0
2411,D53,D26,0,2,134,132,2,2,0
2412,D9,D26,0,1,135,133,2,1,0
2413,Fuma,D27,0.065217391,46,82,81,1,43,3
2414,Cirurgia_coluna,D27,0.054545455,55,63,63,0,52,3
2415,Aposentado,D27,0.064516129,31,101,98,3,29,2
2416,Desempregado,D27,0.04,25,105,101,4,24,1
2417,Licenca_Medica,D27,0.055555556,18,114,110,4,17,1
2418,Aposentado_Invalidez,D27,0.125,8,123,119,4,7,1
2419,Analgésicos,D27,0.045454545,88,42,41,1,84,4
2420,OutraDoenca,D27,0.02,50,80,76,4,49,1
2421,Dor_costas,D27,0.043956044,91,37,36,1,87,4
2422,Dor_pernas,D27,0.018181818,55,72,68,4,54,1
2423,Retornar_trabalho,D27,0.15,20,99,97,2,17,3
2424,Masc,D27,0.045454545,88,48,47,1,84,4
2425,Fem,D27,0.020833333,48,88,84,4,47,1
2426,Casado_Amasiado,D27,0,55,81,76,5,55,0
2427,Solteiro,D27,0.084745763,59,77,77,0,54,5
2428,Separado_Divorciado,D27,0,7,129,124,5,7,0
2429,X4,D27,0,3,133,128,5,3,0
2430,X5,D27,0,2,134,129,5,2,0
2431,X6,D27,0,10,126,121,5,10,0
2432,Livrar_costas,D27,0.058139535,86,14,14,0,81,5
2433,Livrar_perna,D27,0,14,86,81,5,14,0
2434,Livrar_perda_sens,D27,NaN,0,100,95,5,0,0
2435,D1,D27,0,1,135,130,5,1,0
2436,D15,D27,0,7,129,124,5,7,0
2437,D16,D27,0.05,20,116,112,4,19,1
2438,D17,D27,0,5,131,126,5,5,0
2439,D18,D27,0,16,120,115,5,16,0
2440,D19,D27,0,7,129,124,5,7,0
2441,D2,D27,0,8,128,123,5,8,0
2442,D20,D27,0,8,128,123,5,8,0
2443,D21,D27,0,7,129,124,5,7,0
2444,D22,D27,0,2,134,129,5,2,0
2445,D23,D27,0.5,2,134,130,4,1,1
2446,D24,D27,0.038461538,26,110,106,4,25,1
2447,D25,D27,0.25,4,132,128,4,3,1
2448,D26,D27,0,2,134,129,5,2,0
2449,D27,D27,1,5,131,131,0,0,5
2450,D28,D27,0.5,6,130,128,2,3,3
2451,D29,D27,0.071428571,42,94,92,2,39,3
2452,D3,D27,0,2,134,129,5,2,0
2453,D30,D27,0.064516129,62,74,73,1,58,4
2454,D31,D27,0.058823529,17,119,115,4,16,1
2455,D32,D27,0.054054054,37,99,96,3,35,2
2456,D33,D27,0,12,124,119,5,12,0
2457,D34,D27,0,3,133,128,5,3,0
2458,D35,D27,0,2,134,129,5,2,0
2459,D36,D27,0,8,128,123,5,8,0
2460,D37,D27,0.045454545,22,114,110,4,21,1
2461,D38,D27,0,3,133,128,5,3,0
2462,D39,D27,0,15,121,116,5,15,0
2463,D4,D27,0,4,132,127,5,4,0
2464,D40,D27,0,5,131,126,5,5,0
2465,D41,D27,0,7,129,124,5,7,0
2466,D42,D27,0,3,133,128,5,3,0
2467,D43,D27,0,3,133,128,5,3,0
2468,D44,D27,0.052631579,38,98,95,3,36,2
2469,D45,D27,0,12,124,119,5,12,0
2470,D46,D27,0.026315789,38,98,94,4,37,1
2471,D47,D27,0,12,124,119,5,12,0
2472,D48,D27,0.038461538,26,110,106,4,25,1
2473,D49,D27,0,13,123,118,5,13,0
2474,D5,D27,0,3,133,128,5,3,0
2475,D50,D27,0,2,134,129,5,2,0
2476,D51,D27,0,1,135,130,5,1,0
2477,D52,D27,0,2,134,129,5,2,0
2478,D53,D27,0,2,134,129,5,2,0
2479,D9,D27,0,1,135,130,5,1,0
2480,Fuma,D28,0.065217391,46,82,80,2,43,3
2481,Cirurgia_coluna,D28,0.054545455,55,63,61,2,52,3
2482,Aposentado,D28,0.064516129,31,101,97,4,29,2
2483,Desempregado,D28,0.08,25,105,101,4,23,2
2484,Licenca_Medica,D28,0.055555556,18,114,109,5,17,1
2485,Aposentado_Invalidez,D28,0,8,123,117,6,8,0
2486,Analgésicos,D28,0.045454545,88,42,40,2,84,4
2487,OutraDoenca,D28,0.06,50,80,77,3,47,3
2488,Dor_costas,D28,0.054945055,91,37,36,1,86,5
2489,Dor_pernas,D28,0.018181818,55,72,67,5,54,1
2490,Retornar_trabalho,D28,0.1,20,99,95,4,18,2
2491,Masc,D28,0.034090909,88,48,45,3,85,3
2492,Fem,D28,0.0625,48,88,85,3,45,3
2493,Casado_Amasiado,D28,0.036363636,55,81,77,4,53,2
2494,Solteiro,D28,0.06779661,59,77,75,2,55,4
2495,Separado_Divorciado,D28,0,7,129,123,6,7,0
2496,X4,D28,0,3,133,127,6,3,0
2497,X5,D28,0,2,134,128,6,2,0
2498,X6,D28,0,10,126,120,6,10,0
2499,Livrar_costas,D28,0.069767442,86,14,14,0,80,6
2500,Livrar_perna,D28,0,14,86,80,6,14,0
2501,Livrar_perda_sens,D28,NaN,0,100,94,6,0,0
2502,D1,D28,0,1,135,129,6,1,0
2503,D15,D28,0,7,129,123,6,7,0
2504,D16,D28,0,20,116,110,6,20,0
2505,D17,D28,0,5,131,125,6,5,0
2506,D18,D28,0.0625,16,120,115,5,15,1
2507,D19,D28,0,7,129,123,6,7,0
2508,D2,D28,0.125,8,128,123,5,7,1
2509,D20,D28,0.125,8,128,123,5,7,1
2510,D21,D28,0.142857143,7,129,124,5,6,1
2511,D22,D28,0,2,134,128,6,2,0
2512,D23,D28,0.5,2,134,129,5,1,1
2513,D24,D28,0.076923077,26,110,106,4,24,2
2514,D25,D28,0.25,4,132,127,5,3,1
2515,D26,D28,0.5,2,134,129,5,1,1
2516,D27,D28,0.6,5,131,128,3,2,3
2517,D28,D28,1,6,130,130,0,0,6
2518,D29,D28,0.023809524,42,94,89,5,41,1
2519,D3,D28,0,2,134,128,6,2,0
2520,D30,D28,0.048387097,62,74,71,3,59,3
2521,D31,D28,0.176470588,17,119,116,3,14,3
2522,D32,D28,0,37,99,93,6,37,0
2523,D33,D28,0,12,124,118,6,12,0
2524,D34,D28,0,3,133,127,6,3,0
2525,D35,D28,0,2,134,128,6,2,0
2526,D36,D28,0,8,128,122,6,8,0
2527,D37,D28,0,22,114,108,6,22,0
2528,D38,D28,0,3,133,127,6,3,0
2529,D39,D28,0,15,121,115,6,15,0
2530,D4,D28,0,4,132,126,6,4,0
2531,D40,D28,0,5,131,125,6,5,0
2532,D41,D28,0,7,129,123,6,7,0
2533,D42,D28,0,3,133,127,6,3,0
2534,D43,D28,0.333333333,3,133,128,5,2,1
2535,D44,D28,0,38,98,92,6,38,0
2536,D45,D28,0,12,124,118,6,12,0
2537,D46,D28,0,38,98,92,6,38,0
2538,D47,D28,0,12,124,118,6,12,0
2539,D48,D28,0,26,110,104,6,26,0
2540,D49,D28,0,13,123,117,6,13,0
2541,D5,D28,0,3,133,127,6,3,0
2542,D50,D28,0,2,134,128,6,2,0
2543,D51,D28,0,1,135,129,6,1,0
2544,D52,D28,0,2,134,128,6,2,0
2545,D53,D28,0.5,2,134,129,5,1,1
2546,D9,D28,0,1,135,129,6,1,0
2547,Fuma,D29,0.282608696,46,82,55,27,33,13
2548,Cirurgia_coluna,D29,0.345454545,55,63,45,18,36,19
2549,Aposentado,D29,0.419354839,31,101,72,29,18,13
2550,Desempregado,D29,0.28,25,105,70,35,18,7
2551,Licenca_Medica,D29,0.444444444,18,114,80,34,10,8
2552,Aposentado_Invalidez,D29,0.625,8,123,86,37,3,5
2553,Analgésicos,D29,0.397727273,88,42,35,7,53,35
2554,OutraDoenca,D29,0.36,50,80,57,23,32,18
2555,Dor_costas,D29,0.406593407,91,37,33,4,54,37
2556,Dor_pernas,D29,0.545454545,55,72,61,11,25,30
2557,Retornar_trabalho,D29,0.5,20,99,70,29,10,10
2558,Masc,D29,0.340909091,88,48,36,12,58,30
2559,Fem,D29,0.25,48,88,58,30,36,12
2560,Casado_Amasiado,D29,0.4,55,81,61,20,33,22
2561,Solteiro,D29,0.220338983,59,77,48,29,46,13
2562,Separado_Divorciado,D29,0.285714286,7,129,89,40,5,2
2563,X4,D29,0,3,133,91,42,3,0
2564,X5,D29,0,2,134,92,42,2,0
2565,X6,D29,0.5,10,126,89,37,5,5
2566,Livrar_costas,D29,0.38372093,86,14,7,7,53,33
2567,Livrar_perna,D29,0.5,14,86,53,33,7,7
2568,Livrar_perda_sens,D29,NaN,0,100,60,40,0,0
2569,D1,D29,0,1,135,93,42,1,0
2570,D15,D29,0.571428571,7,129,91,38,3,4
2571,D16,D29,0.8,20,116,90,26,4,16
2572,D17,D29,0.4,5,131,91,40,3,2
2573,D18,D29,0.125,16,120,80,40,14,2
2574,D19,D29,0.142857143,7,129,88,41,6,1
2575,D2,D29,0.125,8,128,87,41,7,1
2576,D20,D29,0.125,8,128,87,41,7,1
2577,D21,D29,0.142857143,7,129,88,41,6,1
2578,D22,D29,0,2,134,92,42,2,0
2579,D23,D29,0,2,134,92,42,2,0
2580,D24,D29,0.230769231,26,110,74,36,20,6
2581,D25,D29,0.25,4,132,91,41,3,1
2582,D26,D29,0,2,134,92,42,2,0
2583,D27,D29,0.6,5,131,92,39,2,3
2584,D28,D29,0.166666667,6,130,89,41,5,1
2585,D29,D29,1,42,94,94,0,0,42
2586,D3,D29,0,2,134,92,42,2,0
2587,D30,D29,0.629032258,62,74,71,3,23,39
2588,D31,D29,0.470588235,17,119,85,34,9,8
2589,D32,D29,0.891891892,37,99,90,9,4,33
2590,D33,D29,0.166666667,12,124,84,40,10,2
2591,D34,D29,0.333333333,3,133,92,41,2,1
2592,D35,D29,0,2,134,92,42,2,0
2593,D36,D29,0.5,8,128,90,38,4,4
2594,D37,D29,0.772727273,22,114,89,25,5,17
2595,D38,D29,0,3,133,91,42,3,0
2596,D39,D29,0.8,15,121,91,30,3,12
2597,D4,D29,0,4,132,90,42,4,0
2598,D40,D29,0.4,5,131,91,40,3,2
2599,D41,D29,0.857142857,7,129,93,36,1,6
2600,D42,D29,0,3,133,91,42,3,0
2601,D43,D29,0,3,133,91,42,3,0
2602,D44,D29,0.815789474,38,98,87,11,7,31
2603,D45,D29,0.25,12,124,85,39,9,3
2604,D46,D29,0.789473684,38,98,86,12,8,30
2605,D47,D29,0.25,12,124,85,39,9,3
2606,D48,D29,0.769230769,26,110,88,22,6,20
2607,D49,D29,0.307692308,13,123,85,38,9,4
2608,D5,D29,0.333333333,3,133,92,41,2,1
2609,D50,D29,0.5,2,134,93,41,1,1
2610,D51,D29,0,1,135,93,42,1,0
2611,D52,D29,0,2,134,92,42,2,0
2612,D53,D29,0,2,134,92,42,2,0
2613,D9,D29,0,1,135,93,42,1,0
2614,Fuma,D3,0.043478261,46,82,82,0,44,2
2615,Cirurgia_coluna,D3,0,55,63,62,1,55,0
2616,Aposentado,D3,0,31,101,99,2,31,0
2617,Desempregado,D3,0.04,25,105,104,1,24,1
2618,Licenca_Medica,D3,0,18,114,112,2,18,0
2619,Aposentado_Invalidez,D3,0.125,8,123,122,1,7,1
2620,Analgésicos,D3,0.022727273,88,42,42,0,86,2
2621,OutraDoenca,D3,0.04,50,80,80,0,48,2
2622,Dor_costas,D3,0.021978022,91,37,37,0,89,2
2623,Dor_pernas,D3,0.018181818,55,72,71,1,54,1
2624,Retornar_trabalho,D3,0.05,20,99,98,1,19,1
2625,Masc,D3,0.022727273,88,48,48,0,86,2
2626,Fem,D3,0,48,88,86,2,48,0
2627,Casado_Amasiado,D3,0,55,81,79,2,55,0
2628,Solteiro,D3,0.016949153,59,77,76,1,58,1
2629,Separado_Divorciado,D3,0,7,129,127,2,7,0
2630,X4,D3,0.333333333,3,133,132,1,2,1
2631,X5,D3,0,2,134,132,2,2,0
2632,X6,D3,0,10,126,124,2,10,0
2633,Livrar_costas,D3,0.011627907,86,14,14,0,85,1
2634,Livrar_perna,D3,0,14,86,85,1,14,0
2635,Livrar_perda_sens,D3,NaN,0,100,99,1,0,0
2636,D1,D3,0,1,135,133,2,1,0
2637,D15,D3,0,7,129,127,2,7,0
2638,D16,D3,0,20,116,114,2,20,0
2639,D17,D3,0,5,131,129,2,5,0
2640,D18,D3,0.0625,16,120,119,1,15,1
2641,D19,D3,0.285714286,7,129,129,0,5,2
2642,D2,D3,0.25,8,128,128,0,6,2
2643,D20,D3,0,8,128,126,2,8,0
2644,D21,D3,0,7,129,127,2,7,0
2645,D22,D3,0,2,134,132,2,2,0
2646,D23,D3,0,2,134,132,2,2,0
2647,D24,D3,0.038461538,26,110,109,1,25,1
2648,D25,D3,0,4,132,130,2,4,0
2649,D26,D3,0,2,134,132,2,2,0
2650,D27,D3,0,5,131,129,2,5,0
2651,D28,D3,0,6,130,128,2,6,0
2652,D29,D3,0,42,94,92,2,42,0
2653,D3,D3,1,2,134,134,0,0,2
2654,D30,D3,0.016129032,62,74,73,1,61,1
2655,D31,D3,0,17,119,117,2,17,0
2656,D32,D3,0,37,99,97,2,37,0
2657,D33,D3,0,12,124,122,2,12,0
2658,D34,D3,0,3,133,131,2,3,0
2659,D35,D3,0,2,134,132,2,2,0
2660,D36,D3,0,8,128,126,2,8,0
2661,D37,D3,0,22,114,112,2,22,0
2662,D38,D3,0,3,133,131,2,3,0
2663,D39,D3,0,15,121,119,2,15,0
2664,D4,D3,0.5,4,132,132,0,2,2
2665,D40,D3,0,5,131,129,2,5,0
2666,D41,D3,0,7,129,127,2,7,0
2667,D42,D3,0,3,133,131,2,3,0
2668,D43,D3,0,3,133,131,2,3,0
2669,D44,D3,0,38,98,96,2,38,0
2670,D45,D3,0,12,124,122,2,12,0
2671,D46,D3,0.026315789,38,98,97,1,37,1
2672,D47,D3,0.083333333,12,124,123,1,11,1
2673,D48,D3,0,26,110,108,2,26,0
2674,D49,D3,0,13,123,121,2,13,0
2675,D5,D3,0,3,133,131,2,3,0
2676,D50,D3,0,2,134,132,2,2,0
2677,D51,D3,0,1,135,133,2,1,0
2678,D52,D3,0,2,134,132,2,2,0
2679,D53,D3,0,2,134,132,2,2,0
2680,D9,D3,0,1,135,133,2,1,0
2681,Fuma,D30,0.369565217,46,82,40,42,29,17
2682,Cirurgia_coluna,D30,0.490909091,55,63,36,27,28,27
2683,Aposentado,D30,0.64516129,31,101,59,42,11,20
2684,Desempregado,D30,0.52,25,105,56,49,12,13
2685,Licenca_Medica,D30,0.555555556,18,114,62,52,8,10
2686,Aposentado_Invalidez,D30,0.875,8,123,69,54,1,7
2687,Analgésicos,D30,0.602272727,88,42,33,9,35,53
2688,OutraDoenca,D30,0.52,50,80,45,35,24,26
2689,Dor_costas,D30,0.615384615,91,37,32,5,35,56
2690,Dor_pernas,D30,0.727272727,55,72,51,21,15,40
2691,Retornar_trabalho,D30,0.85,20,99,60,39,3,17
2692,Masc,D30,0.477272727,88,48,28,20,46,42
2693,Fem,D30,0.416666667,48,88,46,42,28,20
2694,Casado_Amasiado,D30,0.527272727,55,81,48,33,26,29
2695,Solteiro,D30,0.406779661,59,77,39,38,35,24
2696,Separado_Divorciado,D30,0.428571429,7,129,70,59,4,3
2697,X4,D30,0,3,133,71,62,3,0
2698,X5,D30,0,2,134,72,62,2,0
2699,X6,D30,0.6,10,126,70,56,4,6
2700,Livrar_costas,D30,0.593023256,86,14,4,10,35,51
2701,Livrar_perna,D30,0.714285714,14,86,35,51,4,10
2702,Livrar_perda_sens,D30,NaN,0,100,39,61,0,0
2703,D1,D30,0,1,135,73,62,1,0
2704,D15,D30,0.285714286,7,129,69,60,5,2
2705,D16,D30,0.8,20,116,70,46,4,16
2706,D17,D30,0.2,5,131,70,61,4,1
2707,D18,D30,0.25,16,120,62,58,12,4
2708,D19,D30,0.571428571,7,129,71,58,3,4
2709,D2,D30,0.25,8,128,68,60,6,2
2710,D20,D30,0.625,8,128,71,57,3,5
2711,D21,D30,0.714285714,7,129,72,57,2,5
2712,D22,D30,0.5,2,134,73,61,1,1
2713,D23,D30,1,2,134,74,60,0,2
2714,D24,D30,0.5,26,110,61,49,13,13
2715,D25,D30,0.75,4,132,73,59,1,3
2716,D26,D30,0.5,2,134,73,61,1,1
2717,D27,D30,0.8,5,131,73,58,1,4
2718,D28,D30,0.5,6,130,71,59,3,3
2719,D29,D30,0.928571429,42,94,71,23,3,39
2720,D3,D30,0.5,2,134,73,61,1,1
2721,D30,D30,1,62,74,74,0,0,62
2722,D31,D30,0.647058824,17,119,68,51,6,11
2723,D32,D30,0.918918919,37,99,71,28,3,34
2724,D33,D30,0.75,12,124,71,53,3,9
2725,D34,D30,0,3,133,71,62,3,0
2726,D35,D30,0,2,134,72,62,2,0
2727,D36,D30,0.25,8,128,68,60,6,2
2728,D37,D30,0.681818182,22,114,67,47,7,15
2729,D38,D30,0,3,133,71,62,3,0
2730,D39,D30,0.8,15,121,71,50,3,12
2731,D4,D30,0.25,4,132,71,61,3,1
2732,D40,D30,0.2,5,131,70,61,4,1
2733,D41,D30,0.571428571,7,129,71,58,3,4
2734,D42,D30,0.333333333,3,133,72,61,2,1
2735,D43,D30,0.333333333,3,133,72,61,2,1
2736,D44,D30,0.868421053,38,98,69,29,5,33
2737,D45,D30,0.833333333,12,124,72,52,2,10
2738,D46,D30,0.868421053,38,98,69,29,5,33
2739,D47,D30,0.75,12,124,71,53,3,9
2740,D48,D30,0.884615385,26,110,71,39,3,23
2741,D49,D30,0.846153846,13,123,72,51,2,11
2742,D5,D30,0.333333333,3,133,72,61,2,1
2743,D50,D30,0,2,134,72,62,2,0
2744,D51,D30,0,1,135,73,62,1,0
2745,D52,D30,0,2,134,72,62,2,0
2746,D53,D30,0,2,134,72,62,2,0
2747,D9,D30,0,1,135,73,62,1,0
2748,Fuma,D31,0.173913043,46,82,74,8,38,8
2749,Cirurgia_coluna,D31,0.145454545,55,63,58,5,47,8
2750,Aposentado,D31,0.096774194,31,101,88,13,28,3
2751,Desempregado,D31,0.16,25,105,93,12,21,4
2752,Licenca_Medica,D31,0.222222222,18,114,102,12,14,4
2753,Aposentado_Invalidez,D31,0.125,8,123,108,15,7,1
2754,Analgésicos,D31,0.102272727,88,42,34,8,79,9
2755,OutraDoenca,D31,0.16,50,80,71,9,42,8
2756,Dor_costas,D31,0.153846154,91,37,34,3,77,14
2757,Dor_pernas,D31,0.2,55,72,66,6,44,11
2758,Retornar_trabalho,D31,0.15,20,99,86,13,17,3
2759,Masc,D31,0.113636364,88,48,41,7,78,10
2760,Fem,D31,0.145833333,48,88,78,10,41,7
2761,Casado_Amasiado,D31,0.090909091,55,81,69,12,50,5
2762,Solteiro,D31,0.169491525,59,77,70,7,49,10
2763,Separado_Divorciado,D31,0,7,129,112,17,7,0
2764,X4,D31,0.333333333,3,133,117,16,2,1
2765,X5,D31,0,2,134,117,17,2,0
2766,X6,D31,0.1,10,126,110,16,9,1
2767,Livrar_costas,D31,0.151162791,86,14,10,4,73,13
2768,Livrar_perna,D31,0.285714286,14,86,73,13,10,4
2769,Livrar_perda_sens,D31,NaN,0,100,83,17,0,0
2770,D1,D31,0,1,135,118,17,1,0
2771,D15,D31,0.571428571,7,129,116,13,3,4
2772,D16,D31,0.05,20,116,100,16,19,1
2773,D17,D31,0.2,5,131,115,16,4,1
2774,D18,D31,0.0625,16,120,104,16,15,1
2775,D19,D31,0,7,129,112,17,7,0
2776,D2,D31,0.125,8,128,112,16,7,1
2777,D20,D31,0,8,128,111,17,8,0
2778,D21,D31,0,7,129,112,17,7,0
2779,D22,D31,0,2,134,117,17,2,0
2780,D23,D31,0,2,134,117,17,2,0
2781,D24,D31,0.115384615,26,110,96,14,23,3
2782,D25,D31,0,4,132,115,17,4,0
2783,D26,D31,0.5,2,134,118,16,1,1
2784,D27,D31,0.2,5,131,115,16,4,1
2785,D28,D31,0.5,6,130,116,14,3,3
2786,D29,D31,0.19047619,42,94,85,9,34,8
2787,D3,D31,0,2,134,117,17,2,0
2788,D30,D31,0.177419355,62,74,68,6,51,11
2789,D31,D31,1,17,119,119,0,0,17
2790,D32,D31,0.081081081,37,99,85,14,34,3
2791,D33,D31,0.666666667,12,124,115,9,4,8
2792,D34,D31,0.333333333,3,133,117,16,2,1
2793,D35,D31,0,2,134,117,17,2,0
2794,D36,D31,0.375,8,128,114,14,5,3
2795,D37,D31,0.045454545,22,114,98,16,21,1
2796,D38,D31,0.666666667,3,133,118,15,1,2
2797,D39,D31,0,15,121,104,17,15,0
2798,D4,D31,0,4,132,115,17,4,0
2799,D40,D31,0.6,5,131,117,14,2,3
2800,D41,D31,0.142857143,7,129,113,16,6,1
2801,D42,D31,0,3,133,116,17,3,0
2802,D43,D31,0,3,133,116,17,3,0
2803,D44,D31,0.105263158,38,98,85,13,34,4
2804,D45,D31,0.583333333,12,124,114,10,5,7
2805,D46,D31,0.105263158,38,98,85,13,34,4
2806,D47,D31,0.666666667,12,124,115,9,4,8
2807,D48,D31,0.038461538,26,110,94,16,25,1
2808,D49,D31,0.538461538,13,123,113,10,6,7
2809,D5,D31,0.333333333,3,133,117,16,2,1
2810,D50,D31,0.5,2,134,118,16,1,1
2811,D51,D31,0,1,135,118,17,1,0
2812,D52,D31,0,2,134,117,17,2,0
2813,D53,D31,0,2,134,117,17,2,0
2814,D9,D31,0,1,135,118,17,1,0
2815,Fuma,D32,0.239130435,46,82,57,25,35,11
2816,Cirurgia_coluna,D32,0.272727273,55,63,46,17,40,15
2817,Aposentado,D32,0.322580645,31,101,74,27,21,10
2818,Desempregado,D32,0.12,25,105,71,34,22,3
2819,Licenca_Medica,D32,0.333333333,18,114,83,31,12,6
2820,Aposentado_Invalidez,D32,0.5,8,123,91,32,4,4
2821,Analgésicos,D32,0.375,88,42,38,4,55,33
2822,OutraDoenca,D32,0.3,50,80,59,21,35,15
2823,Dor_costas,D32,0.362637363,91,37,34,3,58,33
2824,Dor_pernas,D32,0.545454545,55,72,66,6,25,30
2825,Retornar_trabalho,D32,0.35,20,99,73,26,13,7
2826,Masc,D32,0.318181818,88,48,39,9,60,28
2827,Fem,D32,0.1875,48,88,60,28,39,9
2828,Casado_Amasiado,D32,0.327272727,55,81,62,19,37,18
2829,Solteiro,D32,0.220338983,59,77,53,24,46,13
2830,Separado_Divorciado,D32,0.285714286,7,129,94,35,5,2
2831,X4,D32,0,3,133,96,37,3,0
2832,X5,D32,0,2,134,97,37,2,0
2833,X6,D32,0.4,10,126,93,33,6,4
2834,Livrar_costas,D32,0.337209302,86,14,7,7,57,29
2835,Livrar_perna,D32,0.5,14,86,57,29,7,7
2836,Livrar_perda_sens,D32,NaN,0,100,64,36,0,0
2837,D1,D32,0,1,135,98,37,1,0
2838,D15,D32,0.142857143,7,129,93,36,6,1
2839,D16,D32,0.85,20,116,96,20,3,17
2840,D17,D32,0.2,5,131,95,36,4,1
2841,D18,D32,0.0625,16,120,84,36,15,1
2842,D19,D32,0.142857143,7,129,93,36,6,1
2843,D2,D32,0,8,128,91,37,8,0
2844,D20,D32,0,8,128,91,37,8,0
2845,D21,D32,0.142857143,7,129,93,36,6,1
2846,D22,D32,0,2,134,97,37,2,0
2847,D23,D32,0,2,134,97,37,2,0
2848,D24,D32,0.153846154,26,110,77,33,22,4
2849,D25,D32,0,4,132,95,37,4,0
2850,D26,D32,0,2,134,97,37,2,0
2851,D27,D32,0.4,5,131,96,35,3,2
2852,D28,D32,0,6,130,93,37,6,0
2853,D29,D32,0.785714286,42,94,90,4,9,33
2854,D3,D32,0,2,134,97,37,2,0
2855,D30,D32,0.548387097,62,74,71,3,28,34
2856,D31,D32,0.176470588,17,119,85,34,14,3
2857,D32,D32,1,37,99,99,0,0,37
2858,D33,D32,0.25,12,124,90,34,9,3
2859,D34,D32,0,3,133,96,37,3,0
2860,D35,D32,0,2,134,97,37,2,0
2861,D36,D32,0.125,8,128,92,36,7,1
2862,D37,D32,0.727272727,22,114,93,21,6,16
2863,D38,D32,0,3,133,96,37,3,0
2864,D39,D32,0.866666667,15,121,97,24,2,13
2865,D4,D32,0,4,132,95,37,4,0
2866,D40,D32,0,5,131,94,37,5,0
2867,D41,D32,0.571428571,7,129,96,33,3,4
2868,D42,D32,0.333333333,3,133,97,36,2,1
2869,D43,D32,0,3,133,96,37,3,0
2870,D44,D32,0.842105263,38,98,93,5,6,32
2871,D45,D32,0.25,12,124,90,34,9,3
2872,D46,D32,0.789473684,38,98,91,7,8,30
2873,D47,D32,0.166666667,12,124,89,35,10,2
2874,D48,D32,0.807692308,26,110,94,16,5,21
2875,D49,D32,0.307692308,13,123,90,33,9,4
2876,D5,D32,0,3,133,96,37,3,0
2877,D50,D32,0,2,134,97,37,2,0
2878,D51,D32,0,1,135,98,37,1,0
2879,D52,D32,0.5,2,134,98,36,1,1
2880,D53,D32,0,2,134,97,37,2,0
2881,D9,D32,0,1,135,98,37,1,0
2882,Fuma,D33,0.086956522,46,82,75,7,42,4
2883,Cirurgia_coluna,D33,0.072727273,55,63,58,5,51,4
2884,Aposentado,D33,0.032258065,31,101,91,10,30,1
2885,Desempregado,D33,0.04,25,105,95,10,24,1
2886,Licenca_Medica,D33,0,18,114,103,11,18,0
2887,Aposentado_Invalidez,D33,0,8,123,113,10,8,0
2888,Analgésicos,D33,0.090909091,88,42,38,4,80,8
2889,OutraDoenca,D33,0.08,50,80,72,8,46,4
2890,Dor_costas,D33,0.098901099,91,37,34,3,82,9
2891,Dor_pernas,D33,0.163636364,55,72,69,3,46,9
2892,Retornar_trabalho,D33,0.05,20,99,90,9,19,1
2893,Masc,D33,0.079545455,88,48,43,5,81,7
2894,Fem,D33,0.104166667,48,88,81,7,43,5
2895,Casado_Amasiado,D33,0.072727273,55,81,73,8,51,4
2896,Solteiro,D33,0.118644068,59,77,72,5,52,7
2897,Separado_Divorciado,D33,0,7,129,117,12,7,0
2898,X4,D33,0.333333333,3,133,122,11,2,1
2899,X5,D33,0,2,134,122,12,2,0
2900,X6,D33,0,10,126,114,12,10,0
2901,Livrar_costas,D33,0.093023256,86,14,10,4,78,8
2902,Livrar_perna,D33,0.285714286,14,86,78,8,10,4
2903,Livrar_perda_sens,D33,NaN,0,100,88,12,0,0
2904,D1,D33,0,1,135,123,12,1,0
2905,D15,D33,0.285714286,7,129,119,10,5,2
2906,D16,D33,0.05,20,116,105,11,19,1
2907,D17,D33,0,5,131,119,12,5,0
2908,D18,D33,0,16,120,108,12,16,0
2909,D19,D33,0,7,129,117,12,7,0
2910,D2,D33,0,8,128,116,12,8,0
2911,D20,D33,0,8,128,116,12,8,0
2912,D21,D33,0.285714286,7,129,119,10,5,2
2913,D22,D33,0,2,134,122,12,2,0
2914,D23,D33,0,2,134,122,12,2,0
2915,D24,D33,0.038461538,26,110,99,11,25,1
2916,D25,D33,0,4,132,120,12,4,0
2917,D26,D33,0,2,134,122,12,2,0
2918,D27,D33,0,5,131,119,12,5,0
2919,D28,D33,0,6,130,118,12,6,0
2920,D29,D33,0.047619048,42,94,84,10,40,2
2921,D3,D33,0,2,134,122,12,2,0
2922,D30,D33,0.14516129,62,74,71,3,53,9
2923,D31,D33,0.470588235,17,119,115,4,9,8
2924,D32,D33,0.081081081,37,99,90,9,34,3
2925,D33,D33,1,12,124,124,0,0,12
2926,D34,D33,0,3,133,121,12,3,0
2927,D35,D33,0,2,134,122,12,2,0
2928,D36,D33,0.25,8,128,118,10,6,2
2929,D37,D33,0,22,114,102,12,22,0
2930,D38,D33,0.666666667,3,133,123,10,1,2
2931,D39,D33,0,15,121,109,12,15,0
2932,D4,D33,0,4,132,120,12,4,0
2933,D40,D33,0.4,5,131,121,10,3,2
2934,D41,D33,0,7,129,117,12,7,0
2935,D42,D33,0,3,133,121,12,3,0
2936,D43,D33,0,3,133,121,12,3,0
2937,D44,D33,0.078947368,38,98,89,9,35,3
2938,D45,D33,0.666666667,12,124,120,4,4,8
2939,D46,D33,0.078947368,38,98,89,9,35,3
2940,D47,D33,0.583333333,12,124,119,5,5,7
2941,D48,D33,0.038461538,26,110,99,11,25,1
2942,D49,D33,0.692307692,13,123,120,3,4,9
2943,D5,D33,0,3,133,121,12,3,0
2944,D50,D33,0,2,134,122,12,2,0
2945,D51,D33,0,1,135,123,12,1,0
2946,D52,D33,0,2,134,122,12,2,0
2947,D53,D33,0,2,134,122,12,2,0
2948,D9,D33,0,1,135,123,12,1,0
2949,Fuma,D34,0.065217391,46,82,82,0,43,3
2950,Cirurgia_coluna,D34,0.036363636,55,63,63,0,53,2
2951,Aposentado,D34,0.032258065,31,101,99,2,30,1
2952,Desempregado,D34,0.08,25,105,104,1,23,2
2953,Licenca_Medica,D34,0.111111111,18,114,113,1,16,2
2954,Aposentado_Invalidez,D34,0,8,123,120,3,8,0
2955,Analgésicos,D34,0.022727273,88,42,41,1,86,2
2956,OutraDoenca,D34,0.02,50,80,78,2,49,1
2957,Dor_costas,D34,0.021978022,91,37,36,1,89,2
2958,Dor_pernas,D34,0.018181818,55,72,70,2,54,1
2959,Retornar_trabalho,D34,0,20,99,96,3,20,0
2960,Masc,D34,0.011363636,88,48,46,2,87,1
2961,Fem,D34,0.041666667,48,88,87,1,46,2
2962,Casado_Amasiado,D34,0.018181818,55,81,79,2,54,1
2963,Solteiro,D34,0.033898305,59,77,76,1,57,2
2964,Separado_Divorciado,D34,0,7,129,126,3,7,0
2965,X4,D34,0,3,133,130,3,3,0
2966,X5,D34,0,2,134,131,3,2,0
2967,X6,D34,0,10,126,123,3,10,0
2968,Livrar_costas,D34,0.023255814,86,14,14,0,84,2
2969,Livrar_perna,D34,0,14,86,84,2,14,0
2970,Livrar_perda_sens,D34,NaN,0,100,98,2,0,0
2971,D1,D34,0,1,135,132,3,1,0
2972,D15,D34,0.142857143,7,129,127,2,6,1
2973,D16,D34,0.05,20,116,114,2,19,1
2974,D17,D34,0,5,131,128,3,5,0
2975,D18,D34,0,16,120,117,3,16,0
2976,D19,D34,0,7,129,126,3,7,0
2977,D2,D34,0.25,8,128,127,1,6,2
2978,D20,D34,0,8,128,125,3,8,0
2979,D21,D34,0,7,129,126,3,7,0
2980,D22,D34,0,2,134,131,3,2,0
2981,D23,D34,0,2,134,131,3,2,0
2982,D24,D34,0.038461538,26,110,108,2,25,1
2983,D25,D34,0,4,132,129,3,4,0
2984,D26,D34,0,2,134,131,3,2,0
2985,D27,D34,0,5,131,128,3,5,0
2986,D28,D34,0,6,130,127,3,6,0
2987,D29,D34,0.023809524,42,94,92,2,41,1
2988,D3,D34,0,2,134,131,3,2,0
2989,D30,D34,0,62,74,71,3,62,0
2990,D31,D34,0.058823529,17,119,117,2,16,1
2991,D32,D34,0,37,99,96,3,37,0
2992,D33,D34,0,12,124,121,3,12,0
2993,D34,D34,1,3,133,133,0,0,3
2994,D35,D34,0.5,2,134,132,2,1,1
2995,D36,D34,0,8,128,125,3,8,0
2996,D37,D34,0.045454545,22,114,112,2,21,1
2997,D38,D34,0,3,133,130,3,3,0
2998,D39,D34,0,15,121,118,3,15,0
2999,D4,D34,0.25,4,132,130,2,3,1
3000,D40,D34,0,5,131,128,3,5,0
3001,D41,D34,0,7,129,126,3,7,0
3002,D42,D34,0,3,133,130,3,3,0
3003,D43,D34,0.333333333,3,133,131,2,2,1
3004,D44,D34,0,38,98,95,3,38,0
3005,D45,D34,0,12,124,121,3,12,0
3006,D46,D34,0,38,98,95,3,38,0
3007,D47,D34,0,12,124,121,3,12,0
3008,D48,D34,0,26,110,107,3,26,0
3009,D49,D34,0,13,123,120,3,13,0
3010,D5,D34,0.666666667,3,133,132,1,1,2
3011,D50,D34,1,2,134,133,1,0,2
3012,D51,D34,1,1,135,133,2,0,1
3013,D52,D34,0.5,2,134,132,2,1,1
3014,D53,D34,0.5,2,134,132,2,1,1
3015,D9,D34,1,1,135,133,2,0,1
3016,Fuma,D35,0.043478261,46,82,82,0,44,2
3017,Cirurgia_coluna,D35,0.036363636,55,63,63,0,53,2
3018,Aposentado,D35,0.032258065,31,101,100,1,30,1
3019,Desempregado,D35,0.08,25,105,105,0,23,2
3020,Licenca_Medica,D35,0.055555556,18,114,113,1,17,1
3021,Aposentado_Invalidez,D35,0,8,123,121,2,8,0
3022,Analgésicos,D35,0.022727273,88,42,42,0,86,2
3023,OutraDoenca,D35,0.02,50,80,79,1,49,1
3024,Dor_costas,D35,0.021978022,91,37,37,0,89,2
3025,Dor_pernas,D35,0.018181818,55,72,71,1,54,1
3026,Retornar_trabalho,D35,0,20,99,97,2,20,0
3027,Masc,D35,0.022727273,88,48,48,0,86,2
3028,Fem,D35,0,48,88,86,2,48,0
3029,Casado_Amasiado,D35,0,55,81,79,2,55,0
3030,Solteiro,D35,0.033898305,59,77,77,0,57,2
3031,Separado_Divorciado,D35,0,7,129,127,2,7,0
3032,X4,D35,0,3,133,131,2,3,0
3033,X5,D35,0,2,134,132,2,2,0
3034,X6,D35,0,10,126,124,2,10,0
3035,Livrar_costas,D35,0.011627907,86,14,14,0,85,1
3036,Livrar_perna,D35,0,14,86,85,1,14,0
3037,Livrar_perda_sens,D35,NaN,0,100,99,1,0,0
3038,D1,D35,0,1,135,133,2,1,0
3039,D15,D35,0.142857143,7,129,128,1,6,1
3040,D16,D35,0.05,20,116,115,1,19,1
3041,D17,D35,0,5,131,129,2,5,0
3042,D18,D35,0.0625,16,120,119,1,15,1
3043,D19,D35,0,7,129,127,2,7,0
3044,D2,D35,0.125,8,128,127,1,7,1
3045,D20,D35,0,8,128,126,2,8,0
3046,D21,D35,0,7,129,127,2,7,0
3047,D22,D35,0,2,134,132,2,2,0
3048,D23,D35,0,2,134,132,2,2,0
3049,D24,D35,0,26,110,108,2,26,0
3050,D25,D35,0,4,132,130,2,4,0
3051,D26,D35,0,2,134,132,2,2,0
3052,D27,D35,0,5,131,129,2,5,0
3053,D28,D35,0,6,130,128,2,6,0
3054,D29,D35,0,42,94,92,2,42,0
3055,D3,D35,0,2,134,132,2,2,0
3056,D30,D35,0,62,74,72,2,62,0
3057,D31,D35,0,17,119,117,2,17,0
3058,D32,D35,0,37,99,97,2,37,0
3059,D33,D35,0,12,124,122,2,12,0
3060,D34,D35,0.333333333,3,133,132,1,2,1
3061,D35,D35,1,2,134,134,0,0,2
3062,D36,D35,0,8,128,126,2,8,0
3063,D37,D35,0.045454545,22,114,113,1,21,1
3064,D38,D35,0,3,133,131,2,3,0
3065,D39,D35,0,15,121,119,2,15,0
3066,D4,D35,0.5,4,132,132,0,2,2
3067,D40,D35,0,5,131,129,2,5,0
3068,D41,D35,0,7,129,127,2,7,0
3069,D42,D35,0,3,133,131,2,3,0
3070,D43,D35,0,3,133,131,2,3,0
3071,D44,D35,0,38,98,96,2,38,0
3072,D45,D35,0,12,124,122,2,12,0
3073,D46,D35,0,38,98,96,2,38,0
3074,D47,D35,0,12,124,122,2,12,0
3075,D48,D35,0,26,110,108,2,26,0
3076,D49,D35,0,13,123,121,2,13,0
3077,D5,D35,0.333333333,3,133,132,1,2,1
3078,D50,D35,0,2,134,132,2,2,0
3079,D51,D35,1,1,135,134,1,0,1
3080,D52,D35,0,2,134,132,2,2,0
3081,D53,D35,0,2,134,132,2,2,0
3082,D9,D35,1,1,135,134,1,0,1
3083,Fuma,D36,0.086956522,46,82,80,2,42,4
3084,Cirurgia_coluna,D36,0.109090909,55,63,63,0,49,6
3085,Aposentado,D36,0.064516129,31,101,96,5,29,2
3086,Desempregado,D36,0.08,25,105,100,5,23,2
3087,Licenca_Medica,D36,0.166666667,18,114,110,4,15,3
3088,Aposentado_Invalidez,D36,0,8,123,116,7,8,0
3089,Analgésicos,D36,0.034090909,88,42,37,5,85,3
3090,OutraDoenca,D36,0.06,50,80,75,5,47,3
3091,Dor_costas,D36,0.043956044,91,37,33,4,87,4
3092,Dor_pernas,D36,0.090909091,55,72,69,3,50,5
3093,Retornar_trabalho,D36,0,20,99,91,8,20,0
3094,Masc,D36,0.056818182,88,48,45,3,83,5
3095,Fem,D36,0.0625,48,88,83,5,45,3
3096,Casado_Amasiado,D36,0.072727273,55,81,77,4,51,4
3097,Solteiro,D36,0.050847458,59,77,72,5,56,3
3098,Separado_Divorciado,D36,0,7,129,121,8,7,0
3099,X4,D36,0.333333333,3,133,126,7,2,1
3100,X5,D36,0,2,134,126,8,2,0
3101,X6,D36,0,10,126,118,8,10,0
3102,Livrar_costas,D36,0.046511628,86,14,11,3,82,4
3103,Livrar_perna,D36,0.214285714,14,86,82,4,11,3
3104,Livrar_perda_sens,D36,NaN,0,100,93,7,0,0
3105,D1,D36,0,1,135,127,8,1,0
3106,D15,D36,0.714285714,7,129,126,3,2,5
3107,D16,D36,0.05,20,116,109,7,19,1
3108,D17,D36,0.4,5,131,125,6,3,2
3109,D18,D36,0.125,16,120,114,6,14,2
3110,D19,D36,0,7,129,121,8,7,0
3111,D2,D36,0,8,128,120,8,8,0
3112,D20,D36,0,8,128,120,8,8,0
3113,D21,D36,0,7,129,121,8,7,0
3114,D22,D36,0,2,134,126,8,2,0
3115,D23,D36,0,2,134,126,8,2,0
3116,D24,D36,0,26,110,102,8,26,0
3117,D25,D36,0,4,132,124,8,4,0
3118,D26,D36,0,2,134,126,8,2,0
3119,D27,D36,0,5,131,123,8,5,0
3120,D28,D36,0,6,130,122,8,6,0
3121,D29,D36,0.095238095,42,94,90,4,38,4
3122,D3,D36,0,2,134,126,8,2,0
3123,D30,D36,0.032258065,62,74,68,6,60,2
3124,D31,D36,0.176470588,17,119,114,5,14,3
3125,D32,D36,0.027027027,37,99,92,7,36,1
3126,D33,D36,0.166666667,12,124,118,6,10,2
3127,D34,D36,0,3,133,125,8,3,0
3128,D35,D36,0,2,134,126,8,2,0
3129,D36,D36,1,8,128,128,0,0,8
3130,D37,D36,0.227272727,22,114,111,3,17,5
3131,D38,D36,1,3,133,128,5,0,3
3132,D39,D36,0.133333333,15,121,115,6,13,2
3133,D4,D36,0,4,132,124,8,4,0
3134,D40,D36,1,5,131,128,3,0,5
3135,D41,D36,0.571428571,7,129,125,4,3,4
3136,D42,D36,0,3,133,125,8,3,0
3137,D43,D36,0,3,133,125,8,3,0
3138,D44,D36,0.078947368,38,98,93,5,35,3
3139,D45,D36,0.166666667,12,124,118,6,10,2
3140,D46,D36,0.078947368,38,98,93,5,35,3
3141,D47,D36,0.25,12,124,119,5,9,3
3142,D48,D36,0.038461538,26,110,103,7,25,1
3143,D49,D36,0.153846154,13,123,117,6,11,2
3144,D5,D36,0,3,133,125,8,3,0
3145,D50,D36,0,2,134,126,8,2,0
3146,D51,D36,0,1,135,127,8,1,0
3147,D52,D36,0,2,134,126,8,2,0
3148,D53,D36,0,2,134,126,8,2,0
3149,D9,D36,0,1,135,127,8,1,0
3150,Fuma,D37,0.173913043,46,82,70,12,38,8
3151,Cirurgia_coluna,D37,0.181818182,55,63,54,9,45,10
3152,Aposentado,D37,0.290322581,31,101,88,13,22,9
3153,Desempregado,D37,0.12,25,105,86,19,22,3
3154,Licenca_Medica,D37,0.333333333,18,114,98,16,12,6
3155,Aposentado_Invalidez,D37,0.25,8,123,103,20,6,2
3156,Analgésicos,D37,0.204545455,88,42,38,4,70,18
3157,OutraDoenca,D37,0.16,50,80,66,14,42,8
3158,Dor_costas,D37,0.208791209,91,37,34,3,72,19
3159,Dor_pernas,D37,0.345454545,55,72,69,3,36,19
3160,Retornar_trabalho,D37,0.35,20,99,86,13,13,7
3161,Masc,D37,0.193181818,88,48,43,5,71,17
3162,Fem,D37,0.104166667,48,88,71,17,43,5
3163,Casado_Amasiado,D37,0.2,55,81,70,11,44,11
3164,Solteiro,D37,0.118644068,59,77,62,15,52,7
3165,Separado_Divorciado,D37,0.142857143,7,129,108,21,6,1
3166,X4,D37,0,3,133,111,22,3,0
3167,X5,D37,0,2,134,112,22,2,0
3168,X6,D37,0.3,10,126,107,19,7,3
3169,Livrar_costas,D37,0.197674419,86,14,11,3,69,17
3170,Livrar_perna,D37,0.214285714,14,86,69,17,11,3
3171,Livrar_perda_sens,D37,NaN,0,100,80,20,0,0
3172,D1,D37,0,1,135,113,22,1,0
3173,D15,D37,0.571428571,7,129,111,18,3,4
3174,D16,D37,0.9,20,116,112,4,2,18
3175,D17,D37,0.6,5,131,112,19,2,3
3176,D18,D37,0.1875,16,120,101,19,13,3
3177,D19,D37,0.142857143,7,129,108,21,6,1
3178,D2,D37,0.125,8,128,107,21,7,1
3179,D20,D37,0,8,128,106,22,8,0
3180,D21,D37,0.142857143,7,129,108,21,6,1
3181,D22,D37,0,2,134,112,22,2,0
3182,D23,D37,0,2,134,112,22,2,0
3183,D24,D37,0.076923077,26,110,90,20,24,2
3184,D25,D37,0,4,132,110,22,4,0
3185,D26,D37,0,2,134,112,22,2,0
3186,D27,D37,0.2,5,131,110,21,4,1
3187,D28,D37,0,6,130,108,22,6,0
3188,D29,D37,0.404761905,42,94,89,5,25,17
3189,D3,D37,0,2,134,112,22,2,0
3190,D30,D37,0.241935484,62,74,67,7,47,15
3191,D31,D37,0.058823529,17,119,98,21,16,1
3192,D32,D37,0.432432432,37,99,93,6,21,16
3193,D33,D37,0,12,124,102,22,12,0
3194,D34,D37,0.333333333,3,133,112,21,2,1
3195,D35,D37,0.5,2,134,113,21,1,1
3196,D36,D37,0.625,8,128,111,17,3,5
3197,D37,D37,1,22,114,114,0,0,22
3198,D38,D37,0.333333333,3,133,112,21,2,1
3199,D39,D37,1,15,121,114,7,0,15
3200,D4,D37,0.25,4,132,111,21,3,1
3201,D40,D37,0.6,5,131,112,19,2,3
3202,D41,D37,1,7,129,114,15,0,7
3203,D42,D37,0,3,133,111,22,3,0
3204,D43,D37,0,3,133,111,22,3,0
3205,D44,D37,0.421052632,38,98,92,6,22,16
3206,D45,D37,0.083333333,12,124,103,21,11,1
3207,D46,D37,0.447368421,38,98,93,5,21,17
3208,D47,D37,0.083333333,12,124,103,21,11,1
3209,D48,D37,0.576923077,26,110,103,7,11,15
3210,D49,D37,0,13,123,101,22,13,0
3211,D5,D37,0.333333333,3,133,112,21,2,1
3212,D50,D37,0,2,134,112,22,2,0
3213,D51,D37,1,1,135,114,21,0,1
3214,D52,D37,0,2,134,112,22,2,0
3215,D53,D37,0,2,134,112,22,2,0
3216,D9,D37,1,1,135,114,21,0,1
3217,Fuma,D38,0.065217391,46,82,82,0,43,3
3218,Cirurgia_coluna,D38,0.036363636,55,63,63,0,53,2
3219,Aposentado,D38,0,31,101,99,2,31,0
3220,Desempregado,D38,0,25,105,103,2,25,0
3221,Licenca_Medica,D38,0.055555556,18,114,113,1,17,1
3222,Aposentado_Invalidez,D38,0,8,123,121,2,8,0
3223,Analgésicos,D38,0.011363636,88,42,40,2,87,1
3224,OutraDoenca,D38,0.02,50,80,78,2,49,1
3225,Dor_costas,D38,0,91,37,34,3,91,0
3226,Dor_pernas,D38,0.054545455,55,72,72,0,52,3
3227,Retornar_trabalho,D38,0,20,99,96,3,20,0
3228,Masc,D38,0.011363636,88,48,46,2,87,1
3229,Fem,D38,0.041666667,48,88,87,1,46,2
3230,Casado_Amasiado,D38,0,55,81,78,3,55,0
3231,Solteiro,D38,0.033898305,59,77,76,1,57,2
3232,Separado_Divorciado,D38,0,7,129,126,3,7,0
3233,X4,D38,0.333333333,3,133,131,2,2,1
3234,X5,D38,0,2,134,131,3,2,0
3235,X6,D38,0,10,126,123,3,10,0
3236,Livrar_costas,D38,0,86,14,11,3,86,0
3237,Livrar_perna,D38,0.214285714,14,86,86,0,11,3
3238,Livrar_perda_sens,D38,NaN,0,100,97,3,0,0
3239,D1,D38,0,1,135,132,3,1,0
3240,D15,D38,0.285714286,7,129,128,1,5,2
3241,D16,D38,0,20,116,113,3,20,0
3242,D17,D38,0,5,131,128,3,5,0
3243,D18,D38,0,16,120,117,3,16,0
3244,D19,D38,0,7,129,126,3,7,0
3245,D2,D38,0,8,128,125,3,8,0
3246,D20,D38,0,8,128,125,3,8,0
3247,D21,D38,0,7,129,126,3,7,0
3248,D22,D38,0,2,134,131,3,2,0
3249,D23,D38,0,2,134,131,3,2,0
3250,D24,D38,0,26,110,107,3,26,0
3251,D25,D38,0,4,132,129,3,4,0
3252,D26,D38,0,2,134,131,3,2,0
3253,D27,D38,0,5,131,128,3,5,0
3254,D28,D38,0,6,130,127,3,6,0
3255,D29,D38,0,42,94,91,3,42,0
3256,D3,D38,0,2,134,131,3,2,0
3257,D30,D38,0,62,74,71,3,62,0
3258,D31,D38,0.117647059,17,119,118,1,15,2
3259,D32,D38,0,37,99,96,3,37,0
3260,D33,D38,0.166666667,12,124,123,1,10,2
3261,D34,D38,0,3,133,130,3,3,0
3262,D35,D38,0,2,134,131,3,2,0
3263,D36,D38,0.375,8,128,128,0,5,3
3264,D37,D38,0.045454545,22,114,112,2,21,1
3265,D38,D38,1,3,133,133,0,0,3
3266,D39,D38,0.066666667,15,121,119,2,14,1
3267,D4,D38,0,4,132,129,3,4,0
3268,D40,D38,0.6,5,131,131,0,2,3
3269,D41,D38,0.142857143,7,129,127,2,6,1
3270,D42,D38,0,3,133,130,3,3,0
3271,D43,D38,0,3,133,130,3,3,0
3272,D44,D38,0.026315789,38,98,96,2,37,1
3273,D45,D38,0.166666667,12,124,123,1,10,2
3274,D46,D38,0.026315789,38,98,96,2,37,1
3275,D47,D38,0.25,12,124,124,0,9,3
3276,D48,D38,0,26,110,107,3,26,0
3277,D49,D38,0.153846154,13,123,122,1,11,2
3278,D5,D38,0,3,133,130,3,3,0
3279,D50,D38,0,2,134,131,3,2,0
3280,D51,D38,0,1,135,132,3,1,0
3281,D52,D38,0,2,134,131,3,2,0
3282,D53,D38,0,2,134,131,3,2,0
3283,D9,D38,0,1,135,132,3,1,0
3284,Fuma,D39,0.108695652,46,82,72,10,41,5
3285,Cirurgia_coluna,D39,0.109090909,55,63,55,8,49,6
3286,Aposentado,D39,0.225806452,31,101,93,8,24,7
3287,Desempregado,D39,0.04,25,105,91,14,24,1
3288,Licenca_Medica,D39,0.055555556,18,114,100,14,17,1
3289,Aposentado_Invalidez,D39,0.125,8,123,109,14,7,1
3290,Analgésicos,D39,0.159090909,88,42,41,1,74,14
3291,OutraDoenca,D39,0.14,50,80,72,8,43,7
3292,Dor_costas,D39,0.131868132,91,37,34,3,79,12
3293,Dor_pernas,D39,0.236363636,55,72,70,2,42,13
3294,Retornar_trabalho,D39,0.25,20,99,90,9,15,5
3295,Masc,D39,0.125,88,48,44,4,77,11
3296,Fem,D39,0.083333333,48,88,77,11,44,4
3297,Casado_Amasiado,D39,0.145454545,55,81,74,7,47,8
3298,Solteiro,D39,0.050847458,59,77,65,12,56,3
3299,Separado_Divorciado,D39,0.142857143,7,129,115,14,6,1
3300,X4,D39,0,3,133,118,15,3,0
3301,X5,D39,0,2,134,119,15,2,0
3302,X6,D39,0.3,10,126,114,12,7,3
3303,Livrar_costas,D39,0.127906977,86,14,11,3,75,11
3304,Livrar_perna,D39,0.214285714,14,86,75,11,11,3
3305,Livrar_perda_sens,D39,NaN,0,100,86,14,0,0
3306,D1,D39,0,1,135,120,15,1,0
3307,D15,D39,0,7,129,114,15,7,0
3308,D16,D39,0.65,20,116,114,2,7,13
3309,D17,D39,0.2,5,131,117,14,4,1
3310,D18,D39,0.0625,16,120,106,14,15,1
3311,D19,D39,0.142857143,7,129,115,14,6,1
3312,D2,D39,0,8,128,113,15,8,0
3313,D20,D39,0,8,128,113,15,8,0
3314,D21,D39,0.142857143,7,129,115,14,6,1
3315,D22,D39,0,2,134,119,15,2,0
3316,D23,D39,0,2,134,119,15,2,0
3317,D24,D39,0.038461538,26,110,96,14,25,1
3318,D25,D39,0,4,132,117,15,4,0
3319,D26,D39,0,2,134,119,15,2,0
3320,D27,D39,0,5,131,116,15,5,0
3321,D28,D39,0,6,130,115,15,6,0
3322,D29,D39,0.285714286,42,94,91,3,30,12
3323,D3,D39,0,2,134,119,15,2,0
3324,D30,D39,0.193548387,62,74,71,3,50,12
3325,D31,D39,0,17,119,104,15,17,0
3326,D32,D39,0.351351351,37,99,97,2,24,13
3327,D33,D39,0,12,124,109,15,12,0
3328,D34,D39,0,3,133,118,15,3,0
3329,D35,D39,0,2,134,119,15,2,0
3330,D36,D39,0.25,8,128,115,13,6,2
3331,D37,D39,0.681818182,22,114,114,0,7,15
3332,D38,D39,0.333333333,3,133,119,14,2,1
3333,D39,D39,1,15,121,121,0,0,15
3334,D4,D39,0,4,132,117,15,4,0
3335,D40,D39,0.2,5,131,117,14,4,1
3336,D41,D39,0.571428571,7,129,118,11,3,4
3337,D42,D39,0,3,133,118,15,3,0
3338,D43,D39,0,3,133,118,15,3,0
3339,D44,D39,0.342105263,38,98,96,2,25,13
3340,D45,D39,0.083333333,12,124,110,14,11,1
3341,D46,D39,0.394736842,38,98,98,0,23,15
3342,D47,D39,0.083333333,12,124,110,14,11,1
3343,D48,D39,0.461538462,26,110,107,3,14,12
3344,D49,D39,0,13,123,108,15,13,0
3345,D5,D39,0,3,133,118,15,3,0
3346,D50,D39,0,2,134,119,15,2,0
3347,D51,D39,0,1,135,120,15,1,0
3348,D52,D39,0,2,134,119,15,2,0
3349,D53,D39,0,2,134,119,15,2,0
3350,D9,D39,0,1,135,120,15,1,0
3351,Fuma,D4,0.086956522,46,82,82,0,42,4
3352,Cirurgia_coluna,D4,0.036363636,55,63,62,1,53,2
3353,Aposentado,D4,0.032258065,31,101,98,3,30,1
3354,Desempregado,D4,0.12,25,105,104,1,22,3
3355,Licenca_Medica,D4,0.055555556,18,114,111,3,17,1
3356,Aposentado_Invalidez,D4,0.125,8,123,120,3,7,1
3357,Analgésicos,D4,0.045454545,88,42,42,0,84,4
3358,OutraDoenca,D4,0.06,50,80,79,1,47,3
3359,Dor_costas,D4,0.043956044,91,37,37,0,87,4
3360,Dor_pernas,D4,0.036363636,55,72,70,2,53,2
3361,Retornar_trabalho,D4,0.05,20,99,96,3,19,1
3362,Masc,D4,0.045454545,88,48,48,0,84,4
3363,Fem,D4,0,48,88,84,4,48,0
3364,Casado_Amasiado,D4,0,55,81,77,4,55,0
3365,Solteiro,D4,0.050847458,59,77,76,1,56,3
3366,Separado_Divorciado,D4,0,7,129,125,4,7,0
3367,X4,D4,0.333333333,3,133,130,3,2,1
3368,X5,D4,0,2,134,130,4,2,0
3369,X6,D4,0,10,126,122,4,10,0
3370,Livrar_costas,D4,0.023255814,86,14,14,0,84,2
3371,Livrar_perna,D4,0,14,86,84,2,14,0
3372,Livrar_perda_sens,D4,NaN,0,100,98,2,0,0
3373,D1,D4,0,1,135,131,4,1,0
3374,D15,D4,0.142857143,7,129,126,3,6,1
3375,D16,D4,0.05,20,116,113,3,19,1
3376,D17,D4,0,5,131,127,4,5,0
3377,D18,D4,0.125,16,120,118,2,14,2
3378,D19,D4,0.285714286,7,129,127,2,5,2
3379,D2,D4,0.375,8,128,127,1,5,3
3380,D20,D4,0,8,128,124,4,8,0
3381,D21,D4,0,7,129,125,4,7,0
3382,D22,D4,0,2,134,130,4,2,0
3383,D23,D4,0,2,134,130,4,2,0
3384,D24,D4,0.038461538,26,110,107,3,25,1
3385,D25,D4,0,4,132,128,4,4,0
3386,D26,D4,0,2,134,130,4,2,0
3387,D27,D4,0,5,131,127,4,5,0
3388,D28,D4,0,6,130,126,4,6,0
3389,D29,D4,0,42,94,90,4,42,0
3390,D3,D4,1,2,134,132,2,0,2
3391,D30,D4,0.016129032,62,74,71,3,61,1
3392,D31,D4,0,17,119,115,4,17,0
3393,D32,D4,0,37,99,95,4,37,0
3394,D33,D4,0,12,124,120,4,12,0
3395,D34,D4,0.333333333,3,133,130,3,2,1
3396,D35,D4,1,2,134,132,2,0,2
3397,D36,D4,0,8,128,124,4,8,0
3398,D37,D4,0.045454545,22,114,111,3,21,1
3399,D38,D4,0,3,133,129,4,3,0
3400,D39,D4,0,15,121,117,4,15,0
3401,D4,D4,1,4,132,132,0,0,4
3402,D40,D4,0,5,131,127,4,5,0
3403,D41,D4,0,7,129,125,4,7,0
3404,D42,D4,0,3,133,129,4,3,0
3405,D43,D4,0,3,133,129,4,3,0
3406,D44,D4,0,38,98,94,4,38,0
3407,D45,D4,0,12,124,120,4,12,0
3408,D46,D4,0.026315789,38,98,95,3,37,1
3409,D47,D4,0.083333333,12,124,121,3,11,1
3410,D48,D4,0,26,110,106,4,26,0
3411,D49,D4,0,13,123,119,4,13,0
3412,D5,D4,0.333333333,3,133,130,3,2,1
3413,D50,D4,0,2,134,130,4,2,0
3414,D51,D4,1,1,135,132,3,0,1
3415,D52,D4,0,2,134,130,4,2,0
3416,D53,D4,0,2,134,130,4,2,0
3417,D9,D4,1,1,135,132,3,0,1
3418,Fuma,D40,0.086956522,46,82,82,0,42,4
3419,Cirurgia_coluna,D40,0.072727273,55,63,63,0,51,4
3420,Aposentado,D40,0,31,101,97,4,31,0
3421,Desempregado,D40,0.04,25,105,102,3,24,1
3422,Licenca_Medica,D40,0.166666667,18,114,113,1,15,3
3423,Aposentado_Invalidez,D40,0,8,123,119,4,8,0
3424,Analgésicos,D40,0.022727273,88,42,39,3,86,2
3425,OutraDoenca,D40,0.02,50,80,76,4,49,1
3426,Dor_costas,D40,0.021978022,91,37,34,3,89,2
3427,Dor_pernas,D40,0.072727273,55,72,71,1,51,4
3428,Retornar_trabalho,D40,0,20,99,94,5,20,0
3429,Masc,D40,0.034090909,88,48,46,2,85,3
3430,Fem,D40,0.041666667,48,88,85,3,46,2
3431,Casado_Amasiado,D40,0.018181818,55,81,77,4,54,1
3432,Solteiro,D40,0.050847458,59,77,75,2,56,3
3433,Separado_Divorciado,D40,0,7,129,124,5,7,0
3434,X4,D40,0.333333333,3,133,129,4,2,1
3435,X5,D40,0,2,134,129,5,2,0
3436,X6,D40,0,10,126,121,5,10,0
3437,Livrar_costas,D40,0.011627907,86,14,11,3,85,1
3438,Livrar_perna,D40,0.214285714,14,86,85,1,11,3
3439,Livrar_perda_sens,D40,NaN,0,100,96,4,0,0
3440,D1,D40,0,1,135,130,5,1,0
3441,D15,D40,0.571428571,7,129,128,1,3,4
3442,D16,D40,0,20,116,111,5,20,0
3443,D17,D40,0.4,5,131,128,3,3,2
3444,D18,D40,0.125,16,120,117,3,14,2
3445,D19,D40,0,7,129,124,5,7,0
3446,D2,D40,0,8,128,123,5,8,0
3447,D20,D40,0,8,128,123,5,8,0
3448,D21,D40,0,7,129,124,5,7,0
3449,D22,D40,0,2,134,129,5,2,0
3450,D23,D40,0,2,134,129,5,2,0
3451,D24,D40,0,26,110,105,5,26,0
3452,D25,D40,0,4,132,127,5,4,0
3453,D26,D40,0,2,134,129,5,2,0
3454,D27,D40,0,5,131,126,5,5,0
3455,D28,D40,0,6,130,125,5,6,0
3456,D29,D40,0.047619048,42,94,91,3,40,2
3457,D3,D40,0,2,134,129,5,2,0
3458,D30,D40,0.016129032,62,74,70,4,61,1
3459,D31,D40,0.176470588,17,119,117,2,14,3
3460,D32,D40,0,37,99,94,5,37,0
3461,D33,D40,0.166666667,12,124,121,3,10,2
3462,D34,D40,0,3,133,128,5,3,0
3463,D35,D40,0,2,134,129,5,2,0
3464,D36,D40,0.625,8,128,128,0,3,5
3465,D37,D40,0.136363636,22,114,112,2,19,3
3466,D38,D40,1,3,133,131,2,0,3
3467,D39,D40,0.066666667,15,121,117,4,14,1
3468,D4,D40,0,4,132,127,5,4,0
3469,D40,D40,1,5,131,131,0,0,5
3470,D41,D40,0.428571429,7,129,127,2,4,3
3471,D42,D40,0,3,133,128,5,3,0
3472,D43,D40,0,3,133,128,5,3,0
3473,D44,D40,0.026315789,38,98,94,4,37,1
3474,D45,D40,0.166666667,12,124,121,3,10,2
3475,D46,D40,0.026315789,38,98,94,4,37,1
3476,D47,D40,0.25,12,124,122,2,9,3
3477,D48,D40,0,26,110,105,5,26,0
3478,D49,D40,0.153846154,13,123,120,3,11,2
3479,D5,D40,0,3,133,128,5,3,0
3480,D50,D40,0,2,134,129,5,2,0
3481,D51,D40,0,1,135,130,5,1,0
3482,D52,D40,0,2,134,129,5,2,0
3483,D53,D40,0,2,134,129,5,2,0
3484,D9,D40,0,1,135,130,5,1,0
3485,Fuma,D41,0.065217391,46,82,80,2,43,3
3486,Cirurgia_coluna,D41,0.090909091,55,63,62,1,50,5
3487,Aposentado,D41,0.064516129,31,101,96,5,29,2
3488,Desempregado,D41,0.04,25,105,99,6,24,1
3489,Licenca_Medica,D41,0.166666667,18,114,110,4,15,3
3490,Aposentado_Invalidez,D41,0.125,8,123,117,6,7,1
3491,Analgésicos,D41,0.056818182,88,42,40,2,83,5
3492,OutraDoenca,D41,0.04,50,80,75,5,48,2
3493,Dor_costas,D41,0.054945055,91,37,35,2,86,5
3494,Dor_pernas,D41,0.109090909,55,72,71,1,49,6
3495,Retornar_trabalho,D41,0.1,20,99,94,5,18,2
3496,Masc,D41,0.079545455,88,48,48,0,81,7
3497,Fem,D41,0,48,88,81,7,48,0
3498,Casado_Amasiado,D41,0.054545455,55,81,77,4,52,3
3499,Solteiro,D41,0.050847458,59,77,73,4,56,3
3500,Separado_Divorciado,D41,0,7,129,122,7,7,0
3501,X4,D41,0,3,133,126,7,3,0
3502,X5,D41,0,2,134,127,7,2,0
3503,X6,D41,0.1,10,126,120,6,9,1
3504,Livrar_costas,D41,0.058139535,86,14,13,1,81,5
3505,Livrar_perna,D41,0.071428571,14,86,81,5,13,1
3506,Livrar_perda_sens,D41,NaN,0,100,94,6,0,0
3507,D1,D41,0,1,135,128,7,1,0
3508,D15,D41,0.428571429,7,129,125,4,4,3
3509,D16,D41,0.2,20,116,113,3,16,4
3510,D17,D41,0.4,5,131,126,5,3,2
3511,D18,D41,0.125,16,120,115,5,14,2
3512,D19,D41,0,7,129,122,7,7,0
3513,D2,D41,0,8,128,121,7,8,0
3514,D20,D41,0,8,128,121,7,8,0
3515,D21,D41,0,7,129,122,7,7,0
3516,D22,D41,0,2,134,127,7,2,0
3517,D23,D41,0,2,134,127,7,2,0
3518,D24,D41,0,26,110,103,7,26,0
3519,D25,D41,0,4,132,125,7,4,0
3520,D26,D41,0,2,134,127,7,2,0
3521,D27,D41,0,5,131,124,7,5,0
3522,D28,D41,0,6,130,123,7,6,0
3523,D29,D41,0.142857143,42,94,93,1,36,6
3524,D3,D41,0,2,134,127,7,2,0
3525,D30,D41,0.064516129,62,74,71,3,58,4
3526,D31,D41,0.058823529,17,119,113,6,16,1
3527,D32,D41,0.108108108,37,99,96,3,33,4
3528,D33,D41,0,12,124,117,7,12,0
3529,D34,D41,0,3,133,126,7,3,0
3530,D35,D41,0,2,134,127,7,2,0
3531,D36,D41,0.5,8,128,125,3,4,4
3532,D37,D41,0.318181818,22,114,114,0,15,7
3533,D38,D41,0.333333333,3,133,127,6,2,1
3534,D39,D41,0.266666667,15,121,118,3,11,4
3535,D4,D41,0,4,132,125,7,4,0
3536,D40,D41,0.6,5,131,127,4,2,3
3537,D41,D41,1,7,129,129,0,0,7
3538,D42,D41,0,3,133,126,7,3,0
3539,D43,D41,0,3,133,126,7,3,0
3540,D44,D41,0.105263158,38,98,95,3,34,4
3541,D45,D41,0.083333333,12,124,118,6,11,1
3542,D46,D41,0.131578947,38,98,96,2,33,5
3543,D47,D41,0.083333333,12,124,118,6,11,1
3544,D48,D41,0.153846154,26,110,107,3,22,4
3545,D49,D41,0,13,123,116,7,13,0
3546,D5,D41,0,3,133,126,7,3,0
3547,D50,D41,0,2,134,127,7,2,0
3548,D51,D41,0,1,135,128,7,1,0
3549,D52,D41,0,2,134,127,7,2,0
3550,D53,D41,0,2,134,127,7,2,0
3551,D9,D41,0,1,135,128,7,1,0
3552,Fuma,D42,0.02173913,46,82,80,2,45,1
3553,Cirurgia_coluna,D42,0,55,63,61,2,55,0
3554,Aposentado,D42,0.032258065,31,101,99,2,30,1
3555,Desempregado,D42,0.04,25,105,103,2,24,1
3556,Licenca_Medica,D42,0.055555556,18,114,112,2,17,1
3557,Aposentado_Invalidez,D42,0,8,123,120,3,8,0
3558,Analgésicos,D42,0.011363636,88,42,41,1,87,1
3559,OutraDoenca,D42,0,50,80,77,3,50,0
3560,Dor_costas,D42,0.032967033,91,37,37,0,88,3
3561,Dor_pernas,D42,0,55,72,69,3,55,0
3562,Retornar_trabalho,D42,0.05,20,99,97,2,19,1
3563,Masc,D42,0.034090909,88,48,48,0,85,3
3564,Fem,D42,0,48,88,85,3,48,0
3565,Casado_Amasiado,D42,0.036363636,55,81,80,1,53,2
3566,Solteiro,D42,0.016949153,59,77,75,2,58,1
3567,Separado_Divorciado,D42,0,7,129,126,3,7,0
3568,X4,D42,0,3,133,130,3,3,0
3569,X5,D42,0,2,134,131,3,2,0
3570,X6,D42,0,10,126,123,3,10,0
3571,Livrar_costas,D42,0.023255814,86,14,14,0,84,2
3572,Livrar_perna,D42,0,14,86,84,2,14,0
3573,Livrar_perda_sens,D42,NaN,0,100,98,2,0,0
3574,D1,D42,0,1,135,132,3,1,0
3575,D15,D42,0,7,129,126,3,7,0
3576,D16,D42,0,20,116,113,3,20,0
3577,D17,D42,0,5,131,128,3,5,0
3578,D18,D42,0.125,16,120,119,1,14,2
3579,D19,D42,0.285714286,7,129,128,1,5,2
3580,D2,D42,0,8,128,125,3,8,0
3581,D20,D42,0.25,8,128,127,1,6,2
3582,D21,D42,0.142857143,7,129,127,2,6,1
3583,D22,D42,1,2,134,133,1,0,2
3584,D23,D42,0,2,134,131,3,2,0
3585,D24,D42,0,26,110,107,3,26,0
3586,D25,D42,0,4,132,129,3,4,0
3587,D26,D42,0.5,2,134,132,2,1,1
3588,D27,D42,0,5,131,128,3,5,0
3589,D28,D42,0,6,130,127,3,6,0
3590,D29,D42,0,42,94,91,3,42,0
3591,D3,D42,0,2,134,131,3,2,0
3592,D30,D42,0.016129032,62,74,72,2,61,1
3593,D31,D42,0,17,119,116,3,17,0
3594,D32,D42,0.027027027,37,99,97,2,36,1
3595,D33,D42,0,12,124,121,3,12,0
3596,D34,D42,0,3,133,130,3,3,0
3597,D35,D42,0,2,134,131,3,2,0
3598,D36,D42,0,8,128,125,3,8,0
3599,D37,D42,0,22,114,111,3,22,0
3600,D38,D42,0,3,133,130,3,3,0
3601,D39,D42,0,15,121,118,3,15,0
3602,D4,D42,0,4,132,129,3,4,0
3603,D40,D42,0,5,131,128,3,5,0
3604,D41,D42,0,7,129,126,3,7,0
3605,D42,D42,1,3,133,133,0,0,3
3606,D43,D42,0.333333333,3,133,131,2,2,1
3607,D44,D42,0.026315789,38,98,96,2,37,1
3608,D45,D42,0,12,124,121,3,12,0
3609,D46,D42,0,38,98,95,3,38,0
3610,D47,D42,0,12,124,121,3,12,0
3611,D48,D42,0,26,110,107,3,26,0
3612,D49,D42,0,13,123,120,3,13,0
3613,D5,D42,0,3,133,130,3,3,0
3614,D50,D42,0,2,134,131,3,2,0
3615,D51,D42,0,1,135,132,3,1,0
3616,D52,D42,0.5,2,134,132,2,1,1
3617,D53,D42,0,2,134,131,3,2,0
3618,D9,D42,0,1,135,132,3,1,0
3619,Fuma,D43,0.043478261,46,82,81,1,44,2
3620,Cirurgia_coluna,D43,0.018181818,55,63,62,1,54,1
3621,Aposentado,D43,0.032258065,31,101,99,2,30,1
3622,Desempregado,D43,0.04,25,105,103,2,24,1
3623,Licenca_Medica,D43,0.055555556,18,114,112,2,17,1
3624,Aposentado_Invalidez,D43,0,8,123,120,3,8,0
3625,Analgésicos,D43,0.034090909,88,42,42,0,85,3
3626,OutraDoenca,D43,0,50,80,77,3,50,0
3627,Dor_costas,D43,0.021978022,91,37,36,1,89,2
3628,Dor_pernas,D43,0,55,72,69,3,55,0
3629,Retornar_trabalho,D43,0.05,20,99,97,2,19,1
3630,Masc,D43,0.011363636,88,48,46,2,87,1
3631,Fem,D43,0.041666667,48,88,87,1,46,2
3632,Casado_Amasiado,D43,0.054545455,55,81,81,0,52,3
3633,Solteiro,D43,0,59,77,74,3,59,0
3634,Separado_Divorciado,D43,0,7,129,126,3,7,0
3635,X4,D43,0,3,133,130,3,3,0
3636,X5,D43,0,2,134,131,3,2,0
3637,X6,D43,0,10,126,123,3,10,0
3638,Livrar_costas,D43,0.023255814,86,14,14,0,84,2
3639,Livrar_perna,D43,0,14,86,84,2,14,0
3640,Livrar_perda_sens,D43,NaN,0,100,98,2,0,0
3641,D1,D43,0,1,135,132,3,1,0
3642,D15,D43,0,7,129,126,3,7,0
3643,D16,D43,0,20,116,113,3,20,0
3644,D17,D43,0,5,131,128,3,5,0
3645,D18,D43,0.125,16,120,119,1,14,2
3646,D19,D43,0.142857143,7,129,127,2,6,1
3647,D2,D43,0.125,8,128,126,2,7,1
3648,D20,D43,0.25,8,128,127,1,6,2
3649,D21,D43,0.285714286,7,129,128,1,5,2
3650,D22,D43,0.5,2,134,132,2,1,1
3651,D23,D43,0,2,134,131,3,2,0
3652,D24,D43,0,26,110,107,3,26,0
3653,D25,D43,0,4,132,129,3,4,0
3654,D26,D43,0.5,2,134,132,2,1,1
3655,D27,D43,0,5,131,128,3,5,0
3656,D28,D43,0.166666667,6,130,128,2,5,1
3657,D29,D43,0,42,94,91,3,42,0
3658,D3,D43,0,2,134,131,3,2,0
3659,D30,D43,0.016129032,62,74,72,2,61,1
3660,D31,D43,0,17,119,116,3,17,0
3661,D32,D43,0,37,99,96,3,37,0
3662,D33,D43,0,12,124,121,3,12,0
3663,D34,D43,0.333333333,3,133,131,2,2,1
3664,D35,D43,0,2,134,131,3,2,0
3665,D36,D43,0,8,128,125,3,8,0
3666,D37,D43,0,22,114,111,3,22,0
3667,D38,D43,0,3,133,130,3,3,0
3668,D39,D43,0,15,121,118,3,15,0
3669,D4,D43,0,4,132,129,3,4,0
3670,D40,D43,0,5,131,128,3,5,0
3671,D41,D43,0,7,129,126,3,7,0
3672,D42,D43,0.333333333,3,133,131,2,2,1
3673,D43,D43,1,3,133,133,0,0,3
3674,D44,D43,0,38,98,95,3,38,0
3675,D45,D43,0,12,124,121,3,12,0
3676,D46,D43,0,38,98,95,3,38,0
3677,D47,D43,0,12,124,121,3,12,0
3678,D48,D43,0,26,110,107,3,26,0
3679,D49,D43,0,13,123,120,3,13,0
3680,D5,D43,0,3,133,130,3,3,0
3681,D50,D43,0.5,2,134,132,2,1,1
3682,D51,D43,0,1,135,132,3,1,0
3683,D52,D43,0.5,2,134,132,2,1,1
3684,D53,D43,1,2,134,133,1,0,2
3685,D9,D43,0,1,135,132,3,1,0
3686,Fuma,D44,0.239130435,46,82,56,26,35,11
3687,Cirurgia_coluna,D44,0.327272727,55,63,46,17,37,18
3688,Aposentado,D44,0.387096774,31,101,75,26,19,12
3689,Desempregado,D44,0.12,25,105,70,35,22,3
3690,Licenca_Medica,D44,0.333333333,18,114,82,32,12,6
3691,Aposentado_Invalidez,D44,0.5,8,123,90,33,4,4
3692,Analgésicos,D44,0.375,88,42,37,5,55,33
3693,OutraDoenca,D44,0.28,50,80,57,23,36,14
3694,Dor_costas,D44,0.362637363,91,37,33,4,58,33
3695,Dor_pernas,D44,0.563636364,55,72,66,6,24,31
3696,Retornar_trabalho,D44,0.35,20,99,72,27,13,7
3697,Masc,D44,0.329545455,88,48,39,9,59,29
3698,Fem,D44,0.1875,48,88,59,29,39,9
3699,Casado_Amasiado,D44,0.345454545,55,81,62,19,36,19
3700,Solteiro,D44,0.203389831,59,77,51,26,47,12
3701,Separado_Divorciado,D44,0.285714286,7,129,93,36,5,2
3702,X4,D44,0,3,133,95,38,3,0
3703,X5,D44,0,2,134,96,38,2,0
3704,X6,D44,0.5,10,126,93,33,5,5
3705,Livrar_costas,D44,0.325581395,86,14,6,8,58,28
3706,Livrar_perna,D44,0.571428571,14,86,58,28,6,8
3707,Livrar_perda_sens,D44,NaN,0,100,64,36,0,0
3708,D1,D44,0,1,135,97,38,1,0
3709,D15,D44,0.285714286,7,129,93,36,5,2
3710,D16,D44,0.8,20,116,94,22,4,16
3711,D17,D44,0,5,131,93,38,5,0
3712,D18,D44,0,16,120,82,38,16,0
3713,D19,D44,0,7,129,91,38,7,0
3714,D2,D44,0.125,8,128,91,37,7,1
3715,D20,D44,0,8,128,90,38,8,0
3716,D21,D44,0,7,129,91,38,7,0
3717,D22,D44,0,2,134,96,38,2,0
3718,D23,D44,0.5,2,134,97,37,1,1
3719,D24,D44,0.115384615,26,110,75,35,23,3
3720,D25,D44,0,4,132,94,38,4,0
3721,D26,D44,0,2,134,96,38,2,0
3722,D27,D44,0.4,5,131,95,36,3,2
3723,D28,D44,0,6,130,92,38,6,0
3724,D29,D44,0.738095238,42,94,87,7,11,31
3725,D3,D44,0,2,134,96,38,2,0
3726,D30,D44,0.532258065,62,74,69,5,29,33
3727,D31,D44,0.235294118,17,119,85,34,13,4
3728,D32,D44,0.864864865,37,99,93,6,5,32
3729,D33,D44,0.25,12,124,89,35,9,3
3730,D34,D44,0,3,133,95,38,3,0
3731,D35,D44,0,2,134,96,38,2,0
3732,D36,D44,0.375,8,128,93,35,5,3
3733,D37,D44,0.727272727,22,114,92,22,6,16
3734,D38,D44,0.333333333,3,133,96,37,2,1
3735,D39,D44,0.866666667,15,121,96,25,2,13
3736,D4,D44,0,4,132,94,38,4,0
3737,D40,D44,0.2,5,131,94,37,4,1
3738,D41,D44,0.571428571,7,129,95,34,3,4
3739,D42,D44,0.333333333,3,133,96,37,2,1
3740,D43,D44,0,3,133,95,38,3,0
3741,D44,D44,1,38,98,98,0,0,38
3742,D45,D44,0.583333333,12,124,93,31,5,7
3743,D46,D44,0.894736842,38,98,94,4,4,34
3744,D47,D44,0.5,12,124,92,32,6,6
3745,D48,D44,0.846153846,26,110,94,16,4,22
3746,D49,D44,0.461538462,13,123,91,32,7,6
3747,D5,D44,0.333333333,3,133,96,37,2,1
3748,D50,D44,0,2,134,96,38,2,0
3749,D51,D44,0,1,135,97,38,1,0
3750,D52,D44,0.5,2,134,97,37,1,1
3751,D53,D44,0,2,134,96,38,2,0
3752,D9,D44,0,1,135,97,38,1,0
3753,Fuma,D45,0.130434783,46,82,77,5,40,6
3754,Cirurgia_coluna,D45,0.127272727,55,63,60,3,48,7
3755,Aposentado,D45,0.064516129,31,101,92,9,29,2
3756,Desempregado,D45,0.04,25,105,95,10,24,1
3757,Licenca_Medica,D45,0.055555556,18,114,104,10,17,1
3758,Aposentado_Invalidez,D45,0.125,8,123,114,9,7,1
3759,Analgésicos,D45,0.102272727,88,42,39,3,79,9
3760,OutraDoenca,D45,0.1,50,80,73,7,45,5
3761,Dor_costas,D45,0.098901099,91,37,34,3,82,9
3762,Dor_pernas,D45,0.218181818,55,72,72,0,43,12
3763,Retornar_trabalho,D45,0.1,20,99,91,8,18,2
3764,Masc,D45,0.090909091,88,48,44,4,80,8
3765,Fem,D45,0.083333333,48,88,80,8,44,4
3766,Casado_Amasiado,D45,0.036363636,55,81,71,10,53,2
3767,Solteiro,D45,0.152542373,59,77,74,3,50,9
3768,Separado_Divorciado,D45,0,7,129,117,12,7,0
3769,X4,D45,0,3,133,121,12,3,0
3770,X5,D45,0,2,134,122,12,2,0
3771,X6,D45,0.1,10,126,115,11,9,1
3772,Livrar_costas,D45,0.093023256,86,14,10,4,78,8
3773,Livrar_perna,D45,0.285714286,14,86,78,8,10,4
3774,Livrar_perda_sens,D45,NaN,0,100,88,12,0,0
3775,D1,D45,0,1,135,123,12,1,0
3776,D15,D45,0.285714286,7,129,119,10,5,2
3777,D16,D45,0.1,20,116,106,10,18,2
3778,D17,D45,0,5,131,119,12,5,0
3779,D18,D45,0,16,120,108,12,16,0
3780,D19,D45,0,7,129,117,12,7,0
3781,D2,D45,0.125,8,128,117,11,7,1
3782,D20,D45,0,8,128,116,12,8,0
3783,D21,D45,0,7,129,117,12,7,0
3784,D22,D45,0,2,134,122,12,2,0
3785,D23,D45,0.5,2,134,123,11,1,1
3786,D24,D45,0.038461538,26,110,99,11,25,1
3787,D25,D45,0,4,132,120,12,4,0
3788,D26,D45,0,2,134,122,12,2,0
3789,D27,D45,0,5,131,119,12,5,0
3790,D28,D45,0,6,130,118,12,6,0
3791,D29,D45,0.071428571,42,94,85,9,39,3
3792,D3,D45,0,2,134,122,12,2,0
3793,D30,D45,0.161290323,62,74,72,2,52,10
3794,D31,D45,0.411764706,17,119,114,5,10,7
3795,D32,D45,0.081081081,37,99,90,9,34,3
3796,D33,D45,0.666666667,12,124,120,4,4,8
3797,D34,D45,0,3,133,121,12,3,0
3798,D35,D45,0,2,134,122,12,2,0
3799,D36,D45,0.25,8,128,118,10,6,2
3800,D37,D45,0.045454545,22,114,103,11,21,1
3801,D38,D45,0.666666667,3,133,123,10,1,2
3802,D39,D45,0.066666667,15,121,110,11,14,1
3803,D4,D45,0,4,132,120,12,4,0
3804,D40,D45,0.4,5,131,121,10,3,2
3805,D41,D45,0.142857143,7,129,118,11,6,1
3806,D42,D45,0,3,133,121,12,3,0
3807,D43,D45,0,3,133,121,12,3,0
3808,D44,D45,0.184210526,38,98,93,5,31,7
3809,D45,D45,1,12,124,124,0,0,12
3810,D46,D45,0.184210526,38,98,93,5,31,7
3811,D47,D45,0.833333333,12,124,122,2,2,10
3812,D48,D45,0.115384615,26,110,101,9,23,3
3813,D49,D45,0.615384615,13,123,119,4,5,8
3814,D5,D45,0.333333333,3,133,122,11,2,1
3815,D50,D45,0,2,134,122,12,2,0
3816,D51,D45,0,1,135,123,12,1,0
3817,D52,D45,0,2,134,122,12,2,0
3818,D53,D45,0,2,134,122,12,2,0
3819,D9,D45,0,1,135,123,12,1,0
3820,Fuma,D46,0.239130435,46,82,56,26,35,11
3821,Cirurgia_coluna,D46,0.309090909,55,63,46,17,38,17
3822,Aposentado,D46,0.35483871,31,101,74,27,20,11
3823,Desempregado,D46,0.16,25,105,71,34,21,4
3824,Licenca_Medica,D46,0.222222222,18,114,80,34,14,4
3825,Aposentado_Invalidez,D46,0.625,8,123,90,33,3,5
3826,Analgésicos,D46,0.375,88,42,37,5,55,33
3827,OutraDoenca,D46,0.34,50,80,60,20,33,17
3828,Dor_costas,D46,0.340659341,91,37,31,6,60,31
3829,Dor_pernas,D46,0.581818182,55,72,67,5,23,32
3830,Retornar_trabalho,D46,0.45,20,99,73,26,11,9
3831,Masc,D46,0.318181818,88,48,38,10,60,28
3832,Fem,D46,0.208333333,48,88,60,28,38,10
3833,Casado_Amasiado,D46,0.345454545,55,81,62,19,36,19
3834,Solteiro,D46,0.186440678,59,77,50,27,48,11
3835,Separado_Divorciado,D46,0.285714286,7,129,93,36,5,2
3836,X4,D46,0,3,133,95,38,3,0
3837,X5,D46,0,2,134,96,38,2,0
3838,X6,D46,0.6,10,126,94,32,4,6
3839,Livrar_costas,D46,0.313953488,86,14,5,9,59,27
3840,Livrar_perna,D46,0.642857143,14,86,59,27,5,9
3841,Livrar_perda_sens,D46,NaN,0,100,64,36,0,0
3842,D1,D46,0,1,135,97,38,1,0
3843,D15,D46,0.285714286,7,129,93,36,5,2
3844,D16,D46,0.8,20,116,94,22,4,16
3845,D17,D46,0.2,5,131,94,37,4,1
3846,D18,D46,0.125,16,120,84,36,14,2
3847,D19,D46,0.285714286,7,129,93,36,5,2
3848,D2,D46,0.25,8,128,92,36,6,2
3849,D20,D46,0,8,128,90,38,8,0
3850,D21,D46,0.142857143,7,129,92,37,6,1
3851,D22,D46,0,2,134,96,38,2,0
3852,D23,D46,0.5,2,134,97,37,1,1
3853,D24,D46,0.192307692,26,110,77,33,21,5
3854,D25,D46,0,4,132,94,38,4,0
3855,D26,D46,0,2,134,96,38,2,0
3856,D27,D46,0.2,5,131,94,37,4,1
3857,D28,D46,0,6,130,92,38,6,0
3858,D29,D46,0.714285714,42,94,86,8,12,30
3859,D3,D46,0.5,2,134,97,37,1,1
3860,D30,D46,0.532258065,62,74,69,5,29,33
3861,D31,D46,0.235294118,17,119,85,34,13,4
3862,D32,D46,0.810810811,37,99,91,8,7,30
3863,D33,D46,0.25,12,124,89,35,9,3
3864,D34,D46,0,3,133,95,38,3,0
3865,D35,D46,0,2,134,96,38,2,0
3866,D36,D46,0.375,8,128,93,35,5,3
3867,D37,D46,0.772727273,22,114,93,21,5,17
3868,D38,D46,0.333333333,3,133,96,37,2,1
3869,D39,D46,1,15,121,98,23,0,15
3870,D4,D46,0.25,4,132,95,37,3,1
3871,D40,D46,0.2,5,131,94,37,4,1
3872,D41,D46,0.714285714,7,129,96,33,2,5
3873,D42,D46,0,3,133,95,38,3,0
3874,D43,D46,0,3,133,95,38,3,0
3875,D44,D46,0.894736842,38,98,94,4,4,34
3876,D45,D46,0.583333333,12,124,93,31,5,7
3877,D46,D46,1,38,98,98,0,0,38
3878,D47,D46,0.666666667,12,124,94,30,4,8
3879,D48,D46,0.923076923,26,110,96,14,2,24
3880,D49,D46,0.538461538,13,123,92,31,6,7
3881,D5,D46,0.333333333,3,133,96,37,2,1
3882,D50,D46,0,2,134,96,38,2,0
3883,D51,D46,0,1,135,97,38,1,0
3884,D52,D46,0,2,134,96,38,2,0
3885,D53,D46,0,2,134,96,38,2,0
3886,D9,D46,0,1,135,97,38,1,0
3887,Fuma,D47,0.152173913,46,82,77,5,39,7
3888,Cirurgia_coluna,D47,0.109090909,55,63,60,3,49,6
3889,Aposentado,D47,0.032258065,31,101,91,10,30,1
3890,Desempregado,D47,0.08,25,105,96,9,23,2
3891,Licenca_Medica,D47,0.055555556,18,114,104,10,17,1
3892,Aposentado_Invalidez,D47,0.25,8,123,114,9,6,2
3893,Analgésicos,D47,0.090909091,88,42,38,4,80,8
3894,OutraDoenca,D47,0.1,50,80,73,7,45,5
3895,Dor_costas,D47,0.087912088,91,37,33,4,83,8
3896,Dor_pernas,D47,0.218181818,55,72,72,0,43,12
3897,Retornar_trabalho,D47,0.15,20,99,91,8,17,3
3898,Masc,D47,0.090909091,88,48,44,4,80,8
3899,Fem,D47,0.083333333,48,88,80,8,44,4
3900,Casado_Amasiado,D47,0.036363636,55,81,71,10,53,2
3901,Solteiro,D47,0.13559322,59,77,73,4,51,8
3902,Separado_Divorciado,D47,0,7,129,117,12,7,0
3903,X4,D47,0.333333333,3,133,122,11,2,1
3904,X5,D47,0,2,134,122,12,2,0
3905,X6,D47,0.1,10,126,115,11,9,1
3906,Livrar_costas,D47,0.081395349,86,14,9,5,79,7
3907,Livrar_perna,D47,0.357142857,14,86,79,7,9,5
3908,Livrar_perda_sens,D47,NaN,0,100,88,12,0,0
3909,D1,D47,0,1,135,123,12,1,0
3910,D15,D47,0.428571429,7,129,120,9,4,3
3911,D16,D47,0.05,20,116,105,11,19,1
3912,D17,D47,0,5,131,119,12,5,0
3913,D18,D47,0.0625,16,120,109,11,15,1
3914,D19,D47,0.142857143,7,129,118,11,6,1
3915,D2,D47,0.25,8,128,118,10,6,2
3916,D20,D47,0,8,128,116,12,8,0
3917,D21,D47,0,7,129,117,12,7,0
3918,D22,D47,0,2,134,122,12,2,0
3919,D23,D47,0.5,2,134,123,11,1,1
3920,D24,D47,0.076923077,26,110,100,10,24,2
3921,D25,D47,0,4,132,120,12,4,0
3922,D26,D47,0,2,134,122,12,2,0
3923,D27,D47,0,5,131,119,12,5,0
3924,D28,D47,0,6,130,118,12,6,0
3925,D29,D47,0.071428571,42,94,85,9,39,3
3926,D3,D47,0.5,2,134,123,11,1,1
3927,D30,D47,0.14516129,62,74,71,3,53,9
3928,D31,D47,0.470588235,17,119,115,4,9,8
3929,D32,D47,0.054054054,37,99,89,10,35,2
3930,D33,D47,0.583333333,12,124,119,5,5,7
3931,D34,D47,0,3,133,121,12,3,0
3932,D35,D47,0,2,134,122,12,2,0
3933,D36,D47,0.375,8,128,119,9,5,3
3934,D37,D47,0.045454545,22,114,103,11,21,1
3935,D38,D47,1,3,133,124,9,0,3
3936,D39,D47,0.066666667,15,121,110,11,14,1
3937,D4,D47,0.25,4,132,121,11,3,1
3938,D40,D47,0.6,5,131,122,9,2,3
3939,D41,D47,0.142857143,7,129,118,11,6,1
3940,D42,D47,0,3,133,121,12,3,0
3941,D43,D47,0,3,133,121,12,3,0
3942,D44,D47,0.157894737,38,98,92,6,32,6
3943,D45,D47,0.833333333,12,124,122,2,2,10
3944,D46,D47,0.210526316,38,98,94,4,30,8
3945,D47,D47,1,12,124,124,0,0,12
3946,D48,D47,0.115384615,26,110,101,9,23,3
3947,D49,D47,0.692307692,13,123,120,3,4,9
3948,D5,D47,0.333333333,3,133,122,11,2,1
3949,D50,D47,0,2,134,122,12,2,0
3950,D51,D47,0,1,135,123,12,1,0
3951,D52,D47,0,2,134,122,12,2,0
3952,D53,D47,0,2,134,122,12,2,0
3953,D9,D47,0,1,135,123,12,1,0
3954,Fuma,D48,0.108695652,46,82,62,20,41,5
3955,Cirurgia_coluna,D48,0.163636364,55,63,48,15,46,9
3956,Aposentado,D48,0.322580645,31,101,85,16,21,10
3957,Desempregado,D48,0.12,25,105,82,23,22,3
3958,Licenca_Medica,D48,0.166666667,18,114,91,23,15,3
3959,Aposentado_Invalidez,D48,0.25,8,123,99,24,6,2
3960,Analgésicos,D48,0.25,88,42,38,4,66,22
3961,OutraDoenca,D48,0.28,50,80,68,12,36,14
3962,Dor_costas,D48,0.230769231,91,37,33,4,70,21
3963,Dor_pernas,D48,0.418181818,55,72,70,2,32,23
3964,Retornar_trabalho,D48,0.45,20,99,85,14,11,9
3965,Masc,D48,0.215909091,88,48,41,7,69,19
3966,Fem,D48,0.145833333,48,88,69,19,41,7
3967,Casado_Amasiado,D48,0.218181818,55,81,67,14,43,12
3968,Solteiro,D48,0.13559322,59,77,59,18,51,8
3969,Separado_Divorciado,D48,0.142857143,7,129,104,25,6,1
3970,X4,D48,0,3,133,107,26,3,0
3971,X5,D48,0,2,134,108,26,2,0
3972,X6,D48,0.5,10,126,105,21,5,5
3973,Livrar_costas,D48,0.209302326,86,14,8,6,68,18
3974,Livrar_perna,D48,0.428571429,14,86,68,18,8,6
3975,Livrar_perda_sens,D48,NaN,0,100,76,24,0,0
3976,D1,D48,0,1,135,109,26,1,0
3977,D15,D48,0.142857143,7,129,104,25,6,1
3978,D16,D48,0.75,20,116,105,11,5,15
3979,D17,D48,0,5,131,105,26,5,0
3980,D18,D48,0,16,120,94,26,16,0
3981,D19,D48,0,7,129,103,26,7,0
3982,D2,D48,0.125,8,128,103,25,7,1
3983,D20,D48,0,8,128,102,26,8,0
3984,D21,D48,0,7,129,103,26,7,0
3985,D22,D48,0,2,134,108,26,2,0
3986,D23,D48,0.5,2,134,109,25,1,1
3987,D24,D48,0.076923077,26,110,86,24,24,2
3988,D25,D48,0,4,132,106,26,4,0
3989,D26,D48,0,2,134,108,26,2,0
3990,D27,D48,0.2,5,131,106,25,4,1
3991,D28,D48,0,6,130,104,26,6,0
3992,D29,D48,0.476190476,42,94,88,6,22,20
3993,D3,D48,0,2,134,108,26,2,0
3994,D30,D48,0.370967742,62,74,71,3,39,23
3995,D31,D48,0.058823529,17,119,94,25,16,1
3996,D32,D48,0.567567568,37,99,94,5,16,21
3997,D33,D48,0.083333333,12,124,99,25,11,1
3998,D34,D48,0,3,133,107,26,3,0
3999,D35,D48,0,2,134,108,26,2,0
4000,D36,D48,0.125,8,128,103,25,7,1
4001,D37,D48,0.681818182,22,114,103,11,7,15
4002,D38,D48,0,3,133,107,26,3,0
4003,D39,D48,0.8,15,121,107,14,3,12
4004,D4,D48,0,4,132,106,26,4,0
4005,D40,D48,0,5,131,105,26,5,0
4006,D41,D48,0.571428571,7,129,107,22,3,4
4007,D42,D48,0,3,133,107,26,3,0
4008,D43,D48,0,3,133,107,26,3,0
4009,D44,D48,0.578947368,38,98,94,4,16,22
4010,D45,D48,0.25,12,124,101,23,9,3
4011,D46,D48,0.631578947,38,98,96,2,14,24
4012,D47,D48,0.25,12,124,101,23,9,3
4013,D48,D48,1,26,110,110,0,0,26
4014,D49,D48,0.230769231,13,123,100,23,10,3
4015,D5,D48,0.333333333,3,133,108,25,2,1
4016,D50,D48,0,2,134,108,26,2,0
4017,D51,D48,0,1,135,109,26,1,0
4018,D52,D48,0,2,134,108,26,2,0
4019,D53,D48,0,2,134,108,26,2,0
4020,D9,D48,0,1,135,109,26,1,0
4021,Fuma,D49,0.086956522,46,82,73,9,42,4
4022,Cirurgia_coluna,D49,0.090909091,55,63,57,6,50,5
4023,Aposentado,D49,0.032258065,31,101,90,11,30,1
4024,Desempregado,D49,0.04,25,105,94,11,24,1
4025,Licenca_Medica,D49,0.055555556,18,114,103,11,17,1
4026,Aposentado_Invalidez,D49,0,8,123,111,12,8,0
4027,Analgésicos,D49,0.090909091,88,42,37,5,80,8
4028,OutraDoenca,D49,0.08,50,80,71,9,46,4
4029,Dor_costas,D49,0.10989011,91,37,34,3,81,10
4030,Dor_pernas,D49,0.181818182,55,72,69,3,45,10
4031,Retornar_trabalho,D49,0.1,20,99,89,10,18,2
4032,Masc,D49,0.090909091,88,48,43,5,80,8
4033,Fem,D49,0.104166667,48,88,80,8,43,5
4034,Casado_Amasiado,D49,0.090909091,55,81,73,8,50,5
4035,Solteiro,D49,0.101694915,59,77,70,7,53,6
4036,Separado_Divorciado,D49,0,7,129,116,13,7,0
4037,X4,D49,0.333333333,3,133,121,12,2,1
4038,X5,D49,0,2,134,121,13,2,0
4039,X6,D49,0.1,10,126,114,12,9,1
4040,Livrar_costas,D49,0.104651163,86,14,10,4,77,9
4041,Livrar_perna,D49,0.285714286,14,86,77,9,10,4
4042,Livrar_perda_sens,D49,NaN,0,100,87,13,0,0
4043,D1,D49,0,1,135,122,13,1,0
4044,D15,D49,0.285714286,7,129,118,11,5,2
4045,D16,D49,0,20,116,103,13,20,0
4046,D17,D49,0,5,131,118,13,5,0
4047,D18,D49,0,16,120,107,13,16,0
4048,D19,D49,0,7,129,116,13,7,0
4049,D2,D49,0.125,8,128,116,12,7,1
4050,D20,D49,0,8,128,115,13,8,0
4051,D21,D49,0.285714286,7,129,118,11,5,2
4052,D22,D49,0,2,134,121,13,2,0
4053,D23,D49,0.5,2,134,122,12,1,1
4054,D24,D49,0.115384615,26,110,100,10,23,3
4055,D25,D49,0,4,132,119,13,4,0
4056,D26,D49,0,2,134,121,13,2,0
4057,D27,D49,0,5,131,118,13,5,0
4058,D28,D49,0,6,130,117,13,6,0
4059,D29,D49,0.095238095,42,94,85,9,38,4
4060,D3,D49,0,2,134,121,13,2,0
4061,D30,D49,0.177419355,62,74,72,2,51,11
4062,D31,D49,0.411764706,17,119,113,6,10,7
4063,D32,D49,0.108108108,37,99,90,9,33,4
4064,D33,D49,0.75,12,124,120,4,3,9
4065,D34,D49,0,3,133,120,13,3,0
4066,D35,D49,0,2,134,121,13,2,0
4067,D36,D49,0.25,8,128,117,11,6,2
4068,D37,D49,0,22,114,101,13,22,0
4069,D38,D49,0.666666667,3,133,122,11,1,2
4070,D39,D49,0,15,121,108,13,15,0
4071,D4,D49,0,4,132,119,13,4,0
4072,D40,D49,0.4,5,131,120,11,3,2
4073,D41,D49,0,7,129,116,13,7,0
4074,D42,D49,0,3,133,120,13,3,0
4075,D43,D49,0,3,133,120,13,3,0
4076,D44,D49,0.157894737,38,98,91,7,32,6
4077,D45,D49,0.666666667,12,124,119,5,4,8
4078,D46,D49,0.184210526,38,98,92,6,31,7
4079,D47,D49,0.75,12,124,120,4,3,9
4080,D48,D49,0.115384615,26,110,100,10,23,3
4081,D49,D49,1,13,123,123,0,0,13
4082,D5,D49,0.333333333,3,133,121,12,2,1
4083,D50,D49,0,2,134,121,13,2,0
4084,D51,D49,0,1,135,122,13,1,0
4085,D52,D49,0,2,134,121,13,2,0
4086,D53,D49,0,2,134,121,13,2,0
4087,D9,D49,0,1,135,122,13,1,0
4088,Fuma,D5,0.065217391,46,82,82,0,43,3
4089,Cirurgia_coluna,D5,0.036363636,55,63,63,0,53,2
4090,Aposentado,D5,0.064516129,31,101,100,1,29,2
4091,Desempregado,D5,0.08,25,105,104,1,23,2
4092,Licenca_Medica,D5,0.111111111,18,114,113,1,16,2
4093,Aposentado_Invalidez,D5,0,8,123,120,3,8,0
4094,Analgésicos,D5,0.022727273,88,42,41,1,86,2
4095,OutraDoenca,D5,0.04,50,80,79,1,48,2
4096,Dor_costas,D5,0.032967033,91,37,37,0,88,3
4097,Dor_pernas,D5,0.036363636,55,72,71,1,53,2
4098,Retornar_trabalho,D5,0.05,20,99,97,2,19,1
4099,Masc,D5,0.022727273,88,48,47,1,86,2
4100,Fem,D5,0.020833333,48,88,86,2,47,1
4101,Casado_Amasiado,D5,0,55,81,78,3,55,0
4102,Solteiro,D5,0.033898305,59,77,76,1,57,2
4103,Separado_Divorciado,D5,0,7,129,126,3,7,0
4104,X4,D5,0,3,133,130,3,3,0
4105,X5,D5,0,2,134,131,3,2,0
4106,X6,D5,0.1,10,126,124,2,9,1
4107,Livrar_costas,D5,0.034883721,86,14,14,0,83,3
4108,Livrar_perna,D5,0,14,86,83,3,14,0
4109,Livrar_perda_sens,D5,NaN,0,100,97,3,0,0
4110,D1,D5,0,1,135,132,3,1,0
4111,D15,D5,0.142857143,7,129,127,2,6,1
4112,D16,D5,0.05,20,116,114,2,19,1
4113,D17,D5,0,5,131,128,3,5,0
4114,D18,D5,0,16,120,117,3,16,0
4115,D19,D5,0,7,129,126,3,7,0
4116,D2,D5,0.375,8,128,128,0,5,3
4117,D20,D5,0,8,128,125,3,8,0
4118,D21,D5,0,7,129,126,3,7,0
4119,D22,D5,0,2,134,131,3,2,0
4120,D23,D5,0,2,134,131,3,2,0
4121,D24,D5,0.076923077,26,110,109,1,24,2
4122,D25,D5,0,4,132,129,3,4,0
4123,D26,D5,0,2,134,131,3,2,0
4124,D27,D5,0,5,131,128,3,5,0
4125,D28,D5,0,6,130,127,3,6,0
4126,D29,D5,0.023809524,42,94,92,2,41,1
4127,D3,D5,0,2,134,131,3,2,0
4128,D30,D5,0.016129032,62,74,72,2,61,1
4129,D31,D5,0.058823529,17,119,117,2,16,1
4130,D32,D5,0,37,99,96,3,37,0
4131,D33,D5,0,12,124,121,3,12,0
4132,D34,D5,0.666666667,3,133,132,1,1,2
4133,D35,D5,0.5,2,134,132,2,1,1
4134,D36,D5,0,8,128,125,3,8,0
4135,D37,D5,0.045454545,22,114,112,2,21,1
4136,D38,D5,0,3,133,130,3,3,0
4137,D39,D5,0,15,121,118,3,15,0
4138,D4,D5,0.25,4,132,130,2,3,1
4139,D40,D5,0,5,131,128,3,5,0
4140,D41,D5,0,7,129,126,3,7,0
4141,D42,D5,0,3,133,130,3,3,0
4142,D43,D5,0,3,133,130,3,3,0
4143,D44,D5,0.026315789,38,98,96,2,37,1
4144,D45,D5,0.083333333,12,124,122,2,11,1
4145,D46,D5,0.026315789,38,98,96,2,37,1
4146,D47,D5,0.083333333,12,124,122,2,11,1
4147,D48,D5,0.038461538,26,110,108,2,25,1
4148,D49,D5,0.076923077,13,123,121,2,12,1
4149,D5,D5,1,3,133,133,0,0,3
4150,D50,D5,0.5,2,134,132,2,1,1
4151,D51,D5,1,1,135,133,2,0,1
4152,D52,D5,0,2,134,131,3,2,0
4153,D53,D5,0,2,134,131,3,2,0
4154,D9,D5,1,1,135,133,2,0,1
4155,Fuma,D50,0.043478261,46,82,82,0,44,2
4156,Cirurgia_coluna,D50,0.018181818,55,63,63,0,54,1
4157,Aposentado,D50,0,31,101,99,2,31,0
4158,Desempregado,D50,0.04,25,105,104,1,24,1
4159,Licenca_Medica,D50,0.055555556,18,114,113,1,17,1
4160,Aposentado_Invalidez,D50,0,8,123,121,2,8,0
4161,Analgésicos,D50,0.011363636,88,42,41,1,87,1
4162,OutraDoenca,D50,0.02,50,80,79,1,49,1
4163,Dor_costas,D50,0.010989011,91,37,36,1,90,1
4164,Dor_pernas,D50,0,55,72,70,2,55,0
4165,Retornar_trabalho,D50,0,20,99,97,2,20,0
4166,Masc,D50,0,88,48,46,2,88,0
4167,Fem,D50,0.041666667,48,88,88,0,46,2
4168,Casado_Amasiado,D50,0.018181818,55,81,80,1,54,1
4169,Solteiro,D50,0.016949153,59,77,76,1,58,1
4170,Separado_Divorciado,D50,0,7,129,127,2,7,0
4171,X4,D50,0,3,133,131,2,3,0
4172,X5,D50,0,2,134,132,2,2,0
4173,X6,D50,0,10,126,124,2,10,0
4174,Livrar_costas,D50,0.011627907,86,14,14,0,85,1
4175,Livrar_perna,D50,0,14,86,85,1,14,0
4176,Livrar_perda_sens,D50,NaN,0,100,99,1,0,0
4177,D1,D50,0,1,135,133,2,1,0
4178,D15,D50,0,7,129,127,2,7,0
4179,D16,D50,0,20,116,114,2,20,0
4180,D17,D50,0,5,131,129,2,5,0
4181,D18,D50,0,16,120,118,2,16,0
4182,D19,D50,0,7,129,127,2,7,0
4183,D2,D50,0.125,8,128,127,1,7,1
4184,D20,D50,0,8,128,126,2,8,0
4185,D21,D50,0,7,129,127,2,7,0
4186,D22,D50,0,2,134,132,2,2,0
4187,D23,D50,0,2,134,132,2,2,0
4188,D24,D50,0.038461538,26,110,109,1,25,1
4189,D25,D50,0,4,132,130,2,4,0
4190,D26,D50,0,2,134,132,2,2,0
4191,D27,D50,0,5,131,129,2,5,0
4192,D28,D50,0,6,130,128,2,6,0
4193,D29,D50,0.023809524,42,94,93,1,41,1
4194,D3,D50,0,2,134,132,2,2,0
4195,D30,D50,0,62,74,72,2,62,0
4196,D31,D50,0.058823529,17,119,118,1,16,1
4197,D32,D50,0,37,99,97,2,37,0
4198,D33,D50,0,12,124,122,2,12,0
4199,D34,D50,0.666666667,3,133,133,0,1,2
4200,D35,D50,0,2,134,132,2,2,0
4201,D36,D50,0,8,128,126,2,8,0
4202,D37,D50,0,22,114,112,2,22,0
4203,D38,D50,0,3,133,131,2,3,0
4204,D39,D50,0,15,121,119,2,15,0
4205,D4,D50,0,4,132,130,2,4,0
4206,D40,D50,0,5,131,129,2,5,0
4207,D41,D50,0,7,129,127,2,7,0
4208,D42,D50,0,3,133,131,2,3,0
4209,D43,D50,0.333333333,3,133,132,1,2,1
4210,D44,D50,0,38,98,96,2,38,0
4211,D45,D50,0,12,124,122,2,12,0
4212,D46,D50,0,38,98,96,2,38,0
4213,D47,D50,0,12,124,122,2,12,0
4214,D48,D50,0,26,110,108,2,26,0
4215,D49,D50,0,13,123,121,2,13,0
4216,D5,D50,0.333333333,3,133,132,1,2,1
4217,D50,D50,1,2,134,134,0,0,2
4218,D51,D50,0,1,135,133,2,1,0
4219,D52,D50,0.5,2,134,133,1,1,1
4220,D53,D50,0.5,2,134,133,1,1,1
4221,D9,D50,0,1,135,133,2,1,0
4222,Fuma,D51,0.02173913,46,82,82,0,45,1
4223,Cirurgia_coluna,D51,0.018181818,55,63,63,0,54,1
4224,Aposentado,D51,0.032258065,31,101,101,0,30,1
4225,Desempregado,D51,0.04,25,105,105,0,24,1
4226,Licenca_Medica,D51,0.055555556,18,114,114,0,17,1
4227,Aposentado_Invalidez,D51,0,8,123,122,1,8,0
4228,Analgésicos,D51,0.011363636,88,42,42,0,87,1
4229,OutraDoenca,D51,0,50,80,79,1,50,0
4230,Dor_costas,D51,0.010989011,91,37,37,0,90,1
4231,Dor_pernas,D51,0.018181818,55,72,72,0,54,1
4232,Retornar_trabalho,D51,0,20,99,98,1,20,0
4233,Masc,D51,0.011363636,88,48,48,0,87,1
4234,Fem,D51,0,48,88,87,1,48,0
4235,Casado_Amasiado,D51,0,55,81,80,1,55,0
4236,Solteiro,D51,0.016949153,59,77,77,0,58,1
4237,Separado_Divorciado,D51,0,7,129,128,1,7,0
4238,X4,D51,0,3,133,132,1,3,0
4239,X5,D51,0,2,134,133,1,2,0
4240,X6,D51,0,10,126,125,1,10,0
4241,Livrar_costas,D51,0.011627907,86,14,14,0,85,1
4242,Livrar_perna,D51,0,14,86,85,1,14,0
4243,Livrar_perda_sens,D51,NaN,0,100,99,1,0,0
4244,D1,D51,0,1,135,134,1,1,0
4245,D15,D51,0.142857143,7,129,129,0,6,1
4246,D16,D51,0.05,20,116,116,0,19,1
4247,D17,D51,0,5,131,130,1,5,0
4248,D18,D51,0,16,120,119,1,16,0
4249,D19,D51,0,7,129,128,1,7,0
4250,D2,D51,0.125,8,128,128,0,7,1
4251,D20,D51,0,8,128,127,1,8,0
4252,D21,D51,0,7,129,128,1,7,0
4253,D22,D51,0,2,134,133,1,2,0
4254,D23,D51,0,2,134,133,1,2,0
4255,D24,D51,0,26,110,109,1,26,0
4256,D25,D51,0,4,132,131,1,4,0
4257,D26,D51,0,2,134,133,1,2,0
4258,D27,D51,0,5,131,130,1,5,0
4259,D28,D51,0,6,130,129,1,6,0
4260,D29,D51,0,42,94,93,1,42,0
4261,D3,D51,0,2,134,133,1,2,0
4262,D30,D51,0,62,74,73,1,62,0
4263,D31,D51,0,17,119,118,1,17,0
4264,D32,D51,0,37,99,98,1,37,0
4265,D33,D51,0,12,124,123,1,12,0
4266,D34,D51,0.333333333,3,133,133,0,2,1
4267,D35,D51,0.5,2,134,134,0,1,1
4268,D36,D51,0,8,128,127,1,8,0
4269,D37,D51,0.045454545,22,114,114,0,21,1
4270,D38,D51,0,3,133,132,1,3,0
4271,D39,D51,0,15,121,120,1,15,0
4272,D4,D51,0.25,4,132,132,0,3,1
4273,D40,D51,0,5,131,130,1,5,0
4274,D41,D51,0,7,129,128,1,7,0
4275,D42,D51,0,3,133,132,1,3,0
4276,D43,D51,0,3,133,132,1,3,0
4277,D44,D51,0,38,98,97,1,38,0
4278,D45,D51,0,12,124,123,1,12,0
4279,D46,D51,0,38,98,97,1,38,0
4280,D47,D51,0,12,124,123,1,12,0
4281,D48,D51,0,26,110,109,1,26,0
4282,D49,D51,0,13,123,122,1,13,0
4283,D5,D51,0.333333333,3,133,133,0,2,1
4284,D50,D51,0,2,134,133,1,2,0
4285,D51,D51,1,1,135,135,0,0,1
4286,D52,D51,0,2,134,133,1,2,0
4287,D53,D51,0,2,134,133,1,2,0
4288,D9,D51,1,1,135,135,0,0,1
4289,Fuma,D52,0.02173913,46,82,81,1,45,1
4290,Cirurgia_coluna,D52,0.018181818,55,63,62,1,54,1
4291,Aposentado,D52,0,31,101,99,2,31,0
4292,Desempregado,D52,0,25,105,103,2,25,0
4293,Licenca_Medica,D52,0,18,114,112,2,18,0
4294,Aposentado_Invalidez,D52,0,8,123,121,2,8,0
4295,Analgésicos,D52,0.011363636,88,42,41,1,87,1
4296,OutraDoenca,D52,0,50,80,78,2,50,0
4297,Dor_costas,D52,0.010989011,91,37,36,1,90,1
4298,Dor_pernas,D52,0,55,72,70,2,55,0
4299,Retornar_trabalho,D52,0,20,99,97,2,20,0
4300,Masc,D52,0.011363636,88,48,47,1,87,1
4301,Fem,D52,0.020833333,48,88,87,1,47,1
4302,Casado_Amasiado,D52,0.018181818,55,81,80,1,54,1
4303,Solteiro,D52,0.016949153,59,77,76,1,58,1
4304,Separado_Divorciado,D52,0,7,129,127,2,7,0
4305,X4,D52,0,3,133,131,2,3,0
4306,X5,D52,0,2,134,132,2,2,0
4307,X6,D52,0,10,126,124,2,10,0
4308,Livrar_costas,D52,0.011627907,86,14,14,0,85,1
4309,Livrar_perna,D52,0,14,86,85,1,14,0
4310,Livrar_perda_sens,D52,NaN,0,100,99,1,0,0
4311,D1,D52,0,1,135,133,2,1,0
4312,D15,D52,0,7,129,127,2,7,0
4313,D16,D52,0,20,116,114,2,20,0
4314,D17,D52,0,5,131,129,2,5,0
4315,D18,D52,0,16,120,118,2,16,0
4316,D19,D52,0,7,129,127,2,7,0
4317,D2,D52,0,8,128,126,2,8,0
4318,D20,D52,0,8,128,126,2,8,0
4319,D21,D52,0,7,129,127,2,7,0
4320,D22,D52,0,2,134,132,2,2,0
4321,D23,D52,0,2,134,132,2,2,0
4322,D24,D52,0,26,110,108,2,26,0
4323,D25,D52,0,4,132,130,2,4,0
4324,D26,D52,0,2,134,132,2,2,0
4325,D27,D52,0,5,131,129,2,5,0
4326,D28,D52,0,6,130,128,2,6,0
4327,D29,D52,0,42,94,92,2,42,0
4328,D3,D52,0,2,134,132,2,2,0
4329,D30,D52,0,62,74,72,2,62,0
4330,D31,D52,0,17,119,117,2,17,0
4331,D32,D52,0.027027027,37,99,98,1,36,1
4332,D33,D52,0,12,124,122,2,12,0
4333,D34,D52,0.333333333,3,133,132,1,2,1
4334,D35,D52,0,2,134,132,2,2,0
4335,D36,D52,0,8,128,126,2,8,0
4336,D37,D52,0,22,114,112,2,22,0
4337,D38,D52,0,3,133,131,2,3,0
4338,D39,D52,0,15,121,119,2,15,0
4339,D4,D52,0,4,132,130,2,4,0
4340,D40,D52,0,5,131,129,2,5,0
4341,D41,D52,0,7,129,127,2,7,0
4342,D42,D52,0.333333333,3,133,132,1,2,1
4343,D43,D52,0.333333333,3,133,132,1,2,1
4344,D44,D52,0.026315789,38,98,97,1,37,1
4345,D45,D52,0,12,124,122,2,12,0
4346,D46,D52,0,38,98,96,2,38,0
4347,D47,D52,0,12,124,122,2,12,0
4348,D48,D52,0,26,110,108,2,26,0
4349,D49,D52,0,13,123,121,2,13,0
4350,D5,D52,0,3,133,131,2,3,0
4351,D50,D52,0.5,2,134,133,1,1,1
4352,D51,D52,0,1,135,133,2,1,0
4353,D52,D52,1,2,134,134,0,0,2
4354,D53,D52,0.5,2,134,133,1,1,1
4355,D9,D52,0,1,135,133,2,1,0
4356,Fuma,D53,0.043478261,46,82,82,0,44,2
4357,Cirurgia_coluna,D53,0.018181818,55,63,62,1,54,1
4358,Aposentado,D53,0,31,101,99,2,31,0
4359,Desempregado,D53,0,25,105,103,2,25,0
4360,Licenca_Medica,D53,0,18,114,112,2,18,0
4361,Aposentado_Invalidez,D53,0,8,123,121,2,8,0
4362,Analgésicos,D53,0.022727273,88,42,42,0,86,2
4363,OutraDoenca,D53,0,50,80,78,2,50,0
4364,Dor_costas,D53,0.010989011,91,37,36,1,90,1
4365,Dor_pernas,D53,0,55,72,70,2,55,0
4366,Retornar_trabalho,D53,0,20,99,97,2,20,0
4367,Masc,D53,0,88,48,46,2,88,0
4368,Fem,D53,0.041666667,48,88,88,0,46,2
4369,Casado_Amasiado,D53,0.036363636,55,81,81,0,53,2
4370,Solteiro,D53,0,59,77,75,2,59,0
4371,Separado_Divorciado,D53,0,7,129,127,2,7,0
4372,X4,D53,0,3,133,131,2,3,0
4373,X5,D53,0,2,134,132,2,2,0
4374,X6,D53,0,10,126,124,2,10,0
4375,Livrar_costas,D53,0.011627907,86,14,14,0,85,1
4376,Livrar_perna,D53,0,14,86,85,1,14,0
4377,Livrar_perda_sens,D53,NaN,0,100,99,1,0,0
4378,D1,D53,0,1,135,133,2,1,0
4379,D15,D53,0,7,129,127,2,7,0
4380,D16,D53,0,20,116,114,2,20,0
4381,D17,D53,0,5,131,129,2,5,0
4382,D18,D53,0.0625,16,120,119,1,15,1
4383,D19,D53,0,7,129,127,2,7,0
4384,D2,D53,0.125,8,128,127,1,7,1
4385,D20,D53,0.125,8,128,127,1,7,1
4386,D21,D53,0.142857143,7,129,128,1,6,1
4387,D22,D53,0,2,134,132,2,2,0
4388,D23,D53,0,2,134,132,2,2,0
4389,D24,D53,0,26,110,108,2,26,0
4390,D25,D53,0,4,132,130,2,4,0
4391,D26,D53,0,2,134,132,2,2,0
4392,D27,D53,0,5,131,129,2,5,0
4393,D28,D53,0.166666667,6,130,129,1,5,1
4394,D29,D53,0,42,94,92,2,42,0
4395,D3,D53,0,2,134,132,2,2,0
4396,D30,D53,0,62,74,72,2,62,0
4397,D31,D53,0,17,119,117,2,17,0
4398,D32,D53,0,37,99,97,2,37,0
4399,D33,D53,0,12,124,122,2,12,0
4400,D34,D53,0.333333333,3,133,132,1,2,1
4401,D35,D53,0,2,134,132,2,2,0
4402,D36,D53,0,8,128,126,2,8,0
4403,D37,D53,0,22,114,112,2,22,0
4404,D38,D53,0,3,133,131,2,3,0
4405,D39,D53,0,15,121,119,2,15,0
4406,D4,D53,0,4,132,130,2,4,0
4407,D40,D53,0,5,131,129,2,5,0
4408,D41,D53,0,7,129,127,2,7,0
4409,D42,D53,0,3,133,131,2,3,0
4410,D43,D53,0.666666667,3,133,133,0,1,2
4411,D44,D53,0,38,98,96,2,38,0
4412,D45,D53,0,12,124,122,2,12,0
4413,D46,D53,0,38,98,96,2,38,0
4414,D47,D53,0,12,124,122,2,12,0
4415,D48,D53,0,26,110,108,2,26,0
4416,D49,D53,0,13,123,121,2,13,0
4417,D5,D53,0,3,133,131,2,3,0
4418,D50,D53,0.5,2,134,133,1,1,1
4419,D51,D53,0,1,135,133,2,1,0
4420,D52,D53,0.5,2,134,133,1,1,1
4421,D53,D53,1,2,134,134,0,0,2
4422,D9,D53,0,1,135,133,2,1,0
4423,Fuma,D9,0.02173913,46,82,82,0,45,1
4424,Cirurgia_coluna,D9,0.018181818,55,63,63,0,54,1
4425,Aposentado,D9,0.032258065,31,101,101,0,30,1
4426,Desempregado,D9,0.04,25,105,105,0,24,1
4427,Licenca_Medica,D9,0.055555556,18,114,114,0,17,1
4428,Aposentado_Invalidez,D9,0,8,123,122,1,8,0
4429,Analgésicos,D9,0.011363636,88,42,42,0,87,1
4430,OutraDoenca,D9,0,50,80,79,1,50,0
4431,Dor_costas,D9,0.010989011,91,37,37,0,90,1
4432,Dor_pernas,D9,0.018181818,55,72,72,0,54,1
4433,Retornar_trabalho,D9,0,20,99,98,1,20,0
4434,Masc,D9,0.011363636,88,48,48,0,87,1
4435,Fem,D9,0,48,88,87,1,48,0
4436,Casado_Amasiado,D9,0,55,81,80,1,55,0
4437,Solteiro,D9,0.016949153,59,77,77,0,58,1
4438,Separado_Divorciado,D9,0,7,129,128,1,7,0
4439,X4,D9,0,3,133,132,1,3,0
4440,X5,D9,0,2,134,133,1,2,0
4441,X6,D9,0,10,126,125,1,10,0
4442,Livrar_costas,D9,0.011627907,86,14,14,0,85,1
4443,Livrar_perna,D9,0,14,86,85,1,14,0
4444,Livrar_perda_sens,D9,NaN,0,100,99,1,0,0
4445,D1,D9,0,1,135,134,1,1,0
4446,D15,D9,0.142857143,7,129,129,0,6,1
4447,D16,D9,0.05,20,116,116,0,19,1
4448,D17,D9,0,5,131,130,1,5,0
4449,D18,D9,0,16,120,119,1,16,0
4450,D19,D9,0,7,129,128,1,7,0
4451,D2,D9,0.125,8,128,128,0,7,1
4452,D20,D9,0,8,128,127,1,8,0
4453,D21,D9,0,7,129,128,1,7,0
4454,D22,D9,0,2,134,133,1,2,0
4455,D23,D9,0,2,134,133,1,2,0
4456,D24,D9,0,26,110,109,1,26,0
4457,D25,D9,0,4,132,131,1,4,0
4458,D26,D9,0,2,134,133,1,2,0
4459,D27,D9,0,5,131,130,1,5,0
4460,D28,D9,0,6,130,129,1,6,0
4461,D29,D9,0,42,94,93,1,42,0
4462,D3,D9,0,2,134,133,1,2,0
4463,D30,D9,0,62,74,73,1,62,0
4464,D31,D9,0,17,119,118,1,17,0
4465,D32,D9,0,37,99,98,1,37,0
4466,D33,D9,0,12,124,123,1,12,0
4467,D34,D9,0.333333333,3,133,133,0,2,1
4468,D35,D9,0.5,2,134,134,0,1,1
4469,D36,D9,0,8,128,127,1,8,0
4470,D37,D9,0.045454545,22,114,114,0,21,1
4471,D38,D9,0,3,133,132,1,3,0
4472,D39,D9,0,15,121,120,1,15,0
4473,D4,D9,0.25,4,132,132,0,3,1
4474,D40,D9,0,5,131,130,1,5,0
4475,D41,D9,0,7,129,128,1,7,0
4476,D42,D9,0,3,133,132,1,3,0
4477,D43,D9,0,3,133,132,1,3,0
4478,D44,D9,0,38,98,97,1,38,0
4479,D45,D9,0,12,124,123,1,12,0
4480,D46,D9,0,38,98,97,1,38,0
4481,D47,D9,0,12,124,123,1,12,0
4482,D48,D9,0,26,110,109,1,26,0
4483,D49,D9,0,13,123,122,1,13,0
4484,D5,D9,0.333333333,3,133,133,0,2,1
4485,D50,D9,0,2,134,133,1,2,0
4486,D51,D9,1,1,135,135,0,0,1
4487,D52,D9,0,2,134,133,1,2,0
4488,D53,D9,0,2,134,133,1,2,0
4489,D9,D9,1,1,135,135,0,0,1
