,demonimador,numerador,Frequência,Qtd_1_Denom,Qtd_0_Demon,D0N0,D0N1,D1N0,D1N1
1,Analgésicos,Fuma,0.25203252,123,63,49,14,92,31
2,Analgésicos,Cirurgia_coluna,0.385185185,135,63,39,24,83,52
3,Analgésicos,Aposentado,0.181102362,127,66,54,12,104,23
4,Analgésicos,Desempregado,0.144,125,64,54,10,107,18
5,Analgésicos,Licenca_Medica,0.088,125,66,58,8,114,11
6,Analgésicos,Aposentado_Invalidez,0.055555556,126,64,63,1,119,7
7,Analgésicos,Analgésicos,1,147,68,68,0,0,147
8,Analgésicos,OutraDoenca,0.401515152,132,67,45,22,79,53
9,Analgésicos,Dor_costas,0.727941176,136,64,41,23,37,99
10,Analgésicos,Dor_pernas,0.402985075,134,64,54,10,80,54
11,Analgésicos,Retornar_trabalho,0.135338346,133,59,56,3,115,18
12,Analgésicos,Masc,0.693877551,147,68,27,41,45,102
13,Analgésicos,Fem,0.306122449,147,68,41,27,102,45
14,Analgésicos,Casado_Amasiado,0.459016393,122,65,40,25,66,56
15,Analgésicos,Solteiro,0.393442623,122,65,33,32,74,48
16,Analgésicos,Separado_Divorciado,0.049180328,122,65,63,2,116,6
17,Analgésicos,X4,0.016393443,122,65,64,1,120,2
18,Analgésicos,X5,0.008196721,122,65,62,3,121,1
19,Analgésicos,X6,0.073770492,122,65,63,2,113,9
20,Analgésicos,Livrar_costas,0.886597938,97,26,4,22,11,86
21,Analgésicos,Livrar_perna,0.113402062,97,26,23,3,86,11
22,Analgésicos,Livrar_perda_sens,0,97,26,25,1,97,0
23,Analgésicos,X1,0.011363636,88,42,42,0,87,1
24,Analgésicos,X15,0.034090909,88,42,38,4,85,3
25,Analgésicos,X16,0.204545455,88,42,40,2,70,18
26,Analgésicos,X17,0.045454545,88,42,41,1,84,4
27,Analgésicos,X18,0.147727273,88,42,40,2,75,13
28,Analgésicos,X19,0.056818182,88,42,41,1,83,5
29,Analgésicos,X2,0.079545455,88,42,41,1,81,7
30,Analgésicos,X20,0.068181818,88,42,41,1,82,6
31,Analgésicos,X21,0.068181818,88,42,41,1,82,6
32,Analgésicos,X22,0.011363636,88,42,42,0,87,1
33,Analgésicos,X23,0.022727273,88,42,42,0,86,2
34,Analgésicos,X24,0.193181818,88,42,33,9,71,17
35,Analgésicos,X25,0.034090909,88,42,41,1,85,3
36,Analgésicos,X26,0.022727273,88,42,42,0,86,2
37,Analgésicos,X27,0.045454545,88,42,41,1,84,4
38,Analgésicos,X28,0.045454545,88,42,40,2,84,4
39,Analgésicos,X29,0.397727273,88,42,35,7,53,35
40,Analgésicos,X3,0.022727273,88,42,42,0,86,2
41,Analgésicos,X30,0.602272727,88,42,33,9,35,53
42,Analgésicos,X31,0.102272727,88,42,34,8,79,9
43,Analgésicos,X32,0.375,88,42,38,4,55,33
44,Analgésicos,X33,0.090909091,88,42,38,4,80,8
45,Analgésicos,X34,0.022727273,88,42,41,1,86,2
46,Analgésicos,X35,0.022727273,88,42,42,0,86,2
47,Analgésicos,X36,0.034090909,88,42,37,5,85,3
48,Analgésicos,X37,0.204545455,88,42,38,4,70,18
49,Analgésicos,X38,0.011363636,88,42,40,2,87,1
50,Analgésicos,X39,0.159090909,88,42,41,1,74,14
51,Analgésicos,X4,0.045454545,88,42,42,0,84,4
52,Analgésicos,X40,0.022727273,88,42,39,3,86,2
53,Analgésicos,X41,0.056818182,88,42,40,2,83,5
54,Analgésicos,X42,0.011363636,88,42,41,1,87,1
55,Analgésicos,X43,0.034090909,88,42,42,0,85,3
56,Analgésicos,X44,0.375,88,42,37,5,55,33
57,Analgésicos,X45,0.102272727,88,42,39,3,79,9
58,Analgésicos,X46,0.375,88,42,37,5,55,33
59,Analgésicos,X47,0.090909091,88,42,38,4,80,8
60,Analgésicos,X48,0.25,88,42,38,4,66,22
61,Analgésicos,X49,0.090909091,88,42,37,5,80,8
62,Analgésicos,X5,0.022727273,88,42,41,1,86,2
63,Analgésicos,X50,0.011363636,88,42,41,1,87,1
64,Analgésicos,X51,0.011363636,88,42,42,0,87,1
65,Analgésicos,X52,0.011363636,88,42,41,1,87,1
66,Analgésicos,X53,0.022727273,88,42,42,0,86,2
67,Analgésicos,X9,0.011363636,88,42,42,0,87,1
68,Aposentado,Fuma,0.323529412,34,155,121,34,23,11
69,Aposentado,Cirurgia_coluna,0.606060606,33,151,99,52,13,20
70,Aposentado,Aposentado,1,37,164,164,0,0,37
71,Aposentado,Desempregado,0.305555556,36,161,142,19,25,11
72,Aposentado,Licenca_Medica,0.138888889,36,163,149,14,31,5
73,Aposentado,Aposentado_Invalidez,0.028571429,35,159,152,7,34,1
74,Aposentado,Analgésicos,0.657142857,35,158,54,104,12,23
75,Aposentado,OutraDoenca,0.513513514,37,158,106,52,18,19
76,Aposentado,Dor_costas,0.694444444,36,157,65,92,11,25
77,Aposentado,Dor_pernas,0.388888889,36,155,108,47,22,14
78,Aposentado,Retornar_trabalho,0.433333333,30,146,138,8,17,13
79,Aposentado,Masc,0.783783784,37,164,61,103,8,29
80,Aposentado,Fem,0.216216216,37,164,103,61,29,8
81,Aposentado,Casado_Amasiado,0.441176471,34,156,88,68,19,15
82,Aposentado,Solteiro,0.264705882,34,156,84,72,25,9
83,Aposentado,Separado_Divorciado,0.088235294,34,156,151,5,31,3
84,Aposentado,X4,0,34,156,153,3,34,0
85,Aposentado,X5,0,34,156,152,4,34,0
86,Aposentado,X6,0.205882353,34,156,152,4,27,7
87,Aposentado,Livrar_costas,0.961538462,26,93,13,80,1,25
88,Aposentado,Livrar_perna,0.038461538,26,93,81,12,25,1
89,Aposentado,Livrar_perda_sens,0,26,93,92,1,26,0
90,Aposentado,X1,0,31,101,100,1,31,0
91,Aposentado,X15,0.032258065,31,101,96,5,30,1
92,Aposentado,X16,0.290322581,31,101,90,11,22,9
93,Aposentado,X17,0,31,101,96,5,31,0
94,Aposentado,X18,0.064516129,31,101,87,14,29,2
95,Aposentado,X19,0.064516129,31,101,96,5,29,2
96,Aposentado,X2,0.064516129,31,101,95,6,29,2
97,Aposentado,X20,0.064516129,31,101,95,6,29,2
98,Aposentado,X21,0.064516129,31,101,96,5,29,2
99,Aposentado,X22,0.032258065,31,101,100,1,30,1
100,Aposentado,X23,0.032258065,31,101,100,1,30,1
101,Aposentado,X24,0.129032258,31,101,79,22,27,4
102,Aposentado,X25,0.064516129,31,101,99,2,29,2
103,Aposentado,X26,0.032258065,31,101,100,1,30,1
104,Aposentado,X27,0.064516129,31,101,98,3,29,2
105,Aposentado,X28,0.064516129,31,101,97,4,29,2
106,Aposentado,X29,0.419354839,31,101,72,29,18,13
107,Aposentado,X3,0,31,101,99,2,31,0
108,Aposentado,X30,0.64516129,31,101,59,42,11,20
109,Aposentado,X31,0.096774194,31,101,88,13,28,3
110,Aposentado,X32,0.322580645,31,101,74,27,21,10
111,Aposentado,X33,0.032258065,31,101,91,10,30,1
112,Aposentado,X34,0.032258065,31,101,99,2,30,1
113,Aposentado,X35,0.032258065,31,101,100,1,30,1
114,Aposentado,X36,0.064516129,31,101,96,5,29,2
115,Aposentado,X37,0.290322581,31,101,88,13,22,9
116,Aposentado,X38,0,31,101,99,2,31,0
117,Aposentado,X39,0.225806452,31,101,93,8,24,7
118,Aposentado,X4,0.032258065,31,101,98,3,30,1
119,Aposentado,X40,0,31,101,97,4,31,0
120,Aposentado,X41,0.064516129,31,101,96,5,29,2
121,Aposentado,X42,0.032258065,31,101,99,2,30,1
122,Aposentado,X43,0.032258065,31,101,99,2,30,1
123,Aposentado,X44,0.387096774,31,101,75,26,19,12
124,Aposentado,X45,0.064516129,31,101,92,9,29,2
125,Aposentado,X46,0.35483871,31,101,74,27,20,11
126,Aposentado,X47,0.032258065,31,101,91,10,30,1
127,Aposentado,X48,0.322580645,31,101,85,16,21,10
128,Aposentado,X49,0.032258065,31,101,90,11,30,1
129,Aposentado,X5,0.064516129,31,101,100,1,29,2
130,Aposentado,X50,0,31,101,99,2,31,0
131,Aposentado,X51,0.032258065,31,101,101,0,30,1
132,Aposentado,X52,0,31,101,99,2,31,0
133,Aposentado,X53,0,31,101,99,2,31,0
134,Aposentado,X9,0.032258065,31,101,101,0,30,1
135,Aposentado_Invalidez,Fuma,0.625,8,174,135,39,3,5
136,Aposentado_Invalidez,Cirurgia_coluna,0.4,5,176,107,69,3,2
137,Aposentado_Invalidez,Aposentado,0.125,8,186,152,34,7,1
138,Aposentado_Invalidez,Desempregado,0.375,8,183,157,26,5,3
139,Aposentado_Invalidez,Licenca_Medica,0.375,8,184,169,15,5,3
140,Aposentado_Invalidez,Aposentado_Invalidez,1,8,189,189,0,0,8
141,Aposentado_Invalidez,Analgésicos,0.875,8,182,63,119,1,7
142,Aposentado_Invalidez,OutraDoenca,0.625,8,184,117,67,3,5
143,Aposentado_Invalidez,Dor_costas,0.875,8,182,74,108,1,7
144,Aposentado_Invalidez,Dor_pernas,0.875,8,180,128,52,1,7
145,Aposentado_Invalidez,Retornar_trabalho,0.571428571,7,167,150,17,3,4
146,Aposentado_Invalidez,Masc,0.5,8,189,65,124,4,4
147,Aposentado_Invalidez,Fem,0.5,8,189,124,65,4,4
148,Aposentado_Invalidez,Casado_Amasiado,0.375,8,178,98,80,5,3
149,Aposentado_Invalidez,Solteiro,0.5,8,178,105,73,4,4
150,Aposentado_Invalidez,Separado_Divorciado,0,8,178,170,8,8,0
151,Aposentado_Invalidez,X4,0,8,178,175,3,8,0
152,Aposentado_Invalidez,X5,0,8,178,174,4,8,0
153,Aposentado_Invalidez,X6,0.125,8,178,168,10,7,1
154,Aposentado_Invalidez,Livrar_costas,0.75,8,109,13,96,2,6
155,Aposentado_Invalidez,Livrar_perna,0.25,8,109,98,11,6,2
156,Aposentado_Invalidez,Livrar_perda_sens,0,8,109,107,2,8,0
157,Aposentado_Invalidez,X1,0,8,123,122,1,8,0
158,Aposentado_Invalidez,X15,0.125,8,123,118,5,7,1
159,Aposentado_Invalidez,X16,0.375,8,123,107,16,5,3
160,Aposentado_Invalidez,X17,0,8,123,118,5,8,0
161,Aposentado_Invalidez,X18,0.125,8,123,108,15,7,1
162,Aposentado_Invalidez,X19,0.125,8,123,117,6,7,1
163,Aposentado_Invalidez,X2,0.125,8,123,116,7,7,1
164,Aposentado_Invalidez,X20,0.125,8,123,116,7,7,1
165,Aposentado_Invalidez,X21,0,8,123,116,7,8,0
166,Aposentado_Invalidez,X22,0,8,123,121,2,8,0
167,Aposentado_Invalidez,X23,0,8,123,121,2,8,0
168,Aposentado_Invalidez,X24,0.375,8,123,100,23,5,3
169,Aposentado_Invalidez,X25,0,8,123,119,4,8,0
170,Aposentado_Invalidez,X26,0,8,123,121,2,8,0
171,Aposentado_Invalidez,X27,0.125,8,123,119,4,7,1
172,Aposentado_Invalidez,X28,0,8,123,117,6,8,0
173,Aposentado_Invalidez,X29,0.625,8,123,86,37,3,5
174,Aposentado_Invalidez,X3,0.125,8,123,122,1,7,1
175,Aposentado_Invalidez,X30,0.875,8,123,69,54,1,7
176,Aposentado_Invalidez,X31,0.125,8,123,108,15,7,1
177,Aposentado_Invalidez,X32,0.5,8,123,91,32,4,4
178,Aposentado_Invalidez,X33,0,8,123,113,10,8,0
179,Aposentado_Invalidez,X34,0,8,123,120,3,8,0
180,Aposentado_Invalidez,X35,0,8,123,121,2,8,0
181,Aposentado_Invalidez,X36,0,8,123,116,7,8,0
182,Aposentado_Invalidez,X37,0.25,8,123,103,20,6,2
183,Aposentado_Invalidez,X38,0,8,123,121,2,8,0
184,Aposentado_Invalidez,X39,0.125,8,123,109,14,7,1
185,Aposentado_Invalidez,X4,0.125,8,123,120,3,7,1
186,Aposentado_Invalidez,X40,0,8,123,119,4,8,0
187,Aposentado_Invalidez,X41,0.125,8,123,117,6,7,1
188,Aposentado_Invalidez,X42,0,8,123,120,3,8,0
189,Aposentado_Invalidez,X43,0,8,123,120,3,8,0
190,Aposentado_Invalidez,X44,0.5,8,123,90,33,4,4
191,Aposentado_Invalidez,X45,0.125,8,123,114,9,7,1
192,Aposentado_Invalidez,X46,0.625,8,123,90,33,3,5
193,Aposentado_Invalidez,X47,0.25,8,123,114,9,6,2
194,Aposentado_Invalidez,X48,0.25,8,123,99,24,6,2
195,Aposentado_Invalidez,X49,0,8,123,111,12,8,0
196,Aposentado_Invalidez,X5,0,8,123,120,3,8,0
197,Aposentado_Invalidez,X50,0,8,123,121,2,8,0
198,Aposentado_Invalidez,X51,0,8,123,122,1,8,0
199,Aposentado_Invalidez,X52,0,8,123,121,2,8,0
200,Aposentado_Invalidez,X53,0,8,123,121,2,8,0
201,Aposentado_Invalidez,X9,0,8,123,122,1,8,0
202,Casado_Amasiado,Fuma,0.142857143,84,109,75,34,72,12
203,Casado_Amasiado,Cirurgia_coluna,0.353658537,82,96,53,43,53,29
204,Casado_Amasiado,Aposentado,0.180722892,83,107,88,19,68,15
205,Casado_Amasiado,Desempregado,0.109756098,82,104,87,17,73,9
206,Casado_Amasiado,Licenca_Medica,0.061728395,81,107,93,14,76,5
207,Casado_Amasiado,Aposentado_Invalidez,0.036144578,83,103,98,5,80,3
208,Casado_Amasiado,Analgésicos,0.691358025,81,106,40,66,25,56
209,Casado_Amasiado,OutraDoenca,0.333333333,84,105,64,41,56,28
210,Casado_Amasiado,Dor_costas,0.614457831,83,103,45,58,32,51
211,Casado_Amasiado,Dor_pernas,0.313253012,83,102,66,36,57,26
212,Casado_Amasiado,Retornar_trabalho,0.098591549,71,96,82,14,64,7
213,Casado_Amasiado,Masc,0.588235294,85,117,33,84,35,50
214,Casado_Amasiado,Fem,0.411764706,85,117,84,33,50,35
215,Casado_Amasiado,Casado_Amasiado,1,85,117,117,0,0,85
216,Casado_Amasiado,Solteiro,0,85,117,29,88,85,0
217,Casado_Amasiado,Separado_Divorciado,0,85,117,109,8,85,0
218,Casado_Amasiado,X4,0,85,117,114,3,85,0
219,Casado_Amasiado,X5,0,85,117,111,6,85,0
220,Casado_Amasiado,X6,0,85,117,105,12,85,0
221,Casado_Amasiado,Livrar_costas,0.891304348,46,66,10,56,5,41
222,Casado_Amasiado,Livrar_perna,0.108695652,46,66,57,9,41,5
223,Casado_Amasiado,Livrar_perda_sens,0,46,66,65,1,46,0
224,Casado_Amasiado,X1,0.018181818,55,81,81,0,54,1
225,Casado_Amasiado,X15,0.054545455,55,81,77,4,52,3
226,Casado_Amasiado,X16,0.181818182,55,81,71,10,45,10
227,Casado_Amasiado,X17,0.036363636,55,81,78,3,53,2
228,Casado_Amasiado,X18,0.109090909,55,81,71,10,49,6
229,Casado_Amasiado,X19,0.054545455,55,81,77,4,52,3
230,Casado_Amasiado,X2,0.018181818,55,81,74,7,54,1
231,Casado_Amasiado,X20,0.072727273,55,81,77,4,51,4
232,Casado_Amasiado,X21,0.090909091,55,81,79,2,50,5
233,Casado_Amasiado,X22,0.036363636,55,81,81,0,53,2
234,Casado_Amasiado,X23,0,55,81,79,2,55,0
235,Casado_Amasiado,X24,0.2,55,81,66,15,44,11
236,Casado_Amasiado,X25,0.018181818,55,81,78,3,54,1
237,Casado_Amasiado,X26,0.036363636,55,81,81,0,53,2
238,Casado_Amasiado,X27,0,55,81,76,5,55,0
239,Casado_Amasiado,X28,0.036363636,55,81,77,4,53,2
240,Casado_Amasiado,X29,0.4,55,81,61,20,33,22
241,Casado_Amasiado,X3,0,55,81,79,2,55,0
242,Casado_Amasiado,X30,0.527272727,55,81,48,33,26,29
243,Casado_Amasiado,X31,0.090909091,55,81,69,12,50,5
244,Casado_Amasiado,X32,0.327272727,55,81,62,19,37,18
245,Casado_Amasiado,X33,0.072727273,55,81,73,8,51,4
246,Casado_Amasiado,X34,0.018181818,55,81,79,2,54,1
247,Casado_Amasiado,X35,0,55,81,79,2,55,0
248,Casado_Amasiado,X36,0.072727273,55,81,77,4,51,4
249,Casado_Amasiado,X37,0.2,55,81,70,11,44,11
250,Casado_Amasiado,X38,0,55,81,78,3,55,0
251,Casado_Amasiado,X39,0.145454545,55,81,74,7,47,8
252,Casado_Amasiado,X4,0,55,81,77,4,55,0
253,Casado_Amasiado,X40,0.018181818,55,81,77,4,54,1
254,Casado_Amasiado,X41,0.054545455,55,81,77,4,52,3
255,Casado_Amasiado,X42,0.036363636,55,81,80,1,53,2
256,Casado_Amasiado,X43,0.054545455,55,81,81,0,52,3
257,Casado_Amasiado,X44,0.345454545,55,81,62,19,36,19
258,Casado_Amasiado,X45,0.036363636,55,81,71,10,53,2
259,Casado_Amasiado,X46,0.345454545,55,81,62,19,36,19
260,Casado_Amasiado,X47,0.036363636,55,81,71,10,53,2
261,Casado_Amasiado,X48,0.218181818,55,81,67,14,43,12
262,Casado_Amasiado,X49,0.090909091,55,81,73,8,50,5
263,Casado_Amasiado,X5,0,55,81,78,3,55,0
264,Casado_Amasiado,X50,0.018181818,55,81,80,1,54,1
265,Casado_Amasiado,X51,0,55,81,80,1,55,0
266,Casado_Amasiado,X52,0.018181818,55,81,80,1,54,1
267,Casado_Amasiado,X53,0.036363636,55,81,81,0,53,2
268,Casado_Amasiado,X9,0,55,81,80,1,55,0
269,Cirurgia_coluna,Fuma,0.314285714,70,108,96,12,48,22
270,Cirurgia_coluna,Cirurgia_coluna,1,79,134,134,0,0,79
271,Cirurgia_coluna,Aposentado,0.277777778,72,112,99,13,52,20
272,Cirurgia_coluna,Desempregado,0.208333333,72,108,99,9,57,15
273,Cirurgia_coluna,Licenca_Medica,0.138888889,72,110,107,3,62,10
274,Cirurgia_coluna,Aposentado_Invalidez,0.028169014,71,110,107,3,69,2
275,Cirurgia_coluna,Analgésicos,0.684210526,76,122,39,83,24,52
276,Cirurgia_coluna,OutraDoenca,0.373333333,75,114,69,45,47,28
277,Cirurgia_coluna,Dor_costas,0.64,75,115,48,67,27,48
278,Cirurgia_coluna,Dor_pernas,0.410958904,73,113,89,24,43,30
279,Cirurgia_coluna,Retornar_trabalho,0.119402985,67,118,110,8,59,8
280,Cirurgia_coluna,Masc,0.708860759,79,134,49,85,23,56
281,Cirurgia_coluna,Fem,0.291139241,79,134,85,49,56,23
282,Cirurgia_coluna,Casado_Amasiado,0.402777778,72,106,53,53,43,29
283,Cirurgia_coluna,Solteiro,0.430555556,72,106,64,42,41,31
284,Cirurgia_coluna,Separado_Divorciado,0.041666667,72,106,101,5,69,3
285,Cirurgia_coluna,X4,0,72,106,105,1,72,0
286,Cirurgia_coluna,X5,0.027777778,72,106,104,2,70,2
287,Cirurgia_coluna,X6,0.097222222,72,106,103,3,65,7
288,Cirurgia_coluna,Livrar_costas,0.86,50,63,8,55,7,43
289,Cirurgia_coluna,Livrar_perna,0.12,50,63,56,7,44,6
290,Cirurgia_coluna,Livrar_perda_sens,0.02,50,63,62,1,49,1
291,Cirurgia_coluna,X1,0,55,63,62,1,55,0
292,Cirurgia_coluna,X15,0.090909091,55,63,63,0,50,5
293,Cirurgia_coluna,X16,0.145454545,55,63,54,9,47,8
294,Cirurgia_coluna,X17,0.036363636,55,63,62,1,53,2
295,Cirurgia_coluna,X18,0.127272727,55,63,58,5,48,7
296,Cirurgia_coluna,X19,0,55,63,59,4,55,0
297,Cirurgia_coluna,X2,0.054545455,55,63,61,2,52,3
298,Cirurgia_coluna,X20,0.018181818,55,63,58,5,54,1
299,Cirurgia_coluna,X21,0,55,63,58,5,55,0
300,Cirurgia_coluna,X22,0,55,63,62,1,55,0
301,Cirurgia_coluna,X23,0.018181818,55,63,62,1,54,1
302,Cirurgia_coluna,X24,0.163636364,55,63,50,13,46,9
303,Cirurgia_coluna,X25,0.036363636,55,63,61,2,53,2
304,Cirurgia_coluna,X26,0,55,63,62,1,55,0
305,Cirurgia_coluna,X27,0.054545455,55,63,63,0,52,3
306,Cirurgia_coluna,X28,0.054545455,55,63,61,2,52,3
307,Cirurgia_coluna,X29,0.345454545,55,63,45,18,36,19
308,Cirurgia_coluna,X3,0,55,63,62,1,55,0
309,Cirurgia_coluna,X30,0.490909091,55,63,36,27,28,27
310,Cirurgia_coluna,X31,0.145454545,55,63,58,5,47,8
311,Cirurgia_coluna,X32,0.272727273,55,63,46,17,40,15
312,Cirurgia_coluna,X33,0.072727273,55,63,58,5,51,4
313,Cirurgia_coluna,X34,0.036363636,55,63,63,0,53,2
314,Cirurgia_coluna,X35,0.036363636,55,63,63,0,53,2
315,Cirurgia_coluna,X36,0.109090909,55,63,63,0,49,6
316,Cirurgia_coluna,X37,0.181818182,55,63,54,9,45,10
317,Cirurgia_coluna,X38,0.036363636,55,63,63,0,53,2
318,Cirurgia_coluna,X39,0.109090909,55,63,55,8,49,6
319,Cirurgia_coluna,X4,0.036363636,55,63,62,1,53,2
320,Cirurgia_coluna,X40,0.072727273,55,63,63,0,51,4
321,Cirurgia_coluna,X41,0.090909091,55,63,62,1,50,5
322,Cirurgia_coluna,X42,0,55,63,61,2,55,0
323,Cirurgia_coluna,X43,0.018181818,55,63,62,1,54,1
324,Cirurgia_coluna,X44,0.327272727,55,63,46,17,37,18
325,Cirurgia_coluna,X45,0.127272727,55,63,60,3,48,7
326,Cirurgia_coluna,X46,0.309090909,55,63,46,17,38,17
327,Cirurgia_coluna,X47,0.109090909,55,63,60,3,49,6
328,Cirurgia_coluna,X48,0.163636364,55,63,48,15,46,9
329,Cirurgia_coluna,X49,0.090909091,55,63,57,6,50,5
330,Cirurgia_coluna,X5,0.036363636,55,63,63,0,53,2
331,Cirurgia_coluna,X50,0.018181818,55,63,63,0,54,1
332,Cirurgia_coluna,X51,0.018181818,55,63,63,0,54,1
333,Cirurgia_coluna,X52,0.018181818,55,63,62,1,54,1
334,Cirurgia_coluna,X53,0.018181818,55,63,62,1,54,1
335,Cirurgia_coluna,X9,0.018181818,55,63,63,0,54,1
336,Desempregado,Fuma,0.392857143,28,157,123,34,17,11
337,Desempregado,Cirurgia_coluna,0.625,24,156,99,57,9,15
338,Desempregado,Aposentado,0.366666667,30,167,142,25,19,11
339,Desempregado,Desempregado,1,30,167,167,0,0,30
340,Desempregado,Licenca_Medica,0.266666667,30,166,155,11,22,8
341,Desempregado,Aposentado_Invalidez,0.103448276,29,162,157,5,26,3
342,Desempregado,Analgésicos,0.642857143,28,161,54,107,10,18
343,Desempregado,OutraDoenca,0.466666667,30,161,105,56,16,14
344,Desempregado,Dor_costas,0.9,30,160,72,88,3,27
345,Desempregado,Dor_pernas,0.333333333,30,158,108,50,20,10
346,Desempregado,Retornar_trabalho,0.269230769,26,147,135,12,19,7
347,Desempregado,Masc,0.6,30,167,57,110,12,18
348,Desempregado,Fem,0.4,30,167,110,57,18,12
349,Desempregado,Casado_Amasiado,0.346153846,26,160,87,73,17,9
350,Desempregado,Solteiro,0.538461538,26,160,95,65,12,14
351,Desempregado,Separado_Divorciado,0.038461538,26,160,154,6,25,1
352,Desempregado,X4,0,26,160,157,3,26,0
353,Desempregado,X5,0.038461538,26,160,157,3,25,1
354,Desempregado,X6,0.038461538,26,160,150,10,25,1
355,Desempregado,Livrar_costas,0.846153846,26,92,10,82,4,22
356,Desempregado,Livrar_perna,0.153846154,26,92,83,9,22,4
357,Desempregado,Livrar_perda_sens,0,26,92,91,1,26,0
358,Desempregado,X1,0,25,105,104,1,25,0
359,Desempregado,X15,0.08,25,105,101,4,23,2
360,Desempregado,X16,0.08,25,105,87,18,23,2
361,Desempregado,X17,0.04,25,105,101,4,24,1
362,Desempregado,X18,0.16,25,105,93,12,21,4
363,Desempregado,X19,0.08,25,105,100,5,23,2
364,Desempregado,X2,0.12,25,105,100,5,22,3
365,Desempregado,X20,0.08,25,105,99,6,23,2
366,Desempregado,X21,0.04,25,105,99,6,24,1
367,Desempregado,X22,0.04,25,105,104,1,24,1
368,Desempregado,X23,0.04,25,105,104,1,24,1
369,Desempregado,X24,0.28,25,105,86,19,18,7
370,Desempregado,X25,0.08,25,105,103,2,23,2
371,Desempregado,X26,0.04,25,105,104,1,24,1
372,Desempregado,X27,0.04,25,105,101,4,24,1
373,Desempregado,X28,0.08,25,105,101,4,23,2
374,Desempregado,X29,0.28,25,105,70,35,18,7
375,Desempregado,X3,0.04,25,105,104,1,24,1
376,Desempregado,X30,0.52,25,105,56,49,12,13
377,Desempregado,X31,0.16,25,105,93,12,21,4
378,Desempregado,X32,0.12,25,105,71,34,22,3
379,Desempregado,X33,0.04,25,105,95,10,24,1
380,Desempregado,X34,0.08,25,105,104,1,23,2
381,Desempregado,X35,0.08,25,105,105,0,23,2
382,Desempregado,X36,0.08,25,105,100,5,23,2
383,Desempregado,X37,0.12,25,105,86,19,22,3
384,Desempregado,X38,0,25,105,103,2,25,0
385,Desempregado,X39,0.04,25,105,91,14,24,1
386,Desempregado,X4,0.12,25,105,104,1,22,3
387,Desempregado,X40,0.04,25,105,102,3,24,1
388,Desempregado,X41,0.04,25,105,99,6,24,1
389,Desempregado,X42,0.04,25,105,103,2,24,1
390,Desempregado,X43,0.04,25,105,103,2,24,1
391,Desempregado,X44,0.12,25,105,70,35,22,3
392,Desempregado,X45,0.04,25,105,95,10,24,1
393,Desempregado,X46,0.16,25,105,71,34,21,4
394,Desempregado,X47,0.08,25,105,96,9,23,2
395,Desempregado,X48,0.12,25,105,82,23,22,3
396,Desempregado,X49,0.04,25,105,94,11,24,1
397,Desempregado,X5,0.08,25,105,104,1,23,2
398,Desempregado,X50,0.04,25,105,104,1,24,1
399,Desempregado,X51,0.04,25,105,105,0,24,1
400,Desempregado,X52,0,25,105,103,2,25,0
401,Desempregado,X53,0,25,105,103,2,25,0
402,Desempregado,X9,0.04,25,105,105,0,24,1
403,Dor_costas,Fuma,0.28440367,109,75,60,15,78,31
404,Dor_costas,Cirurgia_coluna,0.417391304,115,75,48,27,67,48
405,Dor_costas,Aposentado,0.213675214,117,76,65,11,92,25
406,Dor_costas,Desempregado,0.234782609,115,75,72,3,88,27
407,Dor_costas,Licenca_Medica,0.137931034,116,75,72,3,100,16
408,Dor_costas,Aposentado_Invalidez,0.060869565,115,75,74,1,108,7
409,Dor_costas,Analgésicos,0.81147541,122,78,41,37,23,99
410,Dor_costas,OutraDoenca,0.415254237,118,78,53,25,69,49
411,Dor_costas,Dor_costas,1,128,79,79,0,0,128
412,Dor_costas,Dor_pernas,0.432,125,78,68,10,71,54
413,Dor_costas,Retornar_trabalho,0.153846154,117,68,66,2,99,18
414,Dor_costas,Masc,0.703125,128,79,31,48,38,90
415,Dor_costas,Fem,0.296875,128,79,48,31,90,38
416,Dor_costas,Casado_Amasiado,0.467889908,109,77,45,32,58,51
417,Dor_costas,Solteiro,0.394495413,109,77,43,34,66,43
418,Dor_costas,Separado_Divorciado,0.055045872,109,77,75,2,103,6
419,Dor_costas,X4,0.018348624,109,77,76,1,107,2
420,Dor_costas,X5,0.009174312,109,77,74,3,108,1
421,Dor_costas,X6,0.055045872,109,77,72,5,103,6
422,Dor_costas,Livrar_costas,0.918918919,111,16,7,9,9,102
423,Dor_costas,Livrar_perna,0.072072072,111,16,10,6,103,8
424,Dor_costas,Livrar_perda_sens,0.009009009,111,16,15,1,110,1
425,Dor_costas,X1,0.010989011,91,37,37,0,90,1
426,Dor_costas,X15,0.054945055,91,37,35,2,86,5
427,Dor_costas,X16,0.208791209,91,37,36,1,72,19
428,Dor_costas,X17,0.054945055,91,37,37,0,86,5
429,Dor_costas,X18,0.164835165,91,37,36,1,76,15
430,Dor_costas,X19,0.076923077,91,37,37,0,84,7
431,Dor_costas,X2,0.087912088,91,37,37,0,83,8
432,Dor_costas,X20,0.087912088,91,37,37,0,83,8
433,Dor_costas,X21,0.076923077,91,37,37,0,84,7
434,Dor_costas,X22,0.021978022,91,37,37,0,89,2
435,Dor_costas,X23,0.021978022,91,37,37,0,89,2
436,Dor_costas,X24,0.241758242,91,37,33,4,69,22
437,Dor_costas,X25,0.043956044,91,37,37,0,87,4
438,Dor_costas,X26,0.021978022,91,37,37,0,89,2
439,Dor_costas,X27,0.043956044,91,37,36,1,87,4
440,Dor_costas,X28,0.054945055,91,37,36,1,86,5
441,Dor_costas,X29,0.406593407,91,37,33,4,54,37
442,Dor_costas,X3,0.021978022,91,37,37,0,89,2
443,Dor_costas,X30,0.615384615,91,37,32,5,35,56
444,Dor_costas,X31,0.153846154,91,37,34,3,77,14
445,Dor_costas,X32,0.362637363,91,37,34,3,58,33
446,Dor_costas,X33,0.098901099,91,37,34,3,82,9
447,Dor_costas,X34,0.021978022,91,37,36,1,89,2
448,Dor_costas,X35,0.021978022,91,37,37,0,89,2
449,Dor_costas,X36,0.043956044,91,37,33,4,87,4
450,Dor_costas,X37,0.208791209,91,37,34,3,72,19
451,Dor_costas,X38,0,91,37,34,3,91,0
452,Dor_costas,X39,0.131868132,91,37,34,3,79,12
453,Dor_costas,X4,0.043956044,91,37,37,0,87,4
454,Dor_costas,X40,0.021978022,91,37,34,3,89,2
455,Dor_costas,X41,0.054945055,91,37,35,2,86,5
456,Dor_costas,X42,0.032967033,91,37,37,0,88,3
457,Dor_costas,X43,0.021978022,91,37,36,1,89,2
458,Dor_costas,X44,0.362637363,91,37,33,4,58,33
459,Dor_costas,X45,0.098901099,91,37,34,3,82,9
460,Dor_costas,X46,0.340659341,91,37,31,6,60,31
461,Dor_costas,X47,0.087912088,91,37,33,4,83,8
462,Dor_costas,X48,0.230769231,91,37,33,4,70,21
463,Dor_costas,X49,0.10989011,91,37,34,3,81,10
464,Dor_costas,X5,0.032967033,91,37,37,0,88,3
465,Dor_costas,X50,0.010989011,91,37,36,1,90,1
466,Dor_costas,X51,0.010989011,91,37,37,0,90,1
467,Dor_costas,X52,0.010989011,91,37,36,1,90,1
468,Dor_costas,X53,0.010989011,91,37,36,1,90,1
469,Dor_costas,X9,0.010989011,91,37,37,0,90,1
470,Dor_pernas,Fuma,0.344262295,61,122,97,25,40,21
471,Dor_pernas,Cirurgia_coluna,0.555555556,54,132,89,43,24,30
472,Dor_pernas,Aposentado,0.229508197,61,130,108,22,47,14
473,Dor_pernas,Desempregado,0.166666667,60,128,108,20,50,10
474,Dor_pernas,Licenca_Medica,0.2,60,129,122,7,48,12
475,Dor_pernas,Aposentado_Invalidez,0.118644068,59,129,128,1,52,7
476,Dor_pernas,Analgésicos,0.84375,64,134,54,80,10,54
477,Dor_pernas,OutraDoenca,0.444444444,63,133,87,46,35,28
478,Dor_pernas,Dor_costas,0.84375,64,139,68,71,10,54
479,Dor_pernas,Dor_pernas,1,65,139,139,0,0,65
480,Dor_pernas,Retornar_trabalho,0.220338983,59,123,116,7,46,13
481,Dor_pernas,Masc,0.692307692,65,139,46,93,20,45
482,Dor_pernas,Fem,0.307692308,65,139,93,46,45,20
483,Dor_pernas,Casado_Amasiado,0.419354839,62,123,66,57,36,26
484,Dor_pernas,Solteiro,0.435483871,62,123,74,49,35,27
485,Dor_pernas,Separado_Divorciado,0.048387097,62,123,118,5,59,3
486,Dor_pernas,X4,0.016129032,62,123,121,2,61,1
487,Dor_pernas,X5,0,62,123,119,4,62,0
488,Dor_pernas,X6,0.080645161,62,123,117,6,57,5
489,Dor_pernas,Livrar_costas,0.771929825,57,68,2,66,13,44
490,Dor_pernas,Livrar_perna,0.228070175,57,68,67,1,44,13
491,Dor_pernas,Livrar_perda_sens,0,57,68,67,1,57,0
492,Dor_pernas,X1,0,55,72,71,1,55,0
493,Dor_pernas,X15,0.109090909,55,72,71,1,49,6
494,Dor_pernas,X16,0.345454545,55,72,71,1,36,19
495,Dor_pernas,X17,0.036363636,55,72,69,3,53,2
496,Dor_pernas,X18,0.090909091,55,72,61,11,50,5
497,Dor_pernas,X19,0.054545455,55,72,68,4,52,3
498,Dor_pernas,X2,0.072727273,55,72,68,4,51,4
499,Dor_pernas,X20,0.036363636,55,72,66,6,53,2
500,Dor_pernas,X21,0.036363636,55,72,67,5,53,2
501,Dor_pernas,X22,0,55,72,70,2,55,0
502,Dor_pernas,X23,0.018181818,55,72,71,1,54,1
503,Dor_pernas,X24,0.127272727,55,72,53,19,48,7
504,Dor_pernas,X25,0.018181818,55,72,69,3,54,1
505,Dor_pernas,X26,0,55,72,70,2,55,0
506,Dor_pernas,X27,0.018181818,55,72,68,4,54,1
507,Dor_pernas,X28,0.018181818,55,72,67,5,54,1
508,Dor_pernas,X29,0.545454545,55,72,61,11,25,30
509,Dor_pernas,X3,0.018181818,55,72,71,1,54,1
510,Dor_pernas,X30,0.727272727,55,72,51,21,15,40
511,Dor_pernas,X31,0.2,55,72,66,6,44,11
512,Dor_pernas,X32,0.545454545,55,72,66,6,25,30
513,Dor_pernas,X33,0.163636364,55,72,69,3,46,9
514,Dor_pernas,X34,0.018181818,55,72,70,2,54,1
515,Dor_pernas,X35,0.018181818,55,72,71,1,54,1
516,Dor_pernas,X36,0.090909091,55,72,69,3,50,5
517,Dor_pernas,X37,0.345454545,55,72,69,3,36,19
518,Dor_pernas,X38,0.054545455,55,72,72,0,52,3
519,Dor_pernas,X39,0.236363636,55,72,70,2,42,13
520,Dor_pernas,X4,0.036363636,55,72,70,2,53,2
521,Dor_pernas,X40,0.072727273,55,72,71,1,51,4
522,Dor_pernas,X41,0.109090909,55,72,71,1,49,6
523,Dor_pernas,X42,0,55,72,69,3,55,0
524,Dor_pernas,X43,0,55,72,69,3,55,0
525,Dor_pernas,X44,0.563636364,55,72,66,6,24,31
526,Dor_pernas,X45,0.218181818,55,72,72,0,43,12
527,Dor_pernas,X46,0.581818182,55,72,67,5,23,32
528,Dor_pernas,X47,0.218181818,55,72,72,0,43,12
529,Dor_pernas,X48,0.418181818,55,72,70,2,32,23
530,Dor_pernas,X49,0.181818182,55,72,69,3,45,10
531,Dor_pernas,X5,0.036363636,55,72,71,1,53,2
532,Dor_pernas,X50,0,55,72,70,2,55,0
533,Dor_pernas,X51,0.018181818,55,72,72,0,54,1
534,Dor_pernas,X52,0,55,72,70,2,55,0
535,Dor_pernas,X53,0,55,72,70,2,55,0
536,Dor_pernas,X9,0.018181818,55,72,72,0,54,1
537,Fem,Fuma,0.246153846,65,135,105,30,49,16
538,Fem,Cirurgia_coluna,0.319444444,72,141,85,56,49,23
539,Fem,Aposentado,0.115942029,69,132,103,29,61,8
540,Fem,Desempregado,0.173913043,69,128,110,18,57,12
541,Fem,Licenca_Medica,0.101449275,69,130,118,12,62,7
542,Fem,Aposentado_Invalidez,0.057971014,69,128,124,4,65,4
543,Fem,Analgésicos,0.625,72,143,41,102,27,45
544,Fem,OutraDoenca,0.376811594,69,138,84,54,43,26
545,Fem,Dor_costas,0.550724638,69,138,48,90,31,38
546,Fem,Dor_pernas,0.303030303,66,138,93,45,46,20
547,Fem,Retornar_trabalho,0.086956522,69,135,120,15,63,6
548,Fem,Masc,0,79,161,0,161,79,0
549,Fem,Fem,1,79,161,161,0,0,79
550,Fem,Casado_Amasiado,0.514705882,68,134,84,50,33,35
551,Fem,Solteiro,0.397058824,68,134,73,61,41,27
552,Fem,Separado_Divorciado,0.044117647,68,134,129,5,65,3
553,Fem,X4,0.014705882,68,134,132,2,67,1
554,Fem,X5,0.029411765,68,134,130,4,66,2
555,Fem,X6,0,68,134,122,12,68,0
556,Fem,Livrar_costas,0.804878049,41,87,8,79,8,33
557,Fem,Livrar_perna,0.170731707,41,87,80,7,34,7
558,Fem,Livrar_perda_sens,0.024390244,41,87,86,1,40,1
559,Fem,X1,0,48,88,87,1,48,0
560,Fem,X15,0.0625,48,88,84,4,45,3
561,Fem,X16,0.125,48,88,74,14,42,6
562,Fem,X17,0,48,88,83,5,48,0
563,Fem,X18,0.0625,48,88,75,13,45,3
564,Fem,X19,0,48,88,81,7,48,0
565,Fem,X2,0.041666667,48,88,82,6,46,2
566,Fem,X20,0.0625,48,88,83,5,45,3
567,Fem,X21,0.041666667,48,88,83,5,46,2
568,Fem,X22,0,48,88,86,2,48,0
569,Fem,X23,0.020833333,48,88,87,1,47,1
570,Fem,X24,0.208333333,48,88,72,16,38,10
571,Fem,X25,0.020833333,48,88,85,3,47,1
572,Fem,X26,0,48,88,86,2,48,0
573,Fem,X27,0.020833333,48,88,84,4,47,1
574,Fem,X28,0.0625,48,88,85,3,45,3
575,Fem,X29,0.25,48,88,58,30,36,12
576,Fem,X3,0,48,88,86,2,48,0
577,Fem,X30,0.416666667,48,88,46,42,28,20
578,Fem,X31,0.145833333,48,88,78,10,41,7
579,Fem,X32,0.1875,48,88,60,28,39,9
580,Fem,X33,0.104166667,48,88,81,7,43,5
581,Fem,X34,0.041666667,48,88,87,1,46,2
582,Fem,X35,0,48,88,86,2,48,0
583,Fem,X36,0.0625,48,88,83,5,45,3
584,Fem,X37,0.104166667,48,88,71,17,43,5
585,Fem,X38,0.041666667,48,88,87,1,46,2
586,Fem,X39,0.083333333,48,88,77,11,44,4
587,Fem,X4,0,48,88,84,4,48,0
588,Fem,X40,0.041666667,48,88,85,3,46,2
589,Fem,X41,0,48,88,81,7,48,0
590,Fem,X42,0,48,88,85,3,48,0
591,Fem,X43,0.041666667,48,88,87,1,46,2
592,Fem,X44,0.1875,48,88,59,29,39,9
593,Fem,X45,0.083333333,48,88,80,8,44,4
594,Fem,X46,0.208333333,48,88,60,28,38,10
595,Fem,X47,0.083333333,48,88,80,8,44,4
596,Fem,X48,0.145833333,48,88,69,19,41,7
597,Fem,X49,0.104166667,48,88,80,8,43,5
598,Fem,X5,0.020833333,48,88,86,2,47,1
599,Fem,X50,0.041666667,48,88,88,0,46,2
600,Fem,X51,0,48,88,87,1,48,0
601,Fem,X52,0.020833333,48,88,87,1,47,1
602,Fem,X53,0.041666667,48,88,88,0,46,2
603,Fem,X9,0,48,88,87,1,48,0
604,Fuma,Fuma,1,46,154,154,0,0,46
605,Fuma,Cirurgia_coluna,0.647058824,34,144,96,48,12,22
606,Fuma,Aposentado,0.244444444,45,144,121,23,34,11
607,Fuma,Desempregado,0.244444444,45,140,123,17,34,11
608,Fuma,Licenca_Medica,0.2,45,142,133,9,36,9
609,Fuma,Aposentado_Invalidez,0.113636364,44,138,135,3,39,5
610,Fuma,Analgésicos,0.688888889,45,141,49,92,14,31
611,Fuma,OutraDoenca,0.288888889,45,143,87,56,32,13
612,Fuma,Dor_costas,0.673913043,46,138,60,78,15,31
613,Fuma,Dor_pernas,0.456521739,46,137,97,40,25,21
614,Fuma,Retornar_trabalho,0.181818182,44,122,110,12,36,8
615,Fuma,Masc,0.652173913,46,154,49,105,16,30
616,Fuma,Fem,0.347826087,46,154,105,49,30,16
617,Fuma,Casado_Amasiado,0.260869565,46,147,75,72,34,12
618,Fuma,Solteiro,0.52173913,46,147,88,59,22,24
619,Fuma,Separado_Divorciado,0.02173913,46,147,140,7,45,1
620,Fuma,X4,0.065217391,46,147,147,0,43,3
621,Fuma,X5,0.02173913,46,147,144,3,45,1
622,Fuma,X6,0.108695652,46,147,141,6,41,5
623,Fuma,Livrar_costas,0.818181818,33,79,9,70,6,27
624,Fuma,Livrar_perna,0.181818182,33,79,71,8,27,6
625,Fuma,Livrar_perda_sens,0,33,79,78,1,33,0
626,Fuma,X1,0,46,82,81,1,46,0
627,Fuma,X15,0.108695652,46,82,82,0,41,5
628,Fuma,X16,0.173913043,46,82,71,11,38,8
629,Fuma,X17,0.065217391,46,82,81,1,43,3
630,Fuma,X18,0.195652174,46,82,77,5,37,9
631,Fuma,X19,0.086956522,46,82,79,3,42,4
632,Fuma,X2,0.173913043,46,82,82,0,38,8
633,Fuma,X20,0.065217391,46,82,77,5,43,3
634,Fuma,X21,0.043478261,46,82,77,5,44,2
635,Fuma,X22,0.02173913,46,82,81,1,45,1
636,Fuma,X23,0,46,82,81,1,46,0
637,Fuma,X24,0.173913043,46,82,66,16,38,8
638,Fuma,X25,0.02173913,46,82,80,2,45,1
639,Fuma,X26,0,46,82,80,2,46,0
640,Fuma,X27,0.065217391,46,82,81,1,43,3
641,Fuma,X28,0.065217391,46,82,80,2,43,3
642,Fuma,X29,0.282608696,46,82,55,27,33,13
643,Fuma,X3,0.043478261,46,82,82,0,44,2
644,Fuma,X30,0.369565217,46,82,40,42,29,17
645,Fuma,X31,0.173913043,46,82,74,8,38,8
646,Fuma,X32,0.239130435,46,82,57,25,35,11
647,Fuma,X33,0.086956522,46,82,75,7,42,4
648,Fuma,X34,0.065217391,46,82,82,0,43,3
649,Fuma,X35,0.043478261,46,82,82,0,44,2
650,Fuma,X36,0.086956522,46,82,80,2,42,4
651,Fuma,X37,0.173913043,46,82,70,12,38,8
652,Fuma,X38,0.065217391,46,82,82,0,43,3
653,Fuma,X39,0.108695652,46,82,72,10,41,5
654,Fuma,X4,0.086956522,46,82,82,0,42,4
655,Fuma,X40,0.086956522,46,82,82,0,42,4
656,Fuma,X41,0.065217391,46,82,80,2,43,3
657,Fuma,X42,0.02173913,46,82,80,2,45,1
658,Fuma,X43,0.043478261,46,82,81,1,44,2
659,Fuma,X44,0.239130435,46,82,56,26,35,11
660,Fuma,X45,0.130434783,46,82,77,5,40,6
661,Fuma,X46,0.239130435,46,82,56,26,35,11
662,Fuma,X47,0.152173913,46,82,77,5,39,7
663,Fuma,X48,0.108695652,46,82,62,20,41,5
664,Fuma,X49,0.086956522,46,82,73,9,42,4
665,Fuma,X5,0.065217391,46,82,82,0,43,3
666,Fuma,X50,0.043478261,46,82,82,0,44,2
667,Fuma,X51,0.02173913,46,82,82,0,45,1
668,Fuma,X52,0.02173913,46,82,81,1,45,1
669,Fuma,X53,0.043478261,46,82,82,0,44,2
670,Fuma,X9,0.02173913,46,82,82,0,45,1
671,Licenca_Medica,Fuma,0.5,18,169,133,36,9,9
672,Licenca_Medica,Cirurgia_coluna,0.769230769,13,169,107,62,3,10
673,Licenca_Medica,Aposentado,0.263157895,19,180,149,31,14,5
674,Licenca_Medica,Desempregado,0.421052632,19,177,155,22,11,8
675,Licenca_Medica,Licenca_Medica,1,19,180,180,0,0,19
676,Licenca_Medica,Aposentado_Invalidez,0.166666667,18,174,169,5,15,3
677,Licenca_Medica,Analgésicos,0.578947368,19,172,58,114,8,11
678,Licenca_Medica,OutraDoenca,0.368421053,19,174,110,64,12,7
679,Licenca_Medica,Dor_costas,0.842105263,19,172,72,100,3,16
680,Licenca_Medica,Dor_pernas,0.631578947,19,170,122,48,7,12
681,Licenca_Medica,Retornar_trabalho,0.176470588,17,158,141,17,14,3
682,Licenca_Medica,Masc,0.631578947,19,180,62,118,7,12
683,Licenca_Medica,Fem,0.368421053,19,180,118,62,12,7
684,Licenca_Medica,Casado_Amasiado,0.263157895,19,169,93,76,14,5
685,Licenca_Medica,Solteiro,0.631578947,19,169,100,69,7,12
686,Licenca_Medica,Separado_Divorciado,0.052631579,19,169,162,7,18,1
687,Licenca_Medica,X4,0,19,169,166,3,19,0
688,Licenca_Medica,X5,0,19,169,165,4,19,0
689,Licenca_Medica,X6,0.052631579,19,169,159,10,18,1
690,Licenca_Medica,Livrar_costas,0.9375,16,103,13,90,1,15
691,Licenca_Medica,Livrar_perna,0.0625,16,103,91,12,15,1
692,Licenca_Medica,Livrar_perda_sens,0,16,103,102,1,16,0
693,Licenca_Medica,X1,0,18,114,113,1,18,0
694,Licenca_Medica,X15,0.166666667,18,114,111,3,15,3
695,Licenca_Medica,X16,0.166666667,18,114,97,17,15,3
696,Licenca_Medica,X17,0.111111111,18,114,111,3,16,2
697,Licenca_Medica,X18,0.166666667,18,114,101,13,15,3
698,Licenca_Medica,X19,0.055555556,18,114,108,6,17,1
699,Licenca_Medica,X2,0.111111111,18,114,108,6,16,2
700,Licenca_Medica,X20,0.111111111,18,114,108,6,16,2
701,Licenca_Medica,X21,0.055555556,18,114,108,6,17,1
702,Licenca_Medica,X22,0.055555556,18,114,113,1,17,1
703,Licenca_Medica,X23,0,18,114,112,2,18,0
704,Licenca_Medica,X24,0.222222222,18,114,92,22,14,4
705,Licenca_Medica,X25,0,18,114,110,4,18,0
706,Licenca_Medica,X26,0.055555556,18,114,113,1,17,1
707,Licenca_Medica,X27,0.055555556,18,114,110,4,17,1
708,Licenca_Medica,X28,0.055555556,18,114,109,5,17,1
709,Licenca_Medica,X29,0.444444444,18,114,80,34,10,8
710,Licenca_Medica,X3,0,18,114,112,2,18,0
711,Licenca_Medica,X30,0.555555556,18,114,62,52,8,10
712,Licenca_Medica,X31,0.222222222,18,114,102,12,14,4
713,Licenca_Medica,X32,0.333333333,18,114,83,31,12,6
714,Licenca_Medica,X33,0,18,114,103,11,18,0
715,Licenca_Medica,X34,0.111111111,18,114,113,1,16,2
716,Licenca_Medica,X35,0.055555556,18,114,113,1,17,1
717,Licenca_Medica,X36,0.166666667,18,114,110,4,15,3
718,Licenca_Medica,X37,0.333333333,18,114,98,16,12,6
719,Licenca_Medica,X38,0.055555556,18,114,113,1,17,1
720,Licenca_Medica,X39,0.055555556,18,114,100,14,17,1
721,Licenca_Medica,X4,0.055555556,18,114,111,3,17,1
722,Licenca_Medica,X40,0.166666667,18,114,113,1,15,3
723,Licenca_Medica,X41,0.166666667,18,114,110,4,15,3
724,Licenca_Medica,X42,0.055555556,18,114,112,2,17,1
725,Licenca_Medica,X43,0.055555556,18,114,112,2,17,1
726,Licenca_Medica,X44,0.333333333,18,114,82,32,12,6
727,Licenca_Medica,X45,0.055555556,18,114,104,10,17,1
728,Licenca_Medica,X46,0.222222222,18,114,80,34,14,4
729,Licenca_Medica,X47,0.055555556,18,114,104,10,17,1
730,Licenca_Medica,X48,0.166666667,18,114,91,23,15,3
731,Licenca_Medica,X49,0.055555556,18,114,103,11,17,1
732,Licenca_Medica,X5,0.111111111,18,114,113,1,16,2
733,Licenca_Medica,X50,0.055555556,18,114,113,1,17,1
734,Licenca_Medica,X51,0.055555556,18,114,114,0,17,1
735,Licenca_Medica,X52,0,18,114,112,2,18,0
736,Licenca_Medica,X53,0,18,114,112,2,18,0
737,Licenca_Medica,X9,0.055555556,18,114,114,0,17,1
738,Livrar_costas,Fuma,0.278350515,97,15,9,6,70,27
739,Livrar_costas,Cirurgia_coluna,0.43877551,98,15,8,7,55,43
740,Livrar_costas,Aposentado,0.238095238,105,14,13,1,80,25
741,Livrar_costas,Desempregado,0.211538462,104,14,10,4,82,22
742,Livrar_costas,Licenca_Medica,0.142857143,105,14,13,1,90,15
743,Livrar_costas,Aposentado_Invalidez,0.058823529,102,15,13,2,96,6
744,Livrar_costas,Analgésicos,0.796296296,108,15,4,11,22,86
745,Livrar_costas,OutraDoenca,0.411214953,107,14,7,7,63,44
746,Livrar_costas,Dor_costas,0.918918919,111,16,7,9,9,102
747,Livrar_costas,Dor_pernas,0.4,110,15,2,13,66,44
748,Livrar_costas,Retornar_trabalho,0.168224299,107,14,12,2,89,18
749,Livrar_costas,Masc,0.705357143,112,16,8,8,33,79
750,Livrar_costas,Fem,0.294642857,112,16,8,8,79,33
751,Livrar_costas,Casado_Amasiado,0.422680412,97,15,10,5,56,41
752,Livrar_costas,Solteiro,0.453608247,97,15,9,6,53,44
753,Livrar_costas,Separado_Divorciado,0.041237113,97,15,14,1,93,4
754,Livrar_costas,X4,0.010309278,97,15,14,1,96,1
755,Livrar_costas,X5,0.010309278,97,15,14,1,96,1
756,Livrar_costas,X6,0.06185567,97,15,14,1,91,6
757,Livrar_costas,Livrar_costas,1,112,16,16,0,0,112
758,Livrar_costas,Livrar_perna,0,112,16,2,14,112,0
759,Livrar_costas,Livrar_perda_sens,0,112,16,14,2,112,0
760,Livrar_costas,X1,0.011627907,86,14,14,0,85,1
761,Livrar_costas,X15,0.046511628,86,14,12,2,82,4
762,Livrar_costas,X16,0.197674419,86,14,12,2,69,17
763,Livrar_costas,X17,0.046511628,86,14,14,0,82,4
764,Livrar_costas,X18,0.139534884,86,14,14,0,74,12
765,Livrar_costas,X19,0.058139535,86,14,14,0,81,5
766,Livrar_costas,X2,0.081395349,86,14,14,0,79,7
767,Livrar_costas,X20,0.081395349,86,14,14,0,79,7
768,Livrar_costas,X21,0.081395349,86,14,14,0,79,7
769,Livrar_costas,X22,0.011627907,86,14,14,0,85,1
770,Livrar_costas,X23,0.023255814,86,14,14,0,84,2
771,Livrar_costas,X24,0.290697674,86,14,14,0,61,25
772,Livrar_costas,X25,0.046511628,86,14,14,0,82,4
773,Livrar_costas,X26,0.023255814,86,14,14,0,84,2
774,Livrar_costas,X27,0.058139535,86,14,14,0,81,5
775,Livrar_costas,X28,0.069767442,86,14,14,0,80,6
776,Livrar_costas,X29,0.38372093,86,14,7,7,53,33
777,Livrar_costas,X3,0.011627907,86,14,14,0,85,1
778,Livrar_costas,X30,0.593023256,86,14,4,10,35,51
779,Livrar_costas,X31,0.151162791,86,14,10,4,73,13
780,Livrar_costas,X32,0.337209302,86,14,7,7,57,29
781,Livrar_costas,X33,0.093023256,86,14,10,4,78,8
782,Livrar_costas,X34,0.023255814,86,14,14,0,84,2
783,Livrar_costas,X35,0.011627907,86,14,14,0,85,1
784,Livrar_costas,X36,0.046511628,86,14,11,3,82,4
785,Livrar_costas,X37,0.197674419,86,14,11,3,69,17
786,Livrar_costas,X38,0,86,14,11,3,86,0
787,Livrar_costas,X39,0.127906977,86,14,11,3,75,11
788,Livrar_costas,X4,0.023255814,86,14,14,0,84,2
789,Livrar_costas,X40,0.011627907,86,14,11,3,85,1
790,Livrar_costas,X41,0.058139535,86,14,13,1,81,5
791,Livrar_costas,X42,0.023255814,86,14,14,0,84,2
792,Livrar_costas,X43,0.023255814,86,14,14,0,84,2
793,Livrar_costas,X44,0.325581395,86,14,6,8,58,28
794,Livrar_costas,X45,0.093023256,86,14,10,4,78,8
795,Livrar_costas,X46,0.313953488,86,14,5,9,59,27
796,Livrar_costas,X47,0.081395349,86,14,9,5,79,7
797,Livrar_costas,X48,0.209302326,86,14,8,6,68,18
798,Livrar_costas,X49,0.104651163,86,14,10,4,77,9
799,Livrar_costas,X5,0.034883721,86,14,14,0,83,3
800,Livrar_costas,X50,0.011627907,86,14,14,0,85,1
801,Livrar_costas,X51,0.011627907,86,14,14,0,85,1
802,Livrar_costas,X52,0.011627907,86,14,14,0,85,1
803,Livrar_costas,X53,0.011627907,86,14,14,0,85,1
804,Livrar_costas,X9,0.011627907,86,14,14,0,85,1
805,Livrar_perda_sens,Fuma,0,1,111,78,33,1,0
806,Livrar_perda_sens,Cirurgia_coluna,0.5,2,111,62,49,1,1
807,Livrar_perda_sens,Aposentado,0,1,118,92,26,1,0
808,Livrar_perda_sens,Desempregado,0,1,117,91,26,1,0
809,Livrar_perda_sens,Licenca_Medica,0,1,118,102,16,1,0
810,Livrar_perda_sens,Aposentado_Invalidez,0,2,115,107,8,2,0
811,Livrar_perda_sens,Analgésicos,0,1,122,25,97,1,0
812,Livrar_perda_sens,OutraDoenca,0,1,120,69,51,1,0
813,Livrar_perda_sens,Dor_costas,0.5,2,125,15,110,1,1
814,Livrar_perda_sens,Dor_pernas,0,1,124,67,57,1,0
815,Livrar_perda_sens,Retornar_trabalho,0,2,119,99,20,2,0
816,Livrar_perda_sens,Masc,0.5,2,126,40,86,1,1
817,Livrar_perda_sens,Fem,0.5,2,126,86,40,1,1
818,Livrar_perda_sens,Casado_Amasiado,0,1,111,65,46,1,0
819,Livrar_perda_sens,Solteiro,0,1,111,61,50,1,0
820,Livrar_perda_sens,Separado_Divorciado,0,1,111,106,5,1,0
821,Livrar_perda_sens,X4,0,1,111,109,2,1,0
822,Livrar_perda_sens,X5,1,1,111,110,1,0,1
823,Livrar_perda_sens,X6,0,1,111,104,7,1,0
824,Livrar_perda_sens,Livrar_costas,0,2,126,14,112,2,0
825,Livrar_perda_sens,Livrar_perna,0,2,126,112,14,2,0
826,Livrar_perda_sens,Livrar_perda_sens,1,2,126,126,0,0,2
827,Livrar_perda_sens,X1,NaN,0,100,99,1,0,0
828,Livrar_perda_sens,X15,NaN,0,100,94,6,0,0
829,Livrar_perda_sens,X16,NaN,0,100,81,19,0,0
830,Livrar_perda_sens,X17,NaN,0,100,96,4,0,0
831,Livrar_perda_sens,X18,NaN,0,100,88,12,0,0
832,Livrar_perda_sens,X19,NaN,0,100,95,5,0,0
833,Livrar_perda_sens,X2,NaN,0,100,93,7,0,0
834,Livrar_perda_sens,X20,NaN,0,100,93,7,0,0
835,Livrar_perda_sens,X21,NaN,0,100,93,7,0,0
836,Livrar_perda_sens,X22,NaN,0,100,99,1,0,0
837,Livrar_perda_sens,X23,NaN,0,100,98,2,0,0
838,Livrar_perda_sens,X24,NaN,0,100,75,25,0,0
839,Livrar_perda_sens,X25,NaN,0,100,96,4,0,0
840,Livrar_perda_sens,X26,NaN,0,100,98,2,0,0
841,Livrar_perda_sens,X27,NaN,0,100,95,5,0,0
842,Livrar_perda_sens,X28,NaN,0,100,94,6,0,0
843,Livrar_perda_sens,X29,NaN,0,100,60,40,0,0
844,Livrar_perda_sens,X3,NaN,0,100,99,1,0,0
845,Livrar_perda_sens,X30,NaN,0,100,39,61,0,0
846,Livrar_perda_sens,X31,NaN,0,100,83,17,0,0
847,Livrar_perda_sens,X32,NaN,0,100,64,36,0,0
848,Livrar_perda_sens,X33,NaN,0,100,88,12,0,0
849,Livrar_perda_sens,X34,NaN,0,100,98,2,0,0
850,Livrar_perda_sens,X35,NaN,0,100,99,1,0,0
851,Livrar_perda_sens,X36,NaN,0,100,93,7,0,0
852,Livrar_perda_sens,X37,NaN,0,100,80,20,0,0
853,Livrar_perda_sens,X38,NaN,0,100,97,3,0,0
854,Livrar_perda_sens,X39,NaN,0,100,86,14,0,0
855,Livrar_perda_sens,X4,NaN,0,100,98,2,0,0
856,Livrar_perda_sens,X40,NaN,0,100,96,4,0,0
857,Livrar_perda_sens,X41,NaN,0,100,94,6,0,0
858,Livrar_perda_sens,X42,NaN,0,100,98,2,0,0
859,Livrar_perda_sens,X43,NaN,0,100,98,2,0,0
860,Livrar_perda_sens,X44,NaN,0,100,64,36,0,0
861,Livrar_perda_sens,X45,NaN,0,100,88,12,0,0
862,Livrar_perda_sens,X46,NaN,0,100,64,36,0,0
863,Livrar_perda_sens,X47,NaN,0,100,88,12,0,0
864,Livrar_perda_sens,X48,NaN,0,100,76,24,0,0
865,Livrar_perda_sens,X49,NaN,0,100,87,13,0,0
866,Livrar_perda_sens,X5,NaN,0,100,97,3,0,0
867,Livrar_perda_sens,X50,NaN,0,100,99,1,0,0
868,Livrar_perda_sens,X51,NaN,0,100,99,1,0,0
869,Livrar_perda_sens,X52,NaN,0,100,99,1,0,0
870,Livrar_perda_sens,X53,NaN,0,100,99,1,0,0
871,Livrar_perda_sens,X9,NaN,0,100,99,1,0,0
872,Livrar_perna,Fuma,0.428571429,14,98,71,27,8,6
873,Livrar_perna,Cirurgia_coluna,0.461538462,13,100,56,44,7,6
874,Livrar_perna,Aposentado,0.076923077,13,106,81,25,12,1
875,Livrar_perna,Desempregado,0.307692308,13,105,83,22,9,4
876,Livrar_perna,Licenca_Medica,0.076923077,13,106,91,15,12,1
877,Livrar_perna,Aposentado_Invalidez,0.153846154,13,104,98,6,11,2
878,Livrar_perna,Analgésicos,0.785714286,14,109,23,86,3,11
879,Livrar_perna,OutraDoenca,0.538461538,13,108,64,44,6,7
880,Livrar_perna,Dor_costas,0.571428571,14,113,10,103,6,8
881,Livrar_perna,Dor_pernas,0.928571429,14,111,67,44,1,13
882,Livrar_perna,Retornar_trabalho,0.166666667,12,109,91,18,10,2
883,Livrar_perna,Masc,0.5,14,114,34,80,7,7
884,Livrar_perna,Fem,0.5,14,114,80,34,7,7
885,Livrar_perna,Casado_Amasiado,0.357142857,14,98,57,41,9,5
886,Livrar_perna,Solteiro,0.428571429,14,98,54,44,8,6
887,Livrar_perna,Separado_Divorciado,0.071428571,14,98,94,4,13,1
888,Livrar_perna,X4,0.071428571,14,98,97,1,13,1
889,Livrar_perna,X5,0,14,98,96,2,14,0
890,Livrar_perna,X6,0.071428571,14,98,92,6,13,1
891,Livrar_perna,Livrar_costas,0,14,114,2,112,14,0
892,Livrar_perna,Livrar_perna,1,14,114,114,0,0,14
893,Livrar_perna,Livrar_perda_sens,0,14,114,112,2,14,0
894,Livrar_perna,X1,0,14,86,85,1,14,0
895,Livrar_perna,X15,0.142857143,14,86,82,4,12,2
896,Livrar_perna,X16,0.142857143,14,86,69,17,12,2
897,Livrar_perna,X17,0,14,86,82,4,14,0
898,Livrar_perna,X18,0,14,86,74,12,14,0
899,Livrar_perna,X19,0,14,86,81,5,14,0
900,Livrar_perna,X2,0,14,86,79,7,14,0
901,Livrar_perna,X20,0,14,86,79,7,14,0
902,Livrar_perna,X21,0,14,86,79,7,14,0
903,Livrar_perna,X22,0,14,86,85,1,14,0
904,Livrar_perna,X23,0,14,86,84,2,14,0
905,Livrar_perna,X24,0,14,86,61,25,14,0
906,Livrar_perna,X25,0,14,86,82,4,14,0
907,Livrar_perna,X26,0,14,86,84,2,14,0
908,Livrar_perna,X27,0,14,86,81,5,14,0
909,Livrar_perna,X28,0,14,86,80,6,14,0
910,Livrar_perna,X29,0.5,14,86,53,33,7,7
911,Livrar_perna,X3,0,14,86,85,1,14,0
912,Livrar_perna,X30,0.714285714,14,86,35,51,4,10
913,Livrar_perna,X31,0.285714286,14,86,73,13,10,4
914,Livrar_perna,X32,0.5,14,86,57,29,7,7
915,Livrar_perna,X33,0.285714286,14,86,78,8,10,4
916,Livrar_perna,X34,0,14,86,84,2,14,0
917,Livrar_perna,X35,0,14,86,85,1,14,0
918,Livrar_perna,X36,0.214285714,14,86,82,4,11,3
919,Livrar_perna,X37,0.214285714,14,86,69,17,11,3
920,Livrar_perna,X38,0.214285714,14,86,86,0,11,3
921,Livrar_perna,X39,0.214285714,14,86,75,11,11,3
922,Livrar_perna,X4,0,14,86,84,2,14,0
923,Livrar_perna,X40,0.214285714,14,86,85,1,11,3
924,Livrar_perna,X41,0.071428571,14,86,81,5,13,1
925,Livrar_perna,X42,0,14,86,84,2,14,0
926,Livrar_perna,X43,0,14,86,84,2,14,0
927,Livrar_perna,X44,0.571428571,14,86,58,28,6,8
928,Livrar_perna,X45,0.285714286,14,86,78,8,10,4
929,Livrar_perna,X46,0.642857143,14,86,59,27,5,9
930,Livrar_perna,X47,0.357142857,14,86,79,7,9,5
931,Livrar_perna,X48,0.428571429,14,86,68,18,8,6
932,Livrar_perna,X49,0.285714286,14,86,77,9,10,4
933,Livrar_perna,X5,0,14,86,83,3,14,0
934,Livrar_perna,X50,0,14,86,85,1,14,0
935,Livrar_perna,X51,0,14,86,85,1,14,0
936,Livrar_perna,X52,0,14,86,85,1,14,0
937,Livrar_perna,X53,0,14,86,85,1,14,0
938,Livrar_perna,X9,0,14,86,85,1,14,0
939,Masc,Fuma,0.222222222,135,65,49,16,105,30
940,Masc,Cirurgia_coluna,0.397163121,141,72,49,23,85,56
941,Masc,Aposentado,0.21969697,132,69,61,8,103,29
942,Masc,Desempregado,0.140625,128,69,57,12,110,18
943,Masc,Licenca_Medica,0.092307692,130,69,62,7,118,12
944,Masc,Aposentado_Invalidez,0.03125,128,69,65,4,124,4
945,Masc,Analgésicos,0.713286713,143,72,27,45,41,102
946,Masc,OutraDoenca,0.391304348,138,69,43,26,84,54
947,Masc,Dor_costas,0.652173913,138,69,31,38,48,90
948,Masc,Dor_pernas,0.326086957,138,66,46,20,93,45
949,Masc,Retornar_trabalho,0.111111111,135,69,63,6,120,15
950,Masc,Masc,1,161,79,79,0,0,161
951,Masc,Fem,0,161,79,0,79,161,0
952,Masc,Casado_Amasiado,0.373134328,134,68,33,35,84,50
953,Masc,Solteiro,0.455223881,134,68,41,27,73,61
954,Masc,Separado_Divorciado,0.037313433,134,68,65,3,129,5
955,Masc,X4,0.014925373,134,68,67,1,132,2
956,Masc,X5,0.029850746,134,68,66,2,130,4
957,Masc,X6,0.089552239,134,68,68,0,122,12
958,Masc,Livrar_costas,0.908045977,87,41,8,33,8,79
959,Masc,Livrar_perna,0.08045977,87,41,34,7,80,7
960,Masc,Livrar_perda_sens,0.011494253,87,41,40,1,86,1
961,Masc,X1,0.011363636,88,48,48,0,87,1
962,Masc,X15,0.045454545,88,48,45,3,84,4
963,Masc,X16,0.159090909,88,48,42,6,74,14
964,Masc,X17,0.056818182,88,48,48,0,83,5
965,Masc,X18,0.147727273,88,48,45,3,75,13
966,Masc,X19,0.079545455,88,48,48,0,81,7
967,Masc,X2,0.068181818,88,48,46,2,82,6
968,Masc,X20,0.056818182,88,48,45,3,83,5
969,Masc,X21,0.056818182,88,48,46,2,83,5
970,Masc,X22,0.022727273,88,48,48,0,86,2
971,Masc,X23,0.011363636,88,48,47,1,87,1
972,Masc,X24,0.181818182,88,48,38,10,72,16
973,Masc,X25,0.034090909,88,48,47,1,85,3
974,Masc,X26,0.022727273,88,48,48,0,86,2
975,Masc,X27,0.045454545,88,48,47,1,84,4
976,Masc,X28,0.034090909,88,48,45,3,85,3
977,Masc,X29,0.340909091,88,48,36,12,58,30
978,Masc,X3,0.022727273,88,48,48,0,86,2
979,Masc,X30,0.477272727,88,48,28,20,46,42
980,Masc,X31,0.113636364,88,48,41,7,78,10
981,Masc,X32,0.318181818,88,48,39,9,60,28
982,Masc,X33,0.079545455,88,48,43,5,81,7
983,Masc,X34,0.011363636,88,48,46,2,87,1
984,Masc,X35,0.022727273,88,48,48,0,86,2
985,Masc,X36,0.056818182,88,48,45,3,83,5
986,Masc,X37,0.193181818,88,48,43,5,71,17
987,Masc,X38,0.011363636,88,48,46,2,87,1
988,Masc,X39,0.125,88,48,44,4,77,11
989,Masc,X4,0.045454545,88,48,48,0,84,4
990,Masc,X40,0.034090909,88,48,46,2,85,3
991,Masc,X41,0.079545455,88,48,48,0,81,7
992,Masc,X42,0.034090909,88,48,48,0,85,3
993,Masc,X43,0.011363636,88,48,46,2,87,1
994,Masc,X44,0.329545455,88,48,39,9,59,29
995,Masc,X45,0.090909091,88,48,44,4,80,8
996,Masc,X46,0.318181818,88,48,38,10,60,28
997,Masc,X47,0.090909091,88,48,44,4,80,8
998,Masc,X48,0.215909091,88,48,41,7,69,19
999,Masc,X49,0.090909091,88,48,43,5,80,8
1000,Masc,X5,0.022727273,88,48,47,1,86,2
1001,Masc,X50,0,88,48,46,2,88,0
1002,Masc,X51,0.011363636,88,48,48,0,87,1
1003,Masc,X52,0.011363636,88,48,47,1,87,1
1004,Masc,X53,0,88,48,46,2,88,0
1005,Masc,X9,0.011363636,88,48,48,0,87,1
1006,OutraDoenca,Fuma,0.188405797,69,119,87,32,56,13
1007,OutraDoenca,Cirurgia_coluna,0.383561644,73,116,69,47,45,28
1008,OutraDoenca,Aposentado,0.267605634,71,124,106,18,52,19
1009,OutraDoenca,Desempregado,0.2,70,121,105,16,56,14
1010,OutraDoenca,Licenca_Medica,0.098591549,71,122,110,12,64,7
1011,OutraDoenca,Aposentado_Invalidez,0.069444444,72,120,117,3,67,5
1012,OutraDoenca,Analgésicos,0.706666667,75,124,45,79,22,53
1013,OutraDoenca,OutraDoenca,1,80,127,127,0,0,80
1014,OutraDoenca,Dor_costas,0.662162162,74,122,53,69,25,49
1015,OutraDoenca,Dor_pernas,0.378378378,74,122,87,35,46,28
1016,OutraDoenca,Retornar_trabalho,0.173913043,69,114,105,9,57,12
1017,OutraDoenca,Masc,0.675,80,127,43,84,26,54
1018,OutraDoenca,Fem,0.325,80,127,84,43,54,26
1019,OutraDoenca,Casado_Amasiado,0.405797101,69,120,64,56,41,28
1020,OutraDoenca,Solteiro,0.434782609,69,120,70,50,39,30
1021,OutraDoenca,Separado_Divorciado,0.072463768,69,120,118,2,64,5
1022,OutraDoenca,X4,0.014492754,69,120,118,2,68,1
1023,OutraDoenca,X5,0,69,120,116,4,69,0
1024,OutraDoenca,X6,0.072463768,69,120,114,6,64,5
1025,OutraDoenca,Livrar_costas,0.862745098,51,70,7,63,7,44
1026,OutraDoenca,Livrar_perna,0.137254902,51,70,64,6,44,7
1027,OutraDoenca,Livrar_perda_sens,0,51,70,69,1,51,0
1028,OutraDoenca,X1,0,50,80,79,1,50,0
1029,OutraDoenca,X15,0.04,50,80,75,5,48,2
1030,OutraDoenca,X16,0.14,50,80,67,13,43,7
1031,OutraDoenca,X17,0,50,80,75,5,50,0
1032,OutraDoenca,X18,0.1,50,80,69,11,45,5
1033,OutraDoenca,X19,0.06,50,80,76,4,47,3
1034,OutraDoenca,X2,0.08,50,80,76,4,46,4
1035,OutraDoenca,X20,0.04,50,80,74,6,48,2
1036,OutraDoenca,X21,0.02,50,80,74,6,49,1
1037,OutraDoenca,X22,0,50,80,78,2,50,0
1038,OutraDoenca,X23,0,50,80,78,2,50,0
1039,OutraDoenca,X24,0.2,50,80,64,16,40,10
1040,OutraDoenca,X25,0.02,50,80,77,3,49,1
1041,OutraDoenca,X26,0.02,50,80,79,1,49,1
1042,OutraDoenca,X27,0.02,50,80,76,4,49,1
1043,OutraDoenca,X28,0.06,50,80,77,3,47,3
1044,OutraDoenca,X29,0.36,50,80,57,23,32,18
1045,OutraDoenca,X3,0.04,50,80,80,0,48,2
1046,OutraDoenca,X30,0.52,50,80,45,35,24,26
1047,OutraDoenca,X31,0.16,50,80,71,9,42,8
1048,OutraDoenca,X32,0.3,50,80,59,21,35,15
1049,OutraDoenca,X33,0.08,50,80,72,8,46,4
1050,OutraDoenca,X34,0.02,50,80,78,2,49,1
1051,OutraDoenca,X35,0.02,50,80,79,1,49,1
1052,OutraDoenca,X36,0.06,50,80,75,5,47,3
1053,OutraDoenca,X37,0.16,50,80,66,14,42,8
1054,OutraDoenca,X38,0.02,50,80,78,2,49,1
1055,OutraDoenca,X39,0.14,50,80,72,8,43,7
1056,OutraDoenca,X4,0.06,50,80,79,1,47,3
1057,OutraDoenca,X40,0.02,50,80,76,4,49,1
1058,OutraDoenca,X41,0.04,50,80,75,5,48,2
1059,OutraDoenca,X42,0,50,80,77,3,50,0
1060,OutraDoenca,X43,0,50,80,77,3,50,0
1061,OutraDoenca,X44,0.28,50,80,57,23,36,14
1062,OutraDoenca,X45,0.1,50,80,73,7,45,5
1063,OutraDoenca,X46,0.34,50,80,60,20,33,17
1064,OutraDoenca,X47,0.1,50,80,73,7,45,5
1065,OutraDoenca,X48,0.28,50,80,68,12,36,14
1066,OutraDoenca,X49,0.08,50,80,71,9,46,4
1067,OutraDoenca,X5,0.04,50,80,79,1,48,2
1068,OutraDoenca,X50,0.02,50,80,79,1,49,1
1069,OutraDoenca,X51,0,50,80,79,1,50,0
1070,OutraDoenca,X52,0,50,80,78,2,50,0
1071,OutraDoenca,X53,0,50,80,78,2,50,0
1072,OutraDoenca,X9,0,50,80,79,1,50,0
1073,Retornar_trabalho,Fuma,0.4,20,146,110,36,12,8
1074,Retornar_trabalho,Cirurgia_coluna,0.5,16,169,110,59,8,8
1075,Retornar_trabalho,Aposentado,0.619047619,21,155,138,17,8,13
1076,Retornar_trabalho,Desempregado,0.368421053,19,154,135,19,12,7
1077,Retornar_trabalho,Licenca_Medica,0.15,20,155,141,14,17,3
1078,Retornar_trabalho,Aposentado_Invalidez,0.19047619,21,153,150,3,17,4
1079,Retornar_trabalho,Analgésicos,0.857142857,21,171,56,115,3,18
1080,Retornar_trabalho,OutraDoenca,0.571428571,21,162,105,57,9,12
1081,Retornar_trabalho,Dor_costas,0.9,20,165,66,99,2,18
1082,Retornar_trabalho,Dor_pernas,0.65,20,162,116,46,7,13
1083,Retornar_trabalho,Retornar_trabalho,1,21,183,183,0,0,21
1084,Retornar_trabalho,Masc,0.714285714,21,183,63,120,6,15
1085,Retornar_trabalho,Fem,0.285714286,21,183,120,63,15,6
1086,Retornar_trabalho,Casado_Amasiado,0.333333333,21,146,82,64,14,7
1087,Retornar_trabalho,Solteiro,0.380952381,21,146,82,64,13,8
1088,Retornar_trabalho,Separado_Divorciado,0.095238095,21,146,141,5,19,2
1089,Retornar_trabalho,X4,0,21,146,143,3,21,0
1090,Retornar_trabalho,X5,0,21,146,141,5,21,0
1091,Retornar_trabalho,X6,0.19047619,21,146,141,5,17,4
1092,Retornar_trabalho,Livrar_costas,0.9,20,101,12,89,2,18
1093,Retornar_trabalho,Livrar_perna,0.1,20,101,91,10,18,2
1094,Retornar_trabalho,Livrar_perda_sens,0,20,101,99,2,20,0
1095,Retornar_trabalho,X1,0,20,99,98,1,20,0
1096,Retornar_trabalho,X15,0,20,99,92,7,20,0
1097,Retornar_trabalho,X16,0.35,20,99,89,10,13,7
1098,Retornar_trabalho,X17,0,20,99,94,5,20,0
1099,Retornar_trabalho,X18,0.1,20,99,85,14,18,2
1100,Retornar_trabalho,X19,0.15,20,99,95,4,17,3
1101,Retornar_trabalho,X2,0.1,20,99,93,6,18,2
1102,Retornar_trabalho,X20,0.15,20,99,94,5,17,3
1103,Retornar_trabalho,X21,0.1,20,99,94,5,18,2
1104,Retornar_trabalho,X22,0.05,20,99,98,1,19,1
1105,Retornar_trabalho,X23,0.05,20,99,98,1,19,1
1106,Retornar_trabalho,X24,0.35,20,99,82,17,13,7
1107,Retornar_trabalho,X25,0.15,20,99,98,1,17,3
1108,Retornar_trabalho,X26,0.05,20,99,98,1,19,1
1109,Retornar_trabalho,X27,0.15,20,99,97,2,17,3
1110,Retornar_trabalho,X28,0.1,20,99,95,4,18,2
1111,Retornar_trabalho,X29,0.5,20,99,70,29,10,10
1112,Retornar_trabalho,X3,0.05,20,99,98,1,19,1
1113,Retornar_trabalho,X30,0.85,20,99,60,39,3,17
1114,Retornar_trabalho,X31,0.15,20,99,86,13,17,3
1115,Retornar_trabalho,X32,0.35,20,99,73,26,13,7
1116,Retornar_trabalho,X33,0.05,20,99,90,9,19,1
1117,Retornar_trabalho,X34,0,20,99,96,3,20,0
1118,Retornar_trabalho,X35,0,20,99,97,2,20,0
1119,Retornar_trabalho,X36,0,20,99,91,8,20,0
1120,Retornar_trabalho,X37,0.35,20,99,86,13,13,7
1121,Retornar_trabalho,X38,0,20,99,96,3,20,0
1122,Retornar_trabalho,X39,0.25,20,99,90,9,15,5
1123,Retornar_trabalho,X4,0.05,20,99,96,3,19,1
1124,Retornar_trabalho,X40,0,20,99,94,5,20,0
1125,Retornar_trabalho,X41,0.1,20,99,94,5,18,2
1126,Retornar_trabalho,X42,0.05,20,99,97,2,19,1
1127,Retornar_trabalho,X43,0.05,20,99,97,2,19,1
1128,Retornar_trabalho,X44,0.35,20,99,72,27,13,7
1129,Retornar_trabalho,X45,0.1,20,99,91,8,18,2
1130,Retornar_trabalho,X46,0.45,20,99,73,26,11,9
1131,Retornar_trabalho,X47,0.15,20,99,91,8,17,3
1132,Retornar_trabalho,X48,0.45,20,99,85,14,11,9
1133,Retornar_trabalho,X49,0.1,20,99,89,10,18,2
1134,Retornar_trabalho,X5,0.05,20,99,97,2,19,1
1135,Retornar_trabalho,X50,0,20,99,97,2,20,0
1136,Retornar_trabalho,X51,0,20,99,98,1,20,0
1137,Retornar_trabalho,X52,0,20,99,97,2,20,0
1138,Retornar_trabalho,X53,0,20,99,97,2,20,0
1139,Retornar_trabalho,X9,0,20,99,98,1,20,0
1140,Separado_Divorciado,Fuma,0.125,8,185,140,45,7,1
1141,Separado_Divorciado,Cirurgia_coluna,0.375,8,170,101,69,5,3
1142,Separado_Divorciado,Aposentado,0.375,8,182,151,31,5,3
1143,Separado_Divorciado,Desempregado,0.142857143,7,179,154,25,6,1
1144,Separado_Divorciado,Licenca_Medica,0.125,8,180,162,18,7,1
1145,Separado_Divorciado,Aposentado_Invalidez,0,8,178,170,8,8,0
1146,Separado_Divorciado,Analgésicos,0.75,8,179,63,116,2,6
1147,Separado_Divorciado,OutraDoenca,0.714285714,7,182,118,64,2,5
1148,Separado_Divorciado,Dor_costas,0.75,8,178,75,103,2,6
1149,Separado_Divorciado,Dor_pernas,0.375,8,177,118,59,5,3
1150,Separado_Divorciado,Retornar_trabalho,0.285714286,7,160,141,19,5,2
1151,Separado_Divorciado,Masc,0.625,8,194,65,129,3,5
1152,Separado_Divorciado,Fem,0.375,8,194,129,65,5,3
1153,Separado_Divorciado,Casado_Amasiado,0,8,194,109,85,8,0
1154,Separado_Divorciado,Solteiro,0,8,194,106,88,8,0
1155,Separado_Divorciado,Separado_Divorciado,1,8,194,194,0,0,8
1156,Separado_Divorciado,X4,0,8,194,191,3,8,0
1157,Separado_Divorciado,X5,0,8,194,188,6,8,0
1158,Separado_Divorciado,X6,0,8,194,182,12,8,0
1159,Separado_Divorciado,Livrar_costas,0.8,5,107,14,93,1,4
1160,Separado_Divorciado,Livrar_perna,0.2,5,107,94,13,4,1
1161,Separado_Divorciado,Livrar_perda_sens,0,5,107,106,1,5,0
1162,Separado_Divorciado,X1,0,7,129,128,1,7,0
1163,Separado_Divorciado,X15,0,7,129,122,7,7,0
1164,Separado_Divorciado,X16,0.142857143,7,129,110,19,6,1
1165,Separado_Divorciado,X17,0,7,129,124,5,7,0
1166,Separado_Divorciado,X18,0,7,129,113,16,7,0
1167,Separado_Divorciado,X19,0,7,129,122,7,7,0
1168,Separado_Divorciado,X2,0,7,129,121,8,7,0
1169,Separado_Divorciado,X20,0,7,129,121,8,7,0
1170,Separado_Divorciado,X21,0,7,129,122,7,7,0
1171,Separado_Divorciado,X22,0,7,129,127,2,7,0
1172,Separado_Divorciado,X23,0,7,129,127,2,7,0
1173,Separado_Divorciado,X24,0,7,129,103,26,7,0
1174,Separado_Divorciado,X25,0,7,129,125,4,7,0
1175,Separado_Divorciado,X26,0,7,129,127,2,7,0
1176,Separado_Divorciado,X27,0,7,129,124,5,7,0
1177,Separado_Divorciado,X28,0,7,129,123,6,7,0
1178,Separado_Divorciado,X29,0.285714286,7,129,89,40,5,2
1179,Separado_Divorciado,X3,0,7,129,127,2,7,0
1180,Separado_Divorciado,X30,0.428571429,7,129,70,59,4,3
1181,Separado_Divorciado,X31,0,7,129,112,17,7,0
1182,Separado_Divorciado,X32,0.285714286,7,129,94,35,5,2
1183,Separado_Divorciado,X33,0,7,129,117,12,7,0
1184,Separado_Divorciado,X34,0,7,129,126,3,7,0
1185,Separado_Divorciado,X35,0,7,129,127,2,7,0
1186,Separado_Divorciado,X36,0,7,129,121,8,7,0
1187,Separado_Divorciado,X37,0.142857143,7,129,108,21,6,1
1188,Separado_Divorciado,X38,0,7,129,126,3,7,0
1189,Separado_Divorciado,X39,0.142857143,7,129,115,14,6,1
1190,Separado_Divorciado,X4,0,7,129,125,4,7,0
1191,Separado_Divorciado,X40,0,7,129,124,5,7,0
1192,Separado_Divorciado,X41,0,7,129,122,7,7,0
1193,Separado_Divorciado,X42,0,7,129,126,3,7,0
1194,Separado_Divorciado,X43,0,7,129,126,3,7,0
1195,Separado_Divorciado,X44,0.285714286,7,129,93,36,5,2
1196,Separado_Divorciado,X45,0,7,129,117,12,7,0
1197,Separado_Divorciado,X46,0.285714286,7,129,93,36,5,2
1198,Separado_Divorciado,X47,0,7,129,117,12,7,0
1199,Separado_Divorciado,X48,0.142857143,7,129,104,25,6,1
1200,Separado_Divorciado,X49,0,7,129,116,13,7,0
1201,Separado_Divorciado,X5,0,7,129,126,3,7,0
1202,Separado_Divorciado,X50,0,7,129,127,2,7,0
1203,Separado_Divorciado,X51,0,7,129,128,1,7,0
1204,Separado_Divorciado,X52,0,7,129,127,2,7,0
1205,Separado_Divorciado,X53,0,7,129,127,2,7,0
1206,Separado_Divorciado,X9,0,7,129,128,1,7,0
1207,Solteiro,Fuma,0.289156627,83,110,88,22,59,24
1208,Solteiro,Cirurgia_coluna,0.424657534,73,105,64,41,42,31
1209,Solteiro,Aposentado,0.111111111,81,109,84,25,72,9
1210,Solteiro,Desempregado,0.17721519,79,107,95,12,65,14
1211,Solteiro,Licenca_Medica,0.148148148,81,107,100,7,69,12
1212,Solteiro,Aposentado_Invalidez,0.051948052,77,109,105,4,73,4
1213,Solteiro,Analgésicos,0.6,80,107,33,74,32,48
1214,Solteiro,OutraDoenca,0.375,80,109,70,39,50,30
1215,Solteiro,Dor_costas,0.558441558,77,109,43,66,34,43
1216,Solteiro,Dor_pernas,0.355263158,76,109,74,35,49,27
1217,Solteiro,Retornar_trabalho,0.111111111,72,95,82,13,64,8
1218,Solteiro,Masc,0.693181818,88,114,41,73,27,61
1219,Solteiro,Fem,0.306818182,88,114,73,41,61,27
1220,Solteiro,Casado_Amasiado,0,88,114,29,85,88,0
1221,Solteiro,Solteiro,1,88,114,114,0,0,88
1222,Solteiro,Separado_Divorciado,0,88,114,106,8,88,0
1223,Solteiro,X4,0,88,114,111,3,88,0
1224,Solteiro,X5,0,88,114,108,6,88,0
1225,Solteiro,X6,0,88,114,102,12,88,0
1226,Solteiro,Livrar_costas,0.88,50,62,9,53,6,44
1227,Solteiro,Livrar_perna,0.12,50,62,54,8,44,6
1228,Solteiro,Livrar_perda_sens,0,50,62,61,1,50,0
1229,Solteiro,X1,0,59,77,76,1,59,0
1230,Solteiro,X15,0.050847458,59,77,73,4,56,3
1231,Solteiro,X16,0.101694915,59,77,63,14,53,6
1232,Solteiro,X17,0.033898305,59,77,74,3,57,2
1233,Solteiro,X18,0.13559322,59,77,69,8,51,8
1234,Solteiro,X19,0.050847458,59,77,73,4,56,3
1235,Solteiro,X2,0.06779661,59,77,73,4,55,4
1236,Solteiro,X20,0.06779661,59,77,73,4,55,4
1237,Solteiro,X21,0.033898305,59,77,72,5,57,2
1238,Solteiro,X22,0,59,77,75,2,59,0
1239,Solteiro,X23,0.033898305,59,77,77,0,57,2
1240,Solteiro,X24,0.220338983,59,77,64,13,46,13
1241,Solteiro,X25,0.050847458,59,77,76,1,56,3
1242,Solteiro,X26,0,59,77,75,2,59,0
1243,Solteiro,X27,0.084745763,59,77,77,0,54,5
1244,Solteiro,X28,0.06779661,59,77,75,2,55,4
1245,Solteiro,X29,0.220338983,59,77,48,29,46,13
1246,Solteiro,X3,0.016949153,59,77,76,1,58,1
1247,Solteiro,X30,0.406779661,59,77,39,38,35,24
1248,Solteiro,X31,0.169491525,59,77,70,7,49,10
1249,Solteiro,X32,0.220338983,59,77,53,24,46,13
1250,Solteiro,X33,0.118644068,59,77,72,5,52,7
1251,Solteiro,X34,0.033898305,59,77,76,1,57,2
1252,Solteiro,X35,0.033898305,59,77,77,0,57,2
1253,Solteiro,X36,0.050847458,59,77,72,5,56,3
1254,Solteiro,X37,0.118644068,59,77,62,15,52,7
1255,Solteiro,X38,0.033898305,59,77,76,1,57,2
1256,Solteiro,X39,0.050847458,59,77,65,12,56,3
1257,Solteiro,X4,0.050847458,59,77,76,1,56,3
1258,Solteiro,X40,0.050847458,59,77,75,2,56,3
1259,Solteiro,X41,0.050847458,59,77,73,4,56,3
1260,Solteiro,X42,0.016949153,59,77,75,2,58,1
1261,Solteiro,X43,0,59,77,74,3,59,0
1262,Solteiro,X44,0.203389831,59,77,51,26,47,12
1263,Solteiro,X45,0.152542373,59,77,74,3,50,9
1264,Solteiro,X46,0.186440678,59,77,50,27,48,11
1265,Solteiro,X47,0.13559322,59,77,73,4,51,8
1266,Solteiro,X48,0.13559322,59,77,59,18,51,8
1267,Solteiro,X49,0.101694915,59,77,70,7,53,6
1268,Solteiro,X5,0.033898305,59,77,76,1,57,2
1269,Solteiro,X50,0.016949153,59,77,76,1,58,1
1270,Solteiro,X51,0.016949153,59,77,77,0,58,1
1271,Solteiro,X52,0.016949153,59,77,76,1,58,1
1272,Solteiro,X53,0,59,77,75,2,59,0
1273,Solteiro,X9,0.016949153,59,77,77,0,58,1
1274,X1,Fuma,0,1,127,81,46,1,0
1275,X1,Cirurgia_coluna,0,1,117,62,55,1,0
1276,X1,Aposentado,0,1,131,100,31,1,0
1277,X1,Desempregado,0,1,129,104,25,1,0
1278,X1,Licenca_Medica,0,1,131,113,18,1,0
1279,X1,Aposentado_Invalidez,0,1,130,122,8,1,0
1280,X1,Analgésicos,1,1,129,42,87,0,1
1281,X1,OutraDoenca,0,1,129,79,50,1,0
1282,X1,Dor_costas,1,1,127,37,90,0,1
1283,X1,Dor_pernas,0,1,126,71,55,1,0
1284,X1,Retornar_trabalho,0,1,118,98,20,1,0
1285,X1,Masc,1,1,135,48,87,0,1
1286,X1,Fem,0,1,135,87,48,1,0
1287,X1,Casado_Amasiado,1,1,135,81,54,0,1
1288,X1,Solteiro,0,1,135,76,59,1,0
1289,X1,Separado_Divorciado,0,1,135,128,7,1,0
1290,X1,X4,0,1,135,132,3,1,0
1291,X1,X5,0,1,135,133,2,1,0
1292,X1,X6,0,1,135,125,10,1,0
1293,X1,Livrar_costas,1,1,99,14,85,0,1
1294,X1,Livrar_perna,0,1,99,85,14,1,0
1295,X1,Livrar_perda_sens,0,1,99,99,0,1,0
1296,X1,X1,1,1,135,135,0,0,1
1297,X1,X15,0,1,135,128,7,1,0
1298,X1,X16,0,1,135,115,20,1,0
1299,X1,X17,1,1,135,131,4,0,1
1300,X1,X18,1,1,135,120,15,0,1
1301,X1,X19,0,1,135,128,7,1,0
1302,X1,X2,0,1,135,127,8,1,0
1303,X1,X20,0,1,135,127,8,1,0
1304,X1,X21,0,1,135,128,7,1,0
1305,X1,X22,0,1,135,133,2,1,0
1306,X1,X23,0,1,135,133,2,1,0
1307,X1,X24,0,1,135,109,26,1,0
1308,X1,X25,0,1,135,131,4,1,0
1309,X1,X26,0,1,135,133,2,1,0
1310,X1,X27,0,1,135,130,5,1,0
1311,X1,X28,0,1,135,129,6,1,0
1312,X1,X29,0,1,135,93,42,1,0
1313,X1,X3,0,1,135,133,2,1,0
1314,X1,X30,0,1,135,73,62,1,0
1315,X1,X31,0,1,135,118,17,1,0
1316,X1,X32,0,1,135,98,37,1,0
1317,X1,X33,0,1,135,123,12,1,0
1318,X1,X34,0,1,135,132,3,1,0
1319,X1,X35,0,1,135,133,2,1,0
1320,X1,X36,0,1,135,127,8,1,0
1321,X1,X37,0,1,135,113,22,1,0
1322,X1,X38,0,1,135,132,3,1,0
1323,X1,X39,0,1,135,120,15,1,0
1324,X1,X4,0,1,135,131,4,1,0
1325,X1,X40,0,1,135,130,5,1,0
1326,X1,X41,0,1,135,128,7,1,0
1327,X1,X42,0,1,135,132,3,1,0
1328,X1,X43,0,1,135,132,3,1,0
1329,X1,X44,0,1,135,97,38,1,0
1330,X1,X45,0,1,135,123,12,1,0
1331,X1,X46,0,1,135,97,38,1,0
1332,X1,X47,0,1,135,123,12,1,0
1333,X1,X48,0,1,135,109,26,1,0
1334,X1,X49,0,1,135,122,13,1,0
1335,X1,X5,0,1,135,132,3,1,0
1336,X1,X50,0,1,135,133,2,1,0
1337,X1,X51,0,1,135,134,1,1,0
1338,X1,X52,0,1,135,133,2,1,0
1339,X1,X53,0,1,135,133,2,1,0
1340,X1,X9,0,1,135,134,1,1,0
1341,X15,Fuma,1,5,123,82,41,0,5
1342,X15,Cirurgia_coluna,1,5,113,63,50,0,5
1343,X15,Aposentado,0.166666667,6,126,96,30,5,1
1344,X15,Desempregado,0.333333333,6,124,101,23,4,2
1345,X15,Licenca_Medica,0.5,6,126,111,15,3,3
1346,X15,Aposentado_Invalidez,0.166666667,6,125,118,7,5,1
1347,X15,Analgésicos,0.428571429,7,123,38,85,4,3
1348,X15,OutraDoenca,0.285714286,7,123,75,48,5,2
1349,X15,Dor_costas,0.714285714,7,121,35,86,2,5
1350,X15,Dor_pernas,0.857142857,7,120,71,49,1,6
1351,X15,Retornar_trabalho,0,7,112,92,20,7,0
1352,X15,Masc,0.571428571,7,129,45,84,3,4
1353,X15,Fem,0.428571429,7,129,84,45,4,3
1354,X15,Casado_Amasiado,0.428571429,7,129,77,52,4,3
1355,X15,Solteiro,0.428571429,7,129,73,56,4,3
1356,X15,Separado_Divorciado,0,7,129,122,7,7,0
1357,X15,X4,0.142857143,7,129,127,2,6,1
1358,X15,X5,0,7,129,127,2,7,0
1359,X15,X6,0,7,129,119,10,7,0
1360,X15,Livrar_costas,0.666666667,6,94,12,82,2,4
1361,X15,Livrar_perna,0.333333333,6,94,82,12,4,2
1362,X15,Livrar_perda_sens,0,6,94,94,0,6,0
1363,X15,X1,0,7,129,128,1,7,0
1364,X15,X15,1,7,129,129,0,0,7
1365,X15,X16,0.428571429,7,129,112,17,4,3
1366,X15,X17,0.285714286,7,129,126,3,5,2
1367,X15,X18,0.285714286,7,129,115,14,5,2
1368,X15,X19,0,7,129,122,7,7,0
1369,X15,X2,0.142857143,7,129,122,7,6,1
1370,X15,X20,0,7,129,121,8,7,0
1371,X15,X21,0,7,129,122,7,7,0
1372,X15,X22,0,7,129,127,2,7,0
1373,X15,X23,0,7,129,127,2,7,0
1374,X15,X24,0,7,129,103,26,7,0
1375,X15,X25,0,7,129,125,4,7,0
1376,X15,X26,0,7,129,127,2,7,0
1377,X15,X27,0,7,129,124,5,7,0
1378,X15,X28,0,7,129,123,6,7,0
1379,X15,X29,0.571428571,7,129,91,38,3,4
1380,X15,X3,0,7,129,127,2,7,0
1381,X15,X30,0.285714286,7,129,69,60,5,2
1382,X15,X31,0.571428571,7,129,116,13,3,4
1383,X15,X32,0.142857143,7,129,93,36,6,1
1384,X15,X33,0.285714286,7,129,119,10,5,2
1385,X15,X34,0.142857143,7,129,127,2,6,1
1386,X15,X35,0.142857143,7,129,128,1,6,1
1387,X15,X36,0.714285714,7,129,126,3,2,5
1388,X15,X37,0.571428571,7,129,111,18,3,4
1389,X15,X38,0.285714286,7,129,128,1,5,2
1390,X15,X39,0,7,129,114,15,7,0
1391,X15,X4,0.142857143,7,129,126,3,6,1
1392,X15,X40,0.571428571,7,129,128,1,3,4
1393,X15,X41,0.428571429,7,129,125,4,4,3
1394,X15,X42,0,7,129,126,3,7,0
1395,X15,X43,0,7,129,126,3,7,0
1396,X15,X44,0.285714286,7,129,93,36,5,2
1397,X15,X45,0.285714286,7,129,119,10,5,2
1398,X15,X46,0.285714286,7,129,93,36,5,2
1399,X15,X47,0.428571429,7,129,120,9,4,3
1400,X15,X48,0.142857143,7,129,104,25,6,1
1401,X15,X49,0.285714286,7,129,118,11,5,2
1402,X15,X5,0.142857143,7,129,127,2,6,1
1403,X15,X50,0,7,129,127,2,7,0
1404,X15,X51,0.142857143,7,129,129,0,6,1
1405,X15,X52,0,7,129,127,2,7,0
1406,X15,X53,0,7,129,127,2,7,0
1407,X15,X9,0.142857143,7,129,129,0,6,1
1408,X16,Fuma,0.421052632,19,109,71,38,11,8
1409,X16,Cirurgia_coluna,0.470588235,17,101,54,47,9,8
1410,X16,Aposentado,0.45,20,112,90,22,11,9
1411,X16,Desempregado,0.1,20,110,87,23,18,2
1412,X16,Licenca_Medica,0.15,20,112,97,15,17,3
1413,X16,Aposentado_Invalidez,0.157894737,19,112,107,5,16,3
1414,X16,Analgésicos,0.9,20,110,40,70,2,18
1415,X16,OutraDoenca,0.35,20,110,67,43,13,7
1416,X16,Dor_costas,0.95,20,108,36,72,1,19
1417,X16,Dor_pernas,0.95,20,107,71,36,1,19
1418,X16,Retornar_trabalho,0.411764706,17,102,89,13,10,7
1419,X16,Masc,0.7,20,116,42,74,6,14
1420,X16,Fem,0.3,20,116,74,42,14,6
1421,X16,Casado_Amasiado,0.5,20,116,71,45,10,10
1422,X16,Solteiro,0.3,20,116,63,53,14,6
1423,X16,Separado_Divorciado,0.05,20,116,110,6,19,1
1424,X16,X4,0,20,116,113,3,20,0
1425,X16,X5,0,20,116,114,2,20,0
1426,X16,X6,0.15,20,116,109,7,17,3
1427,X16,Livrar_costas,0.894736842,19,81,12,69,2,17
1428,X16,Livrar_perna,0.105263158,19,81,69,12,17,2
1429,X16,Livrar_perda_sens,0,19,81,81,0,19,0
1430,X16,X1,0,20,116,115,1,20,0
1431,X16,X15,0.15,20,116,112,4,17,3
1432,X16,X16,1,20,116,116,0,0,20
1433,X16,X17,0.05,20,116,112,4,19,1
1434,X16,X18,0.05,20,116,101,15,19,1
1435,X16,X19,0.05,20,116,110,6,19,1
1436,X16,X2,0.05,20,116,109,7,19,1
1437,X16,X20,0,20,116,108,8,20,0
1438,X16,X21,0.05,20,116,110,6,19,1
1439,X16,X22,0,20,116,114,2,20,0
1440,X16,X23,0,20,116,114,2,20,0
1441,X16,X24,0.1,20,116,92,24,18,2
1442,X16,X25,0,20,116,112,4,20,0
1443,X16,X26,0,20,116,114,2,20,0
1444,X16,X27,0.05,20,116,112,4,19,1
1445,X16,X28,0,20,116,110,6,20,0
1446,X16,X29,0.8,20,116,90,26,4,16
1447,X16,X3,0,20,116,114,2,20,0
1448,X16,X30,0.8,20,116,70,46,4,16
1449,X16,X31,0.05,20,116,100,16,19,1
1450,X16,X32,0.85,20,116,96,20,3,17
1451,X16,X33,0.05,20,116,105,11,19,1
1452,X16,X34,0.05,20,116,114,2,19,1
1453,X16,X35,0.05,20,116,115,1,19,1
1454,X16,X36,0.05,20,116,109,7,19,1
1455,X16,X37,0.9,20,116,112,4,2,18
1456,X16,X38,0,20,116,113,3,20,0
1457,X16,X39,0.65,20,116,114,2,7,13
1458,X16,X4,0.05,20,116,113,3,19,1
1459,X16,X40,0,20,116,111,5,20,0
1460,X16,X41,0.2,20,116,113,3,16,4
1461,X16,X42,0,20,116,113,3,20,0
1462,X16,X43,0,20,116,113,3,20,0
1463,X16,X44,0.8,20,116,94,22,4,16
1464,X16,X45,0.1,20,116,106,10,18,2
1465,X16,X46,0.8,20,116,94,22,4,16
1466,X16,X47,0.05,20,116,105,11,19,1
1467,X16,X48,0.75,20,116,105,11,5,15
1468,X16,X49,0,20,116,103,13,20,0
1469,X16,X5,0.05,20,116,114,2,19,1
1470,X16,X50,0,20,116,114,2,20,0
1471,X16,X51,0.05,20,116,116,0,19,1
1472,X16,X52,0,20,116,114,2,20,0
1473,X16,X53,0,20,116,114,2,20,0
1474,X16,X9,0.05,20,116,116,0,19,1
1475,X17,Fuma,0.75,4,124,81,43,1,3
1476,X17,Cirurgia_coluna,0.666666667,3,115,62,53,1,2
1477,X17,Aposentado,0,5,127,96,31,5,0
1478,X17,Desempregado,0.2,5,125,101,24,4,1
1479,X17,Licenca_Medica,0.4,5,127,111,16,3,2
1480,X17,Aposentado_Invalidez,0,5,126,118,8,5,0
1481,X17,Analgésicos,0.8,5,125,41,84,1,4
1482,X17,OutraDoenca,0,5,125,75,50,5,0
1483,X17,Dor_costas,1,5,123,37,86,0,5
1484,X17,Dor_pernas,0.4,5,122,69,53,3,2
1485,X17,Retornar_trabalho,0,5,114,94,20,5,0
1486,X17,Masc,1,5,131,48,83,0,5
1487,X17,Fem,0,5,131,83,48,5,0
1488,X17,Casado_Amasiado,0.4,5,131,78,53,3,2
1489,X17,Solteiro,0.4,5,131,74,57,3,2
1490,X17,Separado_Divorciado,0,5,131,124,7,5,0
1491,X17,X4,0.2,5,131,129,2,4,1
1492,X17,X5,0,5,131,129,2,5,0
1493,X17,X6,0,5,131,121,10,5,0
1494,X17,Livrar_costas,1,4,96,14,82,0,4
1495,X17,Livrar_perna,0,4,96,82,14,4,0
1496,X17,Livrar_perda_sens,0,4,96,96,0,4,0
1497,X17,X1,0.2,5,131,131,0,4,1
1498,X17,X15,0.4,5,131,126,5,3,2
1499,X17,X16,0.2,5,131,112,19,4,1
1500,X17,X17,1,5,131,131,0,0,5
1501,X17,X18,1,5,131,120,11,0,5
1502,X17,X19,0.2,5,131,125,6,4,1
1503,X17,X2,0.2,5,131,124,7,4,1
1504,X17,X20,0,5,131,123,8,5,0
1505,X17,X21,0.2,5,131,125,6,4,1
1506,X17,X22,0,5,131,129,2,5,0
1507,X17,X23,0,5,131,129,2,5,0
1508,X17,X24,0.2,5,131,106,25,4,1
1509,X17,X25,0,5,131,127,4,5,0
1510,X17,X26,0,5,131,129,2,5,0
1511,X17,X27,0,5,131,126,5,5,0
1512,X17,X28,0,5,131,125,6,5,0
1513,X17,X29,0.4,5,131,91,40,3,2
1514,X17,X3,0,5,131,129,2,5,0
1515,X17,X30,0.2,5,131,70,61,4,1
1516,X17,X31,0.2,5,131,115,16,4,1
1517,X17,X32,0.2,5,131,95,36,4,1
1518,X17,X33,0,5,131,119,12,5,0
1519,X17,X34,0,5,131,128,3,5,0
1520,X17,X35,0,5,131,129,2,5,0
1521,X17,X36,0.4,5,131,125,6,3,2
1522,X17,X37,0.6,5,131,112,19,2,3
1523,X17,X38,0,5,131,128,3,5,0
1524,X17,X39,0.2,5,131,117,14,4,1
1525,X17,X4,0,5,131,127,4,5,0
1526,X17,X40,0.4,5,131,128,3,3,2
1527,X17,X41,0.4,5,131,126,5,3,2
1528,X17,X42,0,5,131,128,3,5,0
1529,X17,X43,0,5,131,128,3,5,0
1530,X17,X44,0,5,131,93,38,5,0
1531,X17,X45,0,5,131,119,12,5,0
1532,X17,X46,0.2,5,131,94,37,4,1
1533,X17,X47,0,5,131,119,12,5,0
1534,X17,X48,0,5,131,105,26,5,0
1535,X17,X49,0,5,131,118,13,5,0
1536,X17,X5,0,5,131,128,3,5,0
1537,X17,X50,0,5,131,129,2,5,0
1538,X17,X51,0,5,131,130,1,5,0
1539,X17,X52,0,5,131,129,2,5,0
1540,X17,X53,0,5,131,129,2,5,0
1541,X17,X9,0,5,131,130,1,5,0
1542,X18,Fuma,0.642857143,14,114,77,37,5,9
1543,X18,Cirurgia_coluna,0.583333333,12,106,58,48,5,7
1544,X18,Aposentado,0.125,16,116,87,29,14,2
1545,X18,Desempregado,0.25,16,114,93,21,12,4
1546,X18,Licenca_Medica,0.1875,16,116,101,15,13,3
1547,X18,Aposentado_Invalidez,0.0625,16,115,108,7,15,1
1548,X18,Analgésicos,0.866666667,15,115,40,75,2,13
1549,X18,OutraDoenca,0.3125,16,114,69,45,11,5
1550,X18,Dor_costas,0.9375,16,112,36,76,1,15
1551,X18,Dor_pernas,0.3125,16,111,61,50,11,5
1552,X18,Retornar_trabalho,0.125,16,103,85,18,14,2
1553,X18,Masc,0.8125,16,120,45,75,3,13
1554,X18,Fem,0.1875,16,120,75,45,13,3
1555,X18,Casado_Amasiado,0.375,16,120,71,49,10,6
1556,X18,Solteiro,0.5,16,120,69,51,8,8
1557,X18,Separado_Divorciado,0,16,120,113,7,16,0
1558,X18,X4,0.0625,16,120,118,2,15,1
1559,X18,X5,0.0625,16,120,119,1,15,1
1560,X18,X6,0,16,120,110,10,16,0
1561,X18,Livrar_costas,1,12,88,14,74,0,12
1562,X18,Livrar_perna,0,12,88,74,14,12,0
1563,X18,Livrar_perda_sens,0,12,88,88,0,12,0
1564,X18,X1,0.0625,16,120,120,0,15,1
1565,X18,X15,0.125,16,120,115,5,14,2
1566,X18,X16,0.0625,16,120,101,19,15,1
1567,X18,X17,0.3125,16,120,120,0,11,5
1568,X18,X18,1,16,120,120,0,0,16
1569,X18,X19,0.25,16,120,117,3,12,4
1570,X18,X2,0.25,16,120,116,4,12,4
1571,X18,X20,0.3125,16,120,117,3,11,5
1572,X18,X21,0.1875,16,120,116,4,13,3
1573,X18,X22,0.125,16,120,120,0,14,2
1574,X18,X23,0,16,120,118,2,16,0
1575,X18,X24,0.25,16,120,98,22,12,4
1576,X18,X25,0,16,120,116,4,16,0
1577,X18,X26,0.0625,16,120,119,1,15,1
1578,X18,X27,0,16,120,115,5,16,0
1579,X18,X28,0.0625,16,120,115,5,15,1
1580,X18,X29,0.125,16,120,80,40,14,2
1581,X18,X3,0.0625,16,120,119,1,15,1
1582,X18,X30,0.25,16,120,62,58,12,4
1583,X18,X31,0.0625,16,120,104,16,15,1
1584,X18,X32,0.0625,16,120,84,36,15,1
1585,X18,X33,0,16,120,108,12,16,0
1586,X18,X34,0,16,120,117,3,16,0
1587,X18,X35,0.0625,16,120,119,1,15,1
1588,X18,X36,0.125,16,120,114,6,14,2
1589,X18,X37,0.1875,16,120,101,19,13,3
1590,X18,X38,0,16,120,117,3,16,0
1591,X18,X39,0.0625,16,120,106,14,15,1
1592,X18,X4,0.125,16,120,118,2,14,2
1593,X18,X40,0.125,16,120,117,3,14,2
1594,X18,X41,0.125,16,120,115,5,14,2
1595,X18,X42,0.125,16,120,119,1,14,2
1596,X18,X43,0.125,16,120,119,1,14,2
1597,X18,X44,0,16,120,82,38,16,0
1598,X18,X45,0,16,120,108,12,16,0
1599,X18,X46,0.125,16,120,84,36,14,2
1600,X18,X47,0.0625,16,120,109,11,15,1
1601,X18,X48,0,16,120,94,26,16,0
1602,X18,X49,0,16,120,107,13,16,0
1603,X18,X5,0,16,120,117,3,16,0
1604,X18,X50,0,16,120,118,2,16,0
1605,X18,X51,0,16,120,119,1,16,0
1606,X18,X52,0,16,120,118,2,16,0
1607,X18,X53,0.0625,16,120,119,1,15,1
1608,X18,X9,0,16,120,119,1,16,0
1609,X19,Fuma,0.571428571,7,121,79,42,3,4
1610,X19,Cirurgia_coluna,0,4,114,59,55,4,0
1611,X19,Aposentado,0.285714286,7,125,96,29,5,2
1612,X19,Desempregado,0.285714286,7,123,100,23,5,2
1613,X19,Licenca_Medica,0.142857143,7,125,108,17,6,1
1614,X19,Aposentado_Invalidez,0.142857143,7,124,117,7,6,1
1615,X19,Analgésicos,0.833333333,6,124,41,83,1,5
1616,X19,OutraDoenca,0.428571429,7,123,76,47,4,3
1617,X19,Dor_costas,1,7,121,37,84,0,7
1618,X19,Dor_pernas,0.428571429,7,120,68,52,4,3
1619,X19,Retornar_trabalho,0.428571429,7,112,95,17,4,3
1620,X19,Masc,1,7,129,48,81,0,7
1621,X19,Fem,0,7,129,81,48,7,0
1622,X19,Casado_Amasiado,0.428571429,7,129,77,52,4,3
1623,X19,Solteiro,0.428571429,7,129,73,56,4,3
1624,X19,Separado_Divorciado,0,7,129,122,7,7,0
1625,X19,X4,0.142857143,7,129,127,2,6,1
1626,X19,X5,0,7,129,127,2,7,0
1627,X19,X6,0,7,129,119,10,7,0
1628,X19,Livrar_costas,1,5,95,14,81,0,5
1629,X19,Livrar_perna,0,5,95,81,14,5,0
1630,X19,Livrar_perda_sens,0,5,95,95,0,5,0
1631,X19,X1,0,7,129,128,1,7,0
1632,X19,X15,0,7,129,122,7,7,0
1633,X19,X16,0.142857143,7,129,110,19,6,1
1634,X19,X17,0.142857143,7,129,125,4,6,1
1635,X19,X18,0.571428571,7,129,117,12,3,4
1636,X19,X19,1,7,129,129,0,0,7
1637,X19,X2,0.285714286,7,129,123,6,5,2
1638,X19,X20,0.571428571,7,129,125,4,3,4
1639,X19,X21,0.571428571,7,129,126,3,3,4
1640,X19,X22,0.285714286,7,129,129,0,5,2
1641,X19,X23,0,7,129,127,2,7,0
1642,X19,X24,0.571428571,7,129,107,22,3,4
1643,X19,X25,0.285714286,7,129,127,2,5,2
1644,X19,X26,0.142857143,7,129,128,1,6,1
1645,X19,X27,0,7,129,124,5,7,0
1646,X19,X28,0,7,129,123,6,7,0
1647,X19,X29,0.142857143,7,129,88,41,6,1
1648,X19,X3,0.285714286,7,129,129,0,5,2
1649,X19,X30,0.571428571,7,129,71,58,3,4
1650,X19,X31,0,7,129,112,17,7,0
1651,X19,X32,0.142857143,7,129,93,36,6,1
1652,X19,X33,0,7,129,117,12,7,0
1653,X19,X34,0,7,129,126,3,7,0
1654,X19,X35,0,7,129,127,2,7,0
1655,X19,X36,0,7,129,121,8,7,0
1656,X19,X37,0.142857143,7,129,108,21,6,1
1657,X19,X38,0,7,129,126,3,7,0
1658,X19,X39,0.142857143,7,129,115,14,6,1
1659,X19,X4,0.285714286,7,129,127,2,5,2
1660,X19,X40,0,7,129,124,5,7,0
1661,X19,X41,0,7,129,122,7,7,0
1662,X19,X42,0.285714286,7,129,128,1,5,2
1663,X19,X43,0.142857143,7,129,127,2,6,1
1664,X19,X44,0,7,129,91,38,7,0
1665,X19,X45,0,7,129,117,12,7,0
1666,X19,X46,0.285714286,7,129,93,36,5,2
1667,X19,X47,0.142857143,7,129,118,11,6,1
1668,X19,X48,0,7,129,103,26,7,0
1669,X19,X49,0,7,129,116,13,7,0
1670,X19,X5,0,7,129,126,3,7,0
1671,X19,X50,0,7,129,127,2,7,0
1672,X19,X51,0,7,129,128,1,7,0
1673,X19,X52,0,7,129,127,2,7,0
1674,X19,X53,0,7,129,127,2,7,0
1675,X19,X9,0,7,129,128,1,7,0
1676,X2,Fuma,1,8,120,82,38,0,8
1677,X2,Cirurgia_coluna,0.6,5,113,61,52,2,3
1678,X2,Aposentado,0.25,8,124,95,29,6,2
1679,X2,Desempregado,0.375,8,122,100,22,5,3
1680,X2,Licenca_Medica,0.25,8,124,108,16,6,2
1681,X2,Aposentado_Invalidez,0.125,8,123,116,7,7,1
1682,X2,Analgésicos,0.875,8,122,41,81,1,7
1683,X2,OutraDoenca,0.5,8,122,76,46,4,4
1684,X2,Dor_costas,1,8,120,37,83,0,8
1685,X2,Dor_pernas,0.5,8,119,68,51,4,4
1686,X2,Retornar_trabalho,0.25,8,111,93,18,6,2
1687,X2,Masc,0.75,8,128,46,82,2,6
1688,X2,Fem,0.25,8,128,82,46,6,2
1689,X2,Casado_Amasiado,0.125,8,128,74,54,7,1
1690,X2,Solteiro,0.5,8,128,73,55,4,4
1691,X2,Separado_Divorciado,0,8,128,121,7,8,0
1692,X2,X4,0.25,8,128,127,1,6,2
1693,X2,X5,0,8,128,126,2,8,0
1694,X2,X6,0.125,8,128,119,9,7,1
1695,X2,Livrar_costas,1,7,93,14,79,0,7
1696,X2,Livrar_perna,0,7,93,79,14,7,0
1697,X2,Livrar_perda_sens,0,7,93,93,0,7,0
1698,X2,X1,0,8,128,127,1,8,0
1699,X2,X15,0.125,8,128,122,6,7,1
1700,X2,X16,0.125,8,128,109,19,7,1
1701,X2,X17,0.125,8,128,124,4,7,1
1702,X2,X18,0.5,8,128,116,12,4,4
1703,X2,X19,0.25,8,128,123,5,6,2
1704,X2,X2,1,8,128,128,0,0,8
1705,X2,X20,0.125,8,128,121,7,7,1
1706,X2,X21,0.125,8,128,122,6,7,1
1707,X2,X22,0,8,128,126,2,8,0
1708,X2,X23,0,8,128,126,2,8,0
1709,X2,X24,0.375,8,128,105,23,5,3
1710,X2,X25,0,8,128,124,4,8,0
1711,X2,X26,0,8,128,126,2,8,0
1712,X2,X27,0,8,128,123,5,8,0
1713,X2,X28,0.125,8,128,123,5,7,1
1714,X2,X29,0.125,8,128,87,41,7,1
1715,X2,X3,0.25,8,128,128,0,6,2
1716,X2,X30,0.25,8,128,68,60,6,2
1717,X2,X31,0.125,8,128,112,16,7,1
1718,X2,X32,0,8,128,91,37,8,0
1719,X2,X33,0,8,128,116,12,8,0
1720,X2,X34,0.25,8,128,127,1,6,2
1721,X2,X35,0.125,8,128,127,1,7,1
1722,X2,X36,0,8,128,120,8,8,0
1723,X2,X37,0.125,8,128,107,21,7,1
1724,X2,X38,0,8,128,125,3,8,0
1725,X2,X39,0,8,128,113,15,8,0
1726,X2,X4,0.375,8,128,127,1,5,3
1727,X2,X40,0,8,128,123,5,8,0
1728,X2,X41,0,8,128,121,7,8,0
1729,X2,X42,0,8,128,125,3,8,0
1730,X2,X43,0.125,8,128,126,2,7,1
1731,X2,X44,0.125,8,128,91,37,7,1
1732,X2,X45,0.125,8,128,117,11,7,1
1733,X2,X46,0.25,8,128,92,36,6,2
1734,X2,X47,0.25,8,128,118,10,6,2
1735,X2,X48,0.125,8,128,103,25,7,1
1736,X2,X49,0.125,8,128,116,12,7,1
1737,X2,X5,0.375,8,128,128,0,5,3
1738,X2,X50,0.125,8,128,127,1,7,1
1739,X2,X51,0.125,8,128,128,0,7,1
1740,X2,X52,0,8,128,126,2,8,0
1741,X2,X53,0.125,8,128,127,1,7,1
1742,X2,X9,0.125,8,128,128,0,7,1
1743,X20,Fuma,0.375,8,120,77,43,5,3
1744,X20,Cirurgia_coluna,0.166666667,6,112,58,54,5,1
1745,X20,Aposentado,0.25,8,124,95,29,6,2
1746,X20,Desempregado,0.25,8,122,99,23,6,2
1747,X20,Licenca_Medica,0.25,8,124,108,16,6,2
1748,X20,Aposentado_Invalidez,0.125,8,123,116,7,7,1
1749,X20,Analgésicos,0.857142857,7,123,41,82,1,6
1750,X20,OutraDoenca,0.25,8,122,74,48,6,2
1751,X20,Dor_costas,1,8,120,37,83,0,8
1752,X20,Dor_pernas,0.25,8,119,66,53,6,2
1753,X20,Retornar_trabalho,0.375,8,111,94,17,5,3
1754,X20,Masc,0.625,8,128,45,83,3,5
1755,X20,Fem,0.375,8,128,83,45,5,3
1756,X20,Casado_Amasiado,0.5,8,128,77,51,4,4
1757,X20,Solteiro,0.5,8,128,73,55,4,4
1758,X20,Separado_Divorciado,0,8,128,121,7,8,0
1759,X20,X4,0,8,128,125,3,8,0
1760,X20,X5,0,8,128,126,2,8,0
1761,X20,X6,0,8,128,118,10,8,0
1762,X20,Livrar_costas,1,7,93,14,79,0,7
1763,X20,Livrar_perna,0,7,93,79,14,7,0
1764,X20,Livrar_perda_sens,0,7,93,93,0,7,0
1765,X20,X1,0,8,128,127,1,8,0
1766,X20,X15,0,8,128,121,7,8,0
1767,X20,X16,0,8,128,108,20,8,0
1768,X20,X17,0,8,128,123,5,8,0
1769,X20,X18,0.625,8,128,117,11,3,5
1770,X20,X19,0.5,8,128,125,3,4,4
1771,X20,X2,0.125,8,128,121,7,7,1
1772,X20,X20,1,8,128,128,0,0,8
1773,X20,X21,0.5,8,128,125,3,4,4
1774,X20,X22,0.25,8,128,128,0,6,2
1775,X20,X23,0,8,128,126,2,8,0
1776,X20,X24,0.5,8,128,106,22,4,4
1777,X20,X25,0.25,8,128,126,2,6,2
1778,X20,X26,0.125,8,128,127,1,7,1
1779,X20,X27,0,8,128,123,5,8,0
1780,X20,X28,0.125,8,128,123,5,7,1
1781,X20,X29,0.125,8,128,87,41,7,1
1782,X20,X3,0,8,128,126,2,8,0
1783,X20,X30,0.625,8,128,71,57,3,5
1784,X20,X31,0,8,128,111,17,8,0
1785,X20,X32,0,8,128,91,37,8,0
1786,X20,X33,0,8,128,116,12,8,0
1787,X20,X34,0,8,128,125,3,8,0
1788,X20,X35,0,8,128,126,2,8,0
1789,X20,X36,0,8,128,120,8,8,0
1790,X20,X37,0,8,128,106,22,8,0
1791,X20,X38,0,8,128,125,3,8,0
1792,X20,X39,0,8,128,113,15,8,0
1793,X20,X4,0,8,128,124,4,8,0
1794,X20,X40,0,8,128,123,5,8,0
1795,X20,X41,0,8,128,121,7,8,0
1796,X20,X42,0.25,8,128,127,1,6,2
1797,X20,X43,0.25,8,128,127,1,6,2
1798,X20,X44,0,8,128,90,38,8,0
1799,X20,X45,0,8,128,116,12,8,0
1800,X20,X46,0,8,128,90,38,8,0
1801,X20,X47,0,8,128,116,12,8,0
1802,X20,X48,0,8,128,102,26,8,0
1803,X20,X49,0,8,128,115,13,8,0
1804,X20,X5,0,8,128,125,3,8,0
1805,X20,X50,0,8,128,126,2,8,0
1806,X20,X51,0,8,128,127,1,8,0
1807,X20,X52,0,8,128,126,2,8,0
1808,X20,X53,0.125,8,128,127,1,7,1
1809,X20,X9,0,8,128,127,1,8,0
1810,X21,Fuma,0.285714286,7,121,77,44,5,2
1811,X21,Cirurgia_coluna,0,5,113,58,55,5,0
1812,X21,Aposentado,0.285714286,7,125,96,29,5,2
1813,X21,Desempregado,0.142857143,7,123,99,24,6,1
1814,X21,Licenca_Medica,0.142857143,7,125,108,17,6,1
1815,X21,Aposentado_Invalidez,0,7,124,116,8,7,0
1816,X21,Analgésicos,0.857142857,7,123,41,82,1,6
1817,X21,OutraDoenca,0.142857143,7,123,74,49,6,1
1818,X21,Dor_costas,1,7,121,37,84,0,7
1819,X21,Dor_pernas,0.285714286,7,120,67,53,5,2
1820,X21,Retornar_trabalho,0.285714286,7,112,94,18,5,2
1821,X21,Masc,0.714285714,7,129,46,83,2,5
1822,X21,Fem,0.285714286,7,129,83,46,5,2
1823,X21,Casado_Amasiado,0.714285714,7,129,79,50,2,5
1824,X21,Solteiro,0.285714286,7,129,72,57,5,2
1825,X21,Separado_Divorciado,0,7,129,122,7,7,0
1826,X21,X4,0,7,129,126,3,7,0
1827,X21,X5,0,7,129,127,2,7,0
1828,X21,X6,0,7,129,119,10,7,0
1829,X21,Livrar_costas,1,7,93,14,79,0,7
1830,X21,Livrar_perna,0,7,93,79,14,7,0
1831,X21,Livrar_perda_sens,0,7,93,93,0,7,0
1832,X21,X1,0,7,129,128,1,7,0
1833,X21,X15,0,7,129,122,7,7,0
1834,X21,X16,0.142857143,7,129,110,19,6,1
1835,X21,X17,0.142857143,7,129,125,4,6,1
1836,X21,X18,0.428571429,7,129,116,13,4,3
1837,X21,X19,0.571428571,7,129,126,3,3,4
1838,X21,X2,0.142857143,7,129,122,7,6,1
1839,X21,X20,0.571428571,7,129,125,4,3,4
1840,X21,X21,1,7,129,129,0,0,7
1841,X21,X22,0.142857143,7,129,128,1,6,1
1842,X21,X23,0,7,129,127,2,7,0
1843,X21,X24,0.428571429,7,129,106,23,4,3
1844,X21,X25,0.285714286,7,129,127,2,5,2
1845,X21,X26,0.142857143,7,129,128,1,6,1
1846,X21,X27,0,7,129,124,5,7,0
1847,X21,X28,0.142857143,7,129,124,5,6,1
1848,X21,X29,0.142857143,7,129,88,41,6,1
1849,X21,X3,0,7,129,127,2,7,0
1850,X21,X30,0.714285714,7,129,72,57,2,5
1851,X21,X31,0,7,129,112,17,7,0
1852,X21,X32,0.142857143,7,129,93,36,6,1
1853,X21,X33,0.285714286,7,129,119,10,5,2
1854,X21,X34,0,7,129,126,3,7,0
1855,X21,X35,0,7,129,127,2,7,0
1856,X21,X36,0,7,129,121,8,7,0
1857,X21,X37,0.142857143,7,129,108,21,6,1
1858,X21,X38,0,7,129,126,3,7,0
1859,X21,X39,0.142857143,7,129,115,14,6,1
1860,X21,X4,0,7,129,125,4,7,0
1861,X21,X40,0,7,129,124,5,7,0
1862,X21,X41,0,7,129,122,7,7,0
1863,X21,X42,0.142857143,7,129,127,2,6,1
1864,X21,X43,0.285714286,7,129,128,1,5,2
1865,X21,X44,0,7,129,91,38,7,0
1866,X21,X45,0,7,129,117,12,7,0
1867,X21,X46,0.142857143,7,129,92,37,6,1
1868,X21,X47,0,7,129,117,12,7,0
1869,X21,X48,0,7,129,103,26,7,0
1870,X21,X49,0.285714286,7,129,118,11,5,2
1871,X21,X5,0,7,129,126,3,7,0
1872,X21,X50,0,7,129,127,2,7,0
1873,X21,X51,0,7,129,128,1,7,0
1874,X21,X52,0,7,129,127,2,7,0
1875,X21,X53,0.142857143,7,129,128,1,6,1
1876,X21,X9,0,7,129,128,1,7,0
1877,X22,Fuma,0.5,2,126,81,45,1,1
1878,X22,Cirurgia_coluna,0,1,117,62,55,1,0
1879,X22,Aposentado,0.5,2,130,100,30,1,1
1880,X22,Desempregado,0.5,2,128,104,24,1,1
1881,X22,Licenca_Medica,0.5,2,130,113,17,1,1
1882,X22,Aposentado_Invalidez,0,2,129,121,8,2,0
1883,X22,Analgésicos,1,1,129,42,87,0,1
1884,X22,OutraDoenca,0,2,128,78,50,2,0
1885,X22,Dor_costas,1,2,126,37,89,0,2
1886,X22,Dor_pernas,0,2,125,70,55,2,0
1887,X22,Retornar_trabalho,0.5,2,117,98,19,1,1
1888,X22,Masc,1,2,134,48,86,0,2
1889,X22,Fem,0,2,134,86,48,2,0
1890,X22,Casado_Amasiado,1,2,134,81,53,0,2
1891,X22,Solteiro,0,2,134,75,59,2,0
1892,X22,Separado_Divorciado,0,2,134,127,7,2,0
1893,X22,X4,0,2,134,131,3,2,0
1894,X22,X5,0,2,134,132,2,2,0
1895,X22,X6,0,2,134,124,10,2,0
1896,X22,Livrar_costas,1,1,99,14,85,0,1
1897,X22,Livrar_perna,0,1,99,85,14,1,0
1898,X22,Livrar_perda_sens,0,1,99,99,0,1,0
1899,X22,X1,0,2,134,133,1,2,0
1900,X22,X15,0,2,134,127,7,2,0
1901,X22,X16,0,2,134,114,20,2,0
1902,X22,X17,0,2,134,129,5,2,0
1903,X22,X18,1,2,134,120,14,0,2
1904,X22,X19,1,2,134,129,5,0,2
1905,X22,X2,0,2,134,126,8,2,0
1906,X22,X20,1,2,134,128,6,0,2
1907,X22,X21,0.5,2,134,128,6,1,1
1908,X22,X22,1,2,134,134,0,0,2
1909,X22,X23,0,2,134,132,2,2,0
1910,X22,X24,0,2,134,108,26,2,0
1911,X22,X25,0,2,134,130,4,2,0
1912,X22,X26,0.5,2,134,133,1,1,1
1913,X22,X27,0,2,134,129,5,2,0
1914,X22,X28,0,2,134,128,6,2,0
1915,X22,X29,0,2,134,92,42,2,0
1916,X22,X3,0,2,134,132,2,2,0
1917,X22,X30,0.5,2,134,73,61,1,1
1918,X22,X31,0,2,134,117,17,2,0
1919,X22,X32,0,2,134,97,37,2,0
1920,X22,X33,0,2,134,122,12,2,0
1921,X22,X34,0,2,134,131,3,2,0
1922,X22,X35,0,2,134,132,2,2,0
1923,X22,X36,0,2,134,126,8,2,0
1924,X22,X37,0,2,134,112,22,2,0
1925,X22,X38,0,2,134,131,3,2,0
1926,X22,X39,0,2,134,119,15,2,0
1927,X22,X4,0,2,134,130,4,2,0
1928,X22,X40,0,2,134,129,5,2,0
1929,X22,X41,0,2,134,127,7,2,0
1930,X22,X42,1,2,134,133,1,0,2
1931,X22,X43,0.5,2,134,132,2,1,1
1932,X22,X44,0,2,134,96,38,2,0
1933,X22,X45,0,2,134,122,12,2,0
1934,X22,X46,0,2,134,96,38,2,0
1935,X22,X47,0,2,134,122,12,2,0
1936,X22,X48,0,2,134,108,26,2,0
1937,X22,X49,0,2,134,121,13,2,0
1938,X22,X5,0,2,134,131,3,2,0
1939,X22,X50,0,2,134,132,2,2,0
1940,X22,X51,0,2,134,133,1,2,0
1941,X22,X52,0,2,134,132,2,2,0
1942,X22,X53,0,2,134,132,2,2,0
1943,X22,X9,0,2,134,133,1,2,0
1944,X23,Fuma,0,1,127,81,46,1,0
1945,X23,Cirurgia_coluna,0.5,2,116,62,54,1,1
1946,X23,Aposentado,0.5,2,130,100,30,1,1
1947,X23,Desempregado,0.5,2,128,104,24,1,1
1948,X23,Licenca_Medica,0,2,130,112,18,2,0
1949,X23,Aposentado_Invalidez,0,2,129,121,8,2,0
1950,X23,Analgésicos,1,2,128,42,86,0,2
1951,X23,OutraDoenca,0,2,128,78,50,2,0
1952,X23,Dor_costas,1,2,126,37,89,0,2
1953,X23,Dor_pernas,0.5,2,125,71,54,1,1
1954,X23,Retornar_trabalho,0.5,2,117,98,19,1,1
1955,X23,Masc,0.5,2,134,47,87,1,1
1956,X23,Fem,0.5,2,134,87,47,1,1
1957,X23,Casado_Amasiado,0,2,134,79,55,2,0
1958,X23,Solteiro,1,2,134,77,57,0,2
1959,X23,Separado_Divorciado,0,2,134,127,7,2,0
1960,X23,X4,0,2,134,131,3,2,0
1961,X23,X5,0,2,134,132,2,2,0
1962,X23,X6,0,2,134,124,10,2,0
1963,X23,Livrar_costas,1,2,98,14,84,0,2
1964,X23,Livrar_perna,0,2,98,84,14,2,0
1965,X23,Livrar_perda_sens,0,2,98,98,0,2,0
1966,X23,X1,0,2,134,133,1,2,0
1967,X23,X15,0,2,134,127,7,2,0
1968,X23,X16,0,2,134,114,20,2,0
1969,X23,X17,0,2,134,129,5,2,0
1970,X23,X18,0,2,134,118,16,2,0
1971,X23,X19,0,2,134,127,7,2,0
1972,X23,X2,0,2,134,126,8,2,0
1973,X23,X20,0,2,134,126,8,2,0
1974,X23,X21,0,2,134,127,7,2,0
1975,X23,X22,0,2,134,132,2,2,0
1976,X23,X23,1,2,134,134,0,0,2
1977,X23,X24,0.5,2,134,109,25,1,1
1978,X23,X25,0.5,2,134,131,3,1,1
1979,X23,X26,0,2,134,132,2,2,0
1980,X23,X27,0.5,2,134,130,4,1,1
1981,X23,X28,0.5,2,134,129,5,1,1
1982,X23,X29,0,2,134,92,42,2,0
1983,X23,X3,0,2,134,132,2,2,0
1984,X23,X30,1,2,134,74,60,0,2
1985,X23,X31,0,2,134,117,17,2,0
1986,X23,X32,0,2,134,97,37,2,0
1987,X23,X33,0,2,134,122,12,2,0
1988,X23,X34,0,2,134,131,3,2,0
1989,X23,X35,0,2,134,132,2,2,0
1990,X23,X36,0,2,134,126,8,2,0
1991,X23,X37,0,2,134,112,22,2,0
1992,X23,X38,0,2,134,131,3,2,0
1993,X23,X39,0,2,134,119,15,2,0
1994,X23,X4,0,2,134,130,4,2,0
1995,X23,X40,0,2,134,129,5,2,0
1996,X23,X41,0,2,134,127,7,2,0
1997,X23,X42,0,2,134,131,3,2,0
1998,X23,X43,0,2,134,131,3,2,0
1999,X23,X44,0.5,2,134,97,37,1,1
2000,X23,X45,0.5,2,134,123,11,1,1
2001,X23,X46,0.5,2,134,97,37,1,1
2002,X23,X47,0.5,2,134,123,11,1,1
2003,X23,X48,0.5,2,134,109,25,1,1
2004,X23,X49,0.5,2,134,122,12,1,1
2005,X23,X5,0,2,134,131,3,2,0
2006,X23,X50,0,2,134,132,2,2,0
2007,X23,X51,0,2,134,133,1,2,0
2008,X23,X52,0,2,134,132,2,2,0
2009,X23,X53,0,2,134,132,2,2,0
2010,X23,X9,0,2,134,133,1,2,0
2011,X24,Fuma,0.333333333,24,104,66,38,16,8
2012,X24,Cirurgia_coluna,0.409090909,22,96,50,46,13,9
2013,X24,Aposentado,0.153846154,26,106,79,27,22,4
2014,X24,Desempregado,0.269230769,26,104,86,18,19,7
2015,X24,Licenca_Medica,0.153846154,26,106,92,14,22,4
2016,X24,Aposentado_Invalidez,0.115384615,26,105,100,5,23,3
2017,X24,Analgésicos,0.653846154,26,104,33,71,9,17
2018,X24,OutraDoenca,0.384615385,26,104,64,40,16,10
2019,X24,Dor_costas,0.846153846,26,102,33,69,4,22
2020,X24,Dor_pernas,0.269230769,26,101,53,48,19,7
2021,X24,Retornar_trabalho,0.291666667,24,95,82,13,17,7
2022,X24,Masc,0.615384615,26,110,38,72,10,16
2023,X24,Fem,0.384615385,26,110,72,38,16,10
2024,X24,Casado_Amasiado,0.423076923,26,110,66,44,15,11
2025,X24,Solteiro,0.5,26,110,64,46,13,13
2026,X24,Separado_Divorciado,0,26,110,103,7,26,0
2027,X24,X4,0,26,110,107,3,26,0
2028,X24,X5,0.038461538,26,110,109,1,25,1
2029,X24,X6,0.038461538,26,110,101,9,25,1
2030,X24,Livrar_costas,1,25,75,14,61,0,25
2031,X24,Livrar_perna,0,25,75,61,14,25,0
2032,X24,Livrar_perda_sens,0,25,75,75,0,25,0
2033,X24,X1,0,26,110,109,1,26,0
2034,X24,X15,0,26,110,103,7,26,0
2035,X24,X16,0.076923077,26,110,92,18,24,2
2036,X24,X17,0.038461538,26,110,106,4,25,1
2037,X24,X18,0.153846154,26,110,98,12,22,4
2038,X24,X19,0.153846154,26,110,107,3,22,4
2039,X24,X2,0.115384615,26,110,105,5,23,3
2040,X24,X20,0.153846154,26,110,106,4,22,4
2041,X24,X21,0.115384615,26,110,106,4,23,3
2042,X24,X22,0,26,110,108,2,26,0
2043,X24,X23,0.038461538,26,110,109,1,25,1
2044,X24,X24,1,26,110,110,0,0,26
2045,X24,X25,0.153846154,26,110,110,0,22,4
2046,X24,X26,0.038461538,26,110,109,1,25,1
2047,X24,X27,0.038461538,26,110,106,4,25,1
2048,X24,X28,0.076923077,26,110,106,4,24,2
2049,X24,X29,0.230769231,26,110,74,36,20,6
2050,X24,X3,0.038461538,26,110,109,1,25,1
2051,X24,X30,0.5,26,110,61,49,13,13
2052,X24,X31,0.115384615,26,110,96,14,23,3
2053,X24,X32,0.153846154,26,110,77,33,22,4
2054,X24,X33,0.038461538,26,110,99,11,25,1
2055,X24,X34,0.038461538,26,110,108,2,25,1
2056,X24,X35,0,26,110,108,2,26,0
2057,X24,X36,0,26,110,102,8,26,0
2058,X24,X37,0.076923077,26,110,90,20,24,2
2059,X24,X38,0,26,110,107,3,26,0
2060,X24,X39,0.038461538,26,110,96,14,25,1
2061,X24,X4,0.038461538,26,110,107,3,25,1
2062,X24,X40,0,26,110,105,5,26,0
2063,X24,X41,0,26,110,103,7,26,0
2064,X24,X42,0,26,110,107,3,26,0
2065,X24,X43,0,26,110,107,3,26,0
2066,X24,X44,0.115384615,26,110,75,35,23,3
2067,X24,X45,0.038461538,26,110,99,11,25,1
2068,X24,X46,0.192307692,26,110,77,33,21,5
2069,X24,X47,0.076923077,26,110,100,10,24,2
2070,X24,X48,0.076923077,26,110,86,24,24,2
2071,X24,X49,0.115384615,26,110,100,10,23,3
2072,X24,X5,0.076923077,26,110,109,1,24,2
2073,X24,X50,0.038461538,26,110,109,1,25,1
2074,X24,X51,0,26,110,109,1,26,0
2075,X24,X52,0,26,110,108,2,26,0
2076,X24,X53,0,26,110,108,2,26,0
2077,X24,X9,0,26,110,109,1,26,0
2078,X25,Fuma,0.333333333,3,125,80,45,2,1
2079,X25,Cirurgia_coluna,0.5,4,114,61,53,2,2
2080,X25,Aposentado,0.5,4,128,99,29,2,2
2081,X25,Desempregado,0.5,4,126,103,23,2,2
2082,X25,Licenca_Medica,0,4,128,110,18,4,0
2083,X25,Aposentado_Invalidez,0,4,127,119,8,4,0
2084,X25,Analgésicos,0.75,4,126,41,85,1,3
2085,X25,OutraDoenca,0.25,4,126,77,49,3,1
2086,X25,Dor_costas,1,4,124,37,87,0,4
2087,X25,Dor_pernas,0.25,4,123,69,54,3,1
2088,X25,Retornar_trabalho,0.75,4,115,98,17,1,3
2089,X25,Masc,0.75,4,132,47,85,1,3
2090,X25,Fem,0.25,4,132,85,47,3,1
2091,X25,Casado_Amasiado,0.25,4,132,78,54,3,1
2092,X25,Solteiro,0.75,4,132,76,56,1,3
2093,X25,Separado_Divorciado,0,4,132,125,7,4,0
2094,X25,X4,0,4,132,129,3,4,0
2095,X25,X5,0,4,132,130,2,4,0
2096,X25,X6,0,4,132,122,10,4,0
2097,X25,Livrar_costas,1,4,96,14,82,0,4
2098,X25,Livrar_perna,0,4,96,82,14,4,0
2099,X25,Livrar_perda_sens,0,4,96,96,0,4,0
2100,X25,X1,0,4,132,131,1,4,0
2101,X25,X15,0,4,132,125,7,4,0
2102,X25,X16,0,4,132,112,20,4,0
2103,X25,X17,0,4,132,127,5,4,0
2104,X25,X18,0,4,132,116,16,4,0
2105,X25,X19,0.5,4,132,127,5,2,2
2106,X25,X2,0,4,132,124,8,4,0
2107,X25,X20,0.5,4,132,126,6,2,2
2108,X25,X21,0.5,4,132,127,5,2,2
2109,X25,X22,0,4,132,130,2,4,0
2110,X25,X23,0.25,4,132,131,1,3,1
2111,X25,X24,1,4,132,110,22,0,4
2112,X25,X25,1,4,132,132,0,0,4
2113,X25,X26,0,4,132,130,2,4,0
2114,X25,X27,0.25,4,132,128,4,3,1
2115,X25,X28,0.25,4,132,127,5,3,1
2116,X25,X29,0.25,4,132,91,41,3,1
2117,X25,X3,0,4,132,130,2,4,0
2118,X25,X30,0.75,4,132,73,59,1,3
2119,X25,X31,0,4,132,115,17,4,0
2120,X25,X32,0,4,132,95,37,4,0
2121,X25,X33,0,4,132,120,12,4,0
2122,X25,X34,0,4,132,129,3,4,0
2123,X25,X35,0,4,132,130,2,4,0
2124,X25,X36,0,4,132,124,8,4,0
2125,X25,X37,0,4,132,110,22,4,0
2126,X25,X38,0,4,132,129,3,4,0
2127,X25,X39,0,4,132,117,15,4,0
2128,X25,X4,0,4,132,128,4,4,0
2129,X25,X40,0,4,132,127,5,4,0
2130,X25,X41,0,4,132,125,7,4,0
2131,X25,X42,0,4,132,129,3,4,0
2132,X25,X43,0,4,132,129,3,4,0
2133,X25,X44,0,4,132,94,38,4,0
2134,X25,X45,0,4,132,120,12,4,0
2135,X25,X46,0,4,132,94,38,4,0
2136,X25,X47,0,4,132,120,12,4,0
2137,X25,X48,0,4,132,106,26,4,0
2138,X25,X49,0,4,132,119,13,4,0
2139,X25,X5,0,4,132,129,3,4,0
2140,X25,X50,0,4,132,130,2,4,0
2141,X25,X51,0,4,132,131,1,4,0
2142,X25,X52,0,4,132,130,2,4,0
2143,X25,X53,0,4,132,130,2,4,0
2144,X25,X9,0,4,132,131,1,4,0
2145,X26,Fuma,0,2,126,80,46,2,0
2146,X26,Cirurgia_coluna,0,1,117,62,55,1,0
2147,X26,Aposentado,0.5,2,130,100,30,1,1
2148,X26,Desempregado,0.5,2,128,104,24,1,1
2149,X26,Licenca_Medica,0.5,2,130,113,17,1,1
2150,X26,Aposentado_Invalidez,0,2,129,121,8,2,0
2151,X26,Analgésicos,1,2,128,42,86,0,2
2152,X26,OutraDoenca,0.5,2,128,79,49,1,1
2153,X26,Dor_costas,1,2,126,37,89,0,2
2154,X26,Dor_pernas,0,2,125,70,55,2,0
2155,X26,Retornar_trabalho,0.5,2,117,98,19,1,1
2156,X26,Masc,1,2,134,48,86,0,2
2157,X26,Fem,0,2,134,86,48,2,0
2158,X26,Casado_Amasiado,1,2,134,81,53,0,2
2159,X26,Solteiro,0,2,134,75,59,2,0
2160,X26,Separado_Divorciado,0,2,134,127,7,2,0
2161,X26,X4,0,2,134,131,3,2,0
2162,X26,X5,0,2,134,132,2,2,0
2163,X26,X6,0,2,134,124,10,2,0
2164,X26,Livrar_costas,1,2,98,14,84,0,2
2165,X26,Livrar_perna,0,2,98,84,14,2,0
2166,X26,Livrar_perda_sens,0,2,98,98,0,2,0
2167,X26,X1,0,2,134,133,1,2,0
2168,X26,X15,0,2,134,127,7,2,0
2169,X26,X16,0,2,134,114,20,2,0
2170,X26,X17,0,2,134,129,5,2,0
2171,X26,X18,0.5,2,134,119,15,1,1
2172,X26,X19,0.5,2,134,128,6,1,1
2173,X26,X2,0,2,134,126,8,2,0
2174,X26,X20,0.5,2,134,127,7,1,1
2175,X26,X21,0.5,2,134,128,6,1,1
2176,X26,X22,0.5,2,134,133,1,1,1
2177,X26,X23,0,2,134,132,2,2,0
2178,X26,X24,0.5,2,134,109,25,1,1
2179,X26,X25,0,2,134,130,4,2,0
2180,X26,X26,1,2,134,134,0,0,2
2181,X26,X27,0,2,134,129,5,2,0
2182,X26,X28,0.5,2,134,129,5,1,1
2183,X26,X29,0,2,134,92,42,2,0
2184,X26,X3,0,2,134,132,2,2,0
2185,X26,X30,0.5,2,134,73,61,1,1
2186,X26,X31,0.5,2,134,118,16,1,1
2187,X26,X32,0,2,134,97,37,2,0
2188,X26,X33,0,2,134,122,12,2,0
2189,X26,X34,0,2,134,131,3,2,0
2190,X26,X35,0,2,134,132,2,2,0
2191,X26,X36,0,2,134,126,8,2,0
2192,X26,X37,0,2,134,112,22,2,0
2193,X26,X38,0,2,134,131,3,2,0
2194,X26,X39,0,2,134,119,15,2,0
2195,X26,X4,0,2,134,130,4,2,0
2196,X26,X40,0,2,134,129,5,2,0
2197,X26,X41,0,2,134,127,7,2,0
2198,X26,X42,0.5,2,134,132,2,1,1
2199,X26,X43,0.5,2,134,132,2,1,1
2200,X26,X44,0,2,134,96,38,2,0
2201,X26,X45,0,2,134,122,12,2,0
2202,X26,X46,0,2,134,96,38,2,0
2203,X26,X47,0,2,134,122,12,2,0
2204,X26,X48,0,2,134,108,26,2,0
2205,X26,X49,0,2,134,121,13,2,0
2206,X26,X5,0,2,134,131,3,2,0
2207,X26,X50,0,2,134,132,2,2,0
2208,X26,X51,0,2,134,133,1,2,0
2209,X26,X52,0,2,134,132,2,2,0
2210,X26,X53,0,2,134,132,2,2,0
2211,X26,X9,0,2,134,133,1,2,0
2212,X27,Fuma,0.75,4,124,81,43,1,3
2213,X27,Cirurgia_coluna,1,3,115,63,52,0,3
2214,X27,Aposentado,0.4,5,127,98,29,3,2
2215,X27,Desempregado,0.2,5,125,101,24,4,1
2216,X27,Licenca_Medica,0.2,5,127,110,17,4,1
2217,X27,Aposentado_Invalidez,0.2,5,126,119,7,4,1
2218,X27,Analgésicos,0.8,5,125,41,84,1,4
2219,X27,OutraDoenca,0.2,5,125,76,49,4,1
2220,X27,Dor_costas,0.8,5,123,36,87,1,4
2221,X27,Dor_pernas,0.2,5,122,68,54,4,1
2222,X27,Retornar_trabalho,0.6,5,114,97,17,2,3
2223,X27,Masc,0.8,5,131,47,84,1,4
2224,X27,Fem,0.2,5,131,84,47,4,1
2225,X27,Casado_Amasiado,0,5,131,76,55,5,0
2226,X27,Solteiro,1,5,131,77,54,0,5
2227,X27,Separado_Divorciado,0,5,131,124,7,5,0
2228,X27,X4,0,5,131,128,3,5,0
2229,X27,X5,0,5,131,129,2,5,0
2230,X27,X6,0,5,131,121,10,5,0
2231,X27,Livrar_costas,1,5,95,14,81,0,5
2232,X27,Livrar_perna,0,5,95,81,14,5,0
2233,X27,Livrar_perda_sens,0,5,95,95,0,5,0
2234,X27,X1,0,5,131,130,1,5,0
2235,X27,X15,0,5,131,124,7,5,0
2236,X27,X16,0.2,5,131,112,19,4,1
2237,X27,X17,0,5,131,126,5,5,0
2238,X27,X18,0,5,131,115,16,5,0
2239,X27,X19,0,5,131,124,7,5,0
2240,X27,X2,0,5,131,123,8,5,0
2241,X27,X20,0,5,131,123,8,5,0
2242,X27,X21,0,5,131,124,7,5,0
2243,X27,X22,0,5,131,129,2,5,0
2244,X27,X23,0.2,5,131,130,1,4,1
2245,X27,X24,0.2,5,131,106,25,4,1
2246,X27,X25,0.2,5,131,128,3,4,1
2247,X27,X26,0,5,131,129,2,5,0
2248,X27,X27,1,5,131,131,0,0,5
2249,X27,X28,0.6,5,131,128,3,2,3
2250,X27,X29,0.6,5,131,92,39,2,3
2251,X27,X3,0,5,131,129,2,5,0
2252,X27,X30,0.8,5,131,73,58,1,4
2253,X27,X31,0.2,5,131,115,16,4,1
2254,X27,X32,0.4,5,131,96,35,3,2
2255,X27,X33,0,5,131,119,12,5,0
2256,X27,X34,0,5,131,128,3,5,0
2257,X27,X35,0,5,131,129,2,5,0
2258,X27,X36,0,5,131,123,8,5,0
2259,X27,X37,0.2,5,131,110,21,4,1
2260,X27,X38,0,5,131,128,3,5,0
2261,X27,X39,0,5,131,116,15,5,0
2262,X27,X4,0,5,131,127,4,5,0
2263,X27,X40,0,5,131,126,5,5,0
2264,X27,X41,0,5,131,124,7,5,0
2265,X27,X42,0,5,131,128,3,5,0
2266,X27,X43,0,5,131,128,3,5,0
2267,X27,X44,0.4,5,131,95,36,3,2
2268,X27,X45,0,5,131,119,12,5,0
2269,X27,X46,0.2,5,131,94,37,4,1
2270,X27,X47,0,5,131,119,12,5,0
2271,X27,X48,0.2,5,131,106,25,4,1
2272,X27,X49,0,5,131,118,13,5,0
2273,X27,X5,0,5,131,128,3,5,0
2274,X27,X50,0,5,131,129,2,5,0
2275,X27,X51,0,5,131,130,1,5,0
2276,X27,X52,0,5,131,129,2,5,0
2277,X27,X53,0,5,131,129,2,5,0
2278,X27,X9,0,5,131,130,1,5,0
2279,X28,Fuma,0.6,5,123,80,43,2,3
2280,X28,Cirurgia_coluna,0.6,5,113,61,52,2,3
2281,X28,Aposentado,0.333333333,6,126,97,29,4,2
2282,X28,Desempregado,0.333333333,6,124,101,23,4,2
2283,X28,Licenca_Medica,0.166666667,6,126,109,17,5,1
2284,X28,Aposentado_Invalidez,0,6,125,117,8,6,0
2285,X28,Analgésicos,0.666666667,6,124,40,84,2,4
2286,X28,OutraDoenca,0.5,6,124,77,47,3,3
2287,X28,Dor_costas,0.833333333,6,122,36,86,1,5
2288,X28,Dor_pernas,0.166666667,6,121,67,54,5,1
2289,X28,Retornar_trabalho,0.333333333,6,113,95,18,4,2
2290,X28,Masc,0.5,6,130,45,85,3,3
2291,X28,Fem,0.5,6,130,85,45,3,3
2292,X28,Casado_Amasiado,0.333333333,6,130,77,53,4,2
2293,X28,Solteiro,0.666666667,6,130,75,55,2,4
2294,X28,Separado_Divorciado,0,6,130,123,7,6,0
2295,X28,X4,0,6,130,127,3,6,0
2296,X28,X5,0,6,130,128,2,6,0
2297,X28,X6,0,6,130,120,10,6,0
2298,X28,Livrar_costas,1,6,94,14,80,0,6
2299,X28,Livrar_perna,0,6,94,80,14,6,0
2300,X28,Livrar_perda_sens,0,6,94,94,0,6,0
2301,X28,X1,0,6,130,129,1,6,0
2302,X28,X15,0,6,130,123,7,6,0
2303,X28,X16,0,6,130,110,20,6,0
2304,X28,X17,0,6,130,125,5,6,0
2305,X28,X18,0.166666667,6,130,115,15,5,1
2306,X28,X19,0,6,130,123,7,6,0
2307,X28,X2,0.166666667,6,130,123,7,5,1
2308,X28,X20,0.166666667,6,130,123,7,5,1
2309,X28,X21,0.166666667,6,130,124,6,5,1
2310,X28,X22,0,6,130,128,2,6,0
2311,X28,X23,0.166666667,6,130,129,1,5,1
2312,X28,X24,0.333333333,6,130,106,24,4,2
2313,X28,X25,0.166666667,6,130,127,3,5,1
2314,X28,X26,0.166666667,6,130,129,1,5,1
2315,X28,X27,0.5,6,130,128,2,3,3
2316,X28,X28,1,6,130,130,0,0,6
2317,X28,X29,0.166666667,6,130,89,41,5,1
2318,X28,X3,0,6,130,128,2,6,0
2319,X28,X30,0.5,6,130,71,59,3,3
2320,X28,X31,0.5,6,130,116,14,3,3
2321,X28,X32,0,6,130,93,37,6,0
2322,X28,X33,0,6,130,118,12,6,0
2323,X28,X34,0,6,130,127,3,6,0
2324,X28,X35,0,6,130,128,2,6,0
2325,X28,X36,0,6,130,122,8,6,0
2326,X28,X37,0,6,130,108,22,6,0
2327,X28,X38,0,6,130,127,3,6,0
2328,X28,X39,0,6,130,115,15,6,0
2329,X28,X4,0,6,130,126,4,6,0
2330,X28,X40,0,6,130,125,5,6,0
2331,X28,X41,0,6,130,123,7,6,0
2332,X28,X42,0,6,130,127,3,6,0
2333,X28,X43,0.166666667,6,130,128,2,5,1
2334,X28,X44,0,6,130,92,38,6,0
2335,X28,X45,0,6,130,118,12,6,0
2336,X28,X46,0,6,130,92,38,6,0
2337,X28,X47,0,6,130,118,12,6,0
2338,X28,X48,0,6,130,104,26,6,0
2339,X28,X49,0,6,130,117,13,6,0
2340,X28,X5,0,6,130,127,3,6,0
2341,X28,X50,0,6,130,128,2,6,0
2342,X28,X51,0,6,130,129,1,6,0
2343,X28,X52,0,6,130,128,2,6,0
2344,X28,X53,0.166666667,6,130,129,1,5,1
2345,X28,X9,0,6,130,129,1,6,0
2346,X29,Fuma,0.325,40,88,55,33,27,13
2347,X29,Cirurgia_coluna,0.513513514,37,81,45,36,18,19
2348,X29,Aposentado,0.30952381,42,90,72,18,29,13
2349,X29,Desempregado,0.166666667,42,88,70,18,35,7
2350,X29,Licenca_Medica,0.19047619,42,90,80,10,34,8
2351,X29,Aposentado_Invalidez,0.119047619,42,89,86,3,37,5
2352,X29,Analgésicos,0.833333333,42,88,35,53,7,35
2353,X29,OutraDoenca,0.43902439,41,89,57,32,23,18
2354,X29,Dor_costas,0.902439024,41,87,33,54,4,37
2355,X29,Dor_pernas,0.731707317,41,86,61,25,11,30
2356,X29,Retornar_trabalho,0.256410256,39,80,70,10,29,10
2357,X29,Masc,0.714285714,42,94,36,58,12,30
2358,X29,Fem,0.285714286,42,94,58,36,30,12
2359,X29,Casado_Amasiado,0.523809524,42,94,61,33,20,22
2360,X29,Solteiro,0.30952381,42,94,48,46,29,13
2361,X29,Separado_Divorciado,0.047619048,42,94,89,5,40,2
2362,X29,X4,0,42,94,91,3,42,0
2363,X29,X5,0,42,94,92,2,42,0
2364,X29,X6,0.119047619,42,94,89,5,37,5
2365,X29,Livrar_costas,0.825,40,60,7,53,7,33
2366,X29,Livrar_perna,0.175,40,60,53,7,33,7
2367,X29,Livrar_perda_sens,0,40,60,60,0,40,0
2368,X29,X1,0,42,94,93,1,42,0
2369,X29,X15,0.095238095,42,94,91,3,38,4
2370,X29,X16,0.380952381,42,94,90,4,26,16
2371,X29,X17,0.047619048,42,94,91,3,40,2
2372,X29,X18,0.047619048,42,94,80,14,40,2
2373,X29,X19,0.023809524,42,94,88,6,41,1
2374,X29,X2,0.023809524,42,94,87,7,41,1
2375,X29,X20,0.023809524,42,94,87,7,41,1
2376,X29,X21,0.023809524,42,94,88,6,41,1
2377,X29,X22,0,42,94,92,2,42,0
2378,X29,X23,0,42,94,92,2,42,0
2379,X29,X24,0.142857143,42,94,74,20,36,6
2380,X29,X25,0.023809524,42,94,91,3,41,1
2381,X29,X26,0,42,94,92,2,42,0
2382,X29,X27,0.071428571,42,94,92,2,39,3
2383,X29,X28,0.023809524,42,94,89,5,41,1
2384,X29,X29,1,42,94,94,0,0,42
2385,X29,X3,0,42,94,92,2,42,0
2386,X29,X30,0.928571429,42,94,71,23,3,39
2387,X29,X31,0.19047619,42,94,85,9,34,8
2388,X29,X32,0.785714286,42,94,90,4,9,33
2389,X29,X33,0.047619048,42,94,84,10,40,2
2390,X29,X34,0.023809524,42,94,92,2,41,1
2391,X29,X35,0,42,94,92,2,42,0
2392,X29,X36,0.095238095,42,94,90,4,38,4
2393,X29,X37,0.404761905,42,94,89,5,25,17
2394,X29,X38,0,42,94,91,3,42,0
2395,X29,X39,0.285714286,42,94,91,3,30,12
2396,X29,X4,0,42,94,90,4,42,0
2397,X29,X40,0.047619048,42,94,91,3,40,2
2398,X29,X41,0.142857143,42,94,93,1,36,6
2399,X29,X42,0,42,94,91,3,42,0
2400,X29,X43,0,42,94,91,3,42,0
2401,X29,X44,0.738095238,42,94,87,7,11,31
2402,X29,X45,0.071428571,42,94,85,9,39,3
2403,X29,X46,0.714285714,42,94,86,8,12,30
2404,X29,X47,0.071428571,42,94,85,9,39,3
2405,X29,X48,0.476190476,42,94,88,6,22,20
2406,X29,X49,0.095238095,42,94,85,9,38,4
2407,X29,X5,0.023809524,42,94,92,2,41,1
2408,X29,X50,0.023809524,42,94,93,1,41,1
2409,X29,X51,0,42,94,93,1,42,0
2410,X29,X52,0,42,94,92,2,42,0
2411,X29,X53,0,42,94,92,2,42,0
2412,X29,X9,0,42,94,93,1,42,0
2413,X3,Fuma,1,2,126,82,44,0,2
2414,X3,Cirurgia_coluna,0,1,117,62,55,1,0
2415,X3,Aposentado,0,2,130,99,31,2,0
2416,X3,Desempregado,0.5,2,128,104,24,1,1
2417,X3,Licenca_Medica,0,2,130,112,18,2,0
2418,X3,Aposentado_Invalidez,0.5,2,129,122,7,1,1
2419,X3,Analgésicos,1,2,128,42,86,0,2
2420,X3,OutraDoenca,1,2,128,80,48,0,2
2421,X3,Dor_costas,1,2,126,37,89,0,2
2422,X3,Dor_pernas,0.5,2,125,71,54,1,1
2423,X3,Retornar_trabalho,0.5,2,117,98,19,1,1
2424,X3,Masc,1,2,134,48,86,0,2
2425,X3,Fem,0,2,134,86,48,2,0
2426,X3,Casado_Amasiado,0,2,134,79,55,2,0
2427,X3,Solteiro,0.5,2,134,76,58,1,1
2428,X3,Separado_Divorciado,0,2,134,127,7,2,0
2429,X3,X4,0.5,2,134,132,2,1,1
2430,X3,X5,0,2,134,132,2,2,0
2431,X3,X6,0,2,134,124,10,2,0
2432,X3,Livrar_costas,1,1,99,14,85,0,1
2433,X3,Livrar_perna,0,1,99,85,14,1,0
2434,X3,Livrar_perda_sens,0,1,99,99,0,1,0
2435,X3,X1,0,2,134,133,1,2,0
2436,X3,X15,0,2,134,127,7,2,0
2437,X3,X16,0,2,134,114,20,2,0
2438,X3,X17,0,2,134,129,5,2,0
2439,X3,X18,0.5,2,134,119,15,1,1
2440,X3,X19,1,2,134,129,5,0,2
2441,X3,X2,1,2,134,128,6,0,2
2442,X3,X20,0,2,134,126,8,2,0
2443,X3,X21,0,2,134,127,7,2,0
2444,X3,X22,0,2,134,132,2,2,0
2445,X3,X23,0,2,134,132,2,2,0
2446,X3,X24,0.5,2,134,109,25,1,1
2447,X3,X25,0,2,134,130,4,2,0
2448,X3,X26,0,2,134,132,2,2,0
2449,X3,X27,0,2,134,129,5,2,0
2450,X3,X28,0,2,134,128,6,2,0
2451,X3,X29,0,2,134,92,42,2,0
2452,X3,X3,1,2,134,134,0,0,2
2453,X3,X30,0.5,2,134,73,61,1,1
2454,X3,X31,0,2,134,117,17,2,0
2455,X3,X32,0,2,134,97,37,2,0
2456,X3,X33,0,2,134,122,12,2,0
2457,X3,X34,0,2,134,131,3,2,0
2458,X3,X35,0,2,134,132,2,2,0
2459,X3,X36,0,2,134,126,8,2,0
2460,X3,X37,0,2,134,112,22,2,0
2461,X3,X38,0,2,134,131,3,2,0
2462,X3,X39,0,2,134,119,15,2,0
2463,X3,X4,1,2,134,132,2,0,2
2464,X3,X40,0,2,134,129,5,2,0
2465,X3,X41,0,2,134,127,7,2,0
2466,X3,X42,0,2,134,131,3,2,0
2467,X3,X43,0,2,134,131,3,2,0
2468,X3,X44,0,2,134,96,38,2,0
2469,X3,X45,0,2,134,122,12,2,0
2470,X3,X46,0.5,2,134,97,37,1,1
2471,X3,X47,0.5,2,134,123,11,1,1
2472,X3,X48,0,2,134,108,26,2,0
2473,X3,X49,0,2,134,121,13,2,0
2474,X3,X5,0,2,134,131,3,2,0
2475,X3,X50,0,2,134,132,2,2,0
2476,X3,X51,0,2,134,133,1,2,0
2477,X3,X52,0,2,134,132,2,2,0
2478,X3,X53,0,2,134,132,2,2,0
2479,X3,X9,0,2,134,133,1,2,0
2480,X30,X30,1.000,62,74,74,0,0,62
2481,X30,Dor_costas,0.918,61,67,32,35,5,56
2482,X30,Analgésicos,0.855,62,68,33,35,9,53
2483,X30,Livrar_costas,0.836,61,39,4,35,10,51
2484,X30,Masc,0.677,62,74,28,46,20,42
2485,X30,Dor_pernas,0.656,61,66,51,15,21,40
2486,X30,X29,0.629,62,74,71,3,23,39
2487,X30,X32,0.548,62,74,71,3,28,34
2488,X30,X44,0.532,62,74,69,5,29,33
2489,X30,X46,0.532,62,74,69,5,29,33
2490,X30,Cirurgia_coluna,0.500,54,64,36,28,27,27
2491,X30,Casado_Amasiado,0.468,62,74,48,26,33,29
2492,X30,OutraDoenca,0.426,61,69,45,24,35,26
2493,X30,Solteiro,0.387,62,74,39,35,38,24
2494,X30,X48,0.371,62,74,71,3,39,23
2495,X30,Aposentado,0.323,62,70,59,11,42,20
2496,X30,Fem,0.323,62,74,46,28,42,20
2497,X30,Retornar_trabalho,0.304,56,63,60,3,39,17
2498,X30,Fuma,0.288,59,69,40,29,42,17
2499,X30,X16,0.258,62,74,70,4,46,16
2500,X30,X37,0.242,62,74,67,7,47,15
2501,X30,Desempregado,0.210,62,68,56,12,49,13
2502,X30,X24,0.210,62,74,61,13,49,13
2503,X30,X39,0.194,62,74,71,3,50,12
2504,X30,X31,0.177,62,74,68,6,51,11
2505,X30,X49,0.177,62,74,72,2,51,11
2506,X30,Livrar_perna,0.164,61,39,35,4,51,10
2507,X30,Licenca_Medica,0.161,62,70,62,8,52,10
2508,X30,X45,0.161,62,74,72,2,52,10
2509,X30,X33,0.145,62,74,71,3,53,9
2510,X30,X47,0.145,62,74,71,3,53,9
2511,X30,Aposentado_Invalidez,0.115,61,70,69,1,54,7
2512,X30,X6,0.097,62,74,70,4,56,6
2513,X30,X20,0.081,62,74,71,3,57,5
2514,X30,X21,0.081,62,74,72,2,57,5
2515,X30,X18,0.065,62,74,62,12,58,4
2516,X30,X19,0.065,62,74,71,3,58,4
2517,X30,X27,0.065,62,74,73,1,58,4
2518,X30,X41,0.065,62,74,71,3,58,4
2519,X30,Separado_Divorciado,0.048,62,74,70,4,59,3
2520,X30,X25,0.048,62,74,73,1,59,3
2521,X30,X28,0.048,62,74,71,3,59,3
2522,X30,X15,0.032,62,74,69,5,60,2
2523,X30,X2,0.032,62,74,68,6,60,2
2524,X30,X23,0.032,62,74,74,0,60,2
2525,X30,X36,0.032,62,74,68,6,60,2
2526,X30,X17,0.016,62,74,70,4,61,1
2527,X30,X22,0.016,62,74,73,1,61,1
2528,X30,X26,0.016,62,74,73,1,61,1
2529,X30,X3,0.016,62,74,73,1,61,1
2530,X30,X4,0.016,62,74,71,3,61,1
2531,X30,X40,0.016,62,74,70,4,61,1
2532,X30,X42,0.016,62,74,72,2,61,1
2533,X30,X43,0.016,62,74,72,2,61,1
2534,X30,X5,0.016,62,74,72,2,61,1
2535,X30,X4,0.000,62,74,71,3,62,0
2536,X30,X5,0.000,62,74,72,2,62,0
2537,X30,Livrar_perda_sens,0.000,61,39,39,0,61,0
2538,X30,X1,0.000,62,74,73,1,62,0
2539,X30,X34,0.000,62,74,71,3,62,0
2540,X30,X35,0.000,62,74,72,2,62,0
2541,X30,X38,0.000,62,74,71,3,62,0
2542,X30,X50,0.000,62,74,72,2,62,0
2543,X30,X51,0.000,62,74,73,1,62,0
2544,X30,X52,0.000,62,74,72,2,62,0
2545,X30,X53,0.000,62,74,72,2,62,0
2546,X30,X9,0.000,62,74,73,1,62,0
2547,X31,Fuma,0.5,16,112,74,38,8,8
2548,X31,Cirurgia_coluna,0.615384615,13,105,58,47,5,8
2549,X31,Aposentado,0.1875,16,116,88,28,13,3
2550,X31,Desempregado,0.25,16,114,93,21,12,4
2551,X31,Licenca_Medica,0.25,16,116,102,14,12,4
2552,X31,Aposentado_Invalidez,0.0625,16,115,108,7,15,1
2553,X31,Analgésicos,0.529411765,17,113,34,79,8,9
2554,X31,OutraDoenca,0.470588235,17,113,71,42,9,8
2555,X31,Dor_costas,0.823529412,17,111,34,77,3,14
2556,X31,Dor_pernas,0.647058824,17,110,66,44,6,11
2557,X31,Retornar_trabalho,0.1875,16,103,86,17,13,3
2558,X31,Masc,0.588235294,17,119,41,78,7,10
2559,X31,Fem,0.411764706,17,119,78,41,10,7
2560,X31,Casado_Amasiado,0.294117647,17,119,69,50,12,5
2561,X31,Solteiro,0.588235294,17,119,70,49,7,10
2562,X31,Separado_Divorciado,0,17,119,112,7,17,0
2563,X31,X4,0.058823529,17,119,117,2,16,1
2564,X31,X5,0,17,119,117,2,17,0
2565,X31,X6,0.058823529,17,119,110,9,16,1
2566,X31,Livrar_costas,0.764705882,17,83,10,73,4,13
2567,X31,Livrar_perna,0.235294118,17,83,73,10,13,4
2568,X31,Livrar_perda_sens,0,17,83,83,0,17,0
2569,X31,X1,0,17,119,118,1,17,0
2570,X31,X15,0.235294118,17,119,116,3,13,4
2571,X31,X16,0.058823529,17,119,100,19,16,1
2572,X31,X17,0.058823529,17,119,115,4,16,1
2573,X31,X18,0.058823529,17,119,104,15,16,1
2574,X31,X19,0,17,119,112,7,17,0
2575,X31,X2,0.058823529,17,119,112,7,16,1
2576,X31,X20,0,17,119,111,8,17,0
2577,X31,X21,0,17,119,112,7,17,0
2578,X31,X22,0,17,119,117,2,17,0
2579,X31,X23,0,17,119,117,2,17,0
2580,X31,X24,0.176470588,17,119,96,23,14,3
2581,X31,X25,0,17,119,115,4,17,0
2582,X31,X26,0.058823529,17,119,118,1,16,1
2583,X31,X27,0.058823529,17,119,115,4,16,1
2584,X31,X28,0.176470588,17,119,116,3,14,3
2585,X31,X29,0.470588235,17,119,85,34,9,8
2586,X31,X3,0,17,119,117,2,17,0
2587,X31,X30,0.647058824,17,119,68,51,6,11
2588,X31,X31,1,17,119,119,0,0,17
2589,X31,X32,0.176470588,17,119,85,34,14,3
2590,X31,X33,0.470588235,17,119,115,4,9,8
2591,X31,X34,0.058823529,17,119,117,2,16,1
2592,X31,X35,0,17,119,117,2,17,0
2593,X31,X36,0.176470588,17,119,114,5,14,3
2594,X31,X37,0.058823529,17,119,98,21,16,1
2595,X31,X38,0.117647059,17,119,118,1,15,2
2596,X31,X39,0,17,119,104,15,17,0
2597,X31,X4,0,17,119,115,4,17,0
2598,X31,X40,0.176470588,17,119,117,2,14,3
2599,X31,X41,0.058823529,17,119,113,6,16,1
2600,X31,X42,0,17,119,116,3,17,0
2601,X31,X43,0,17,119,116,3,17,0
2602,X31,X44,0.235294118,17,119,85,34,13,4
2603,X31,X45,0.411764706,17,119,114,5,10,7
2604,X31,X46,0.235294118,17,119,85,34,13,4
2605,X31,X47,0.470588235,17,119,115,4,9,8
2606,X31,X48,0.058823529,17,119,94,25,16,1
2607,X31,X49,0.411764706,17,119,113,6,10,7
2608,X31,X5,0.058823529,17,119,117,2,16,1
2609,X31,X50,0.058823529,17,119,118,1,16,1
2610,X31,X51,0,17,119,118,1,17,0
2611,X31,X52,0,17,119,117,2,17,0
2612,X31,X53,0,17,119,117,2,17,0
2613,X31,X9,0,17,119,118,1,17,0
2614,X32,Fuma,0.305555556,36,92,57,35,25,11
2615,X32,Cirurgia_coluna,0.46875,32,86,46,40,17,15
2616,X32,Aposentado,0.27027027,37,95,74,21,27,10
2617,X32,Desempregado,0.081081081,37,93,71,22,34,3
2618,X32,Licenca_Medica,0.162162162,37,95,83,12,31,6
2619,X32,Aposentado_Invalidez,0.111111111,36,95,91,4,32,4
2620,X32,Analgésicos,0.891891892,37,93,38,55,4,33
2621,X32,OutraDoenca,0.416666667,36,94,59,35,21,15
2622,X32,Dor_costas,0.916666667,36,92,34,58,3,33
2623,X32,Dor_pernas,0.833333333,36,91,66,25,6,30
2624,X32,Retornar_trabalho,0.212121212,33,86,73,13,26,7
2625,X32,Masc,0.756756757,37,99,39,60,9,28
2626,X32,Fem,0.243243243,37,99,60,39,28,9
2627,X32,Casado_Amasiado,0.486486486,37,99,62,37,19,18
2628,X32,Solteiro,0.351351351,37,99,53,46,24,13
2629,X32,Separado_Divorciado,0.054054054,37,99,94,5,35,2
2630,X32,X4,0,37,99,96,3,37,0
2631,X32,X5,0,37,99,97,2,37,0
2632,X32,X6,0.108108108,37,99,93,6,33,4
2633,X32,Livrar_costas,0.805555556,36,64,7,57,7,29
2634,X32,Livrar_perna,0.194444444,36,64,57,7,29,7
2635,X32,Livrar_perda_sens,0,36,64,64,0,36,0
2636,X32,X1,0,37,99,98,1,37,0
2637,X32,X15,0.027027027,37,99,93,6,36,1
2638,X32,X16,0.459459459,37,99,96,3,20,17
2639,X32,X17,0.027027027,37,99,95,4,36,1
2640,X32,X18,0.027027027,37,99,84,15,36,1
2641,X32,X19,0.027027027,37,99,93,6,36,1
2642,X32,X2,0,37,99,91,8,37,0
2643,X32,X20,0,37,99,91,8,37,0
2644,X32,X21,0.027027027,37,99,93,6,36,1
2645,X32,X22,0,37,99,97,2,37,0
2646,X32,X23,0,37,99,97,2,37,0
2647,X32,X24,0.108108108,37,99,77,22,33,4
2648,X32,X25,0,37,99,95,4,37,0
2649,X32,X26,0,37,99,97,2,37,0
2650,X32,X27,0.054054054,37,99,96,3,35,2
2651,X32,X28,0,37,99,93,6,37,0
2652,X32,X29,0.891891892,37,99,90,9,4,33
2653,X32,X3,0,37,99,97,2,37,0
2654,X32,X30,0.918918919,37,99,71,28,3,34
2655,X32,X31,0.081081081,37,99,85,14,34,3
2656,X32,X32,1,37,99,99,0,0,37
2657,X32,X33,0.081081081,37,99,90,9,34,3
2658,X32,X34,0,37,99,96,3,37,0
2659,X32,X35,0,37,99,97,2,37,0
2660,X32,X36,0.027027027,37,99,92,7,36,1
2661,X32,X37,0.432432432,37,99,93,6,21,16
2662,X32,X38,0,37,99,96,3,37,0
2663,X32,X39,0.351351351,37,99,97,2,24,13
2664,X32,X4,0,37,99,95,4,37,0
2665,X32,X40,0,37,99,94,5,37,0
2666,X32,X41,0.108108108,37,99,96,3,33,4
2667,X32,X42,0.027027027,37,99,97,2,36,1
2668,X32,X43,0,37,99,96,3,37,0
2669,X32,X44,0.864864865,37,99,93,6,5,32
2670,X32,X45,0.081081081,37,99,90,9,34,3
2671,X32,X46,0.810810811,37,99,91,8,7,30
2672,X32,X47,0.054054054,37,99,89,10,35,2
2673,X32,X48,0.567567568,37,99,94,5,16,21
2674,X32,X49,0.108108108,37,99,90,9,33,4
2675,X32,X5,0,37,99,96,3,37,0
2676,X32,X50,0,37,99,97,2,37,0
2677,X32,X51,0,37,99,98,1,37,0
2678,X32,X52,0.027027027,37,99,98,1,36,1
2679,X32,X53,0,37,99,97,2,37,0
2680,X32,X9,0,37,99,98,1,37,0
2681,X33,Fuma,0.363636364,11,117,75,42,7,4
2682,X33,Cirurgia_coluna,0.444444444,9,109,58,51,5,4
2683,X33,Aposentado,0.090909091,11,121,91,30,10,1
2684,X33,Desempregado,0.090909091,11,119,95,24,10,1
2685,X33,Licenca_Medica,0,11,121,103,18,11,0
2686,X33,Aposentado_Invalidez,0,10,121,113,8,10,0
2687,X33,Analgésicos,0.666666667,12,118,38,80,4,8
2688,X33,OutraDoenca,0.333333333,12,118,72,46,8,4
2689,X33,Dor_costas,0.75,12,116,34,82,3,9
2690,X33,Dor_pernas,0.75,12,115,69,46,3,9
2691,X33,Retornar_trabalho,0.1,10,109,90,19,9,1
2692,X33,Masc,0.583333333,12,124,43,81,5,7
2693,X33,Fem,0.416666667,12,124,81,43,7,5
2694,X33,Casado_Amasiado,0.333333333,12,124,73,51,8,4
2695,X33,Solteiro,0.583333333,12,124,72,52,5,7
2696,X33,Separado_Divorciado,0,12,124,117,7,12,0
2697,X33,X4,0.083333333,12,124,122,2,11,1
2698,X33,X5,0,12,124,122,2,12,0
2699,X33,X6,0,12,124,114,10,12,0
2700,X33,Livrar_costas,0.666666667,12,88,10,78,4,8
2701,X33,Livrar_perna,0.333333333,12,88,78,10,8,4
2702,X33,Livrar_perda_sens,0,12,88,88,0,12,0
2703,X33,X1,0,12,124,123,1,12,0
2704,X33,X15,0.166666667,12,124,119,5,10,2
2705,X33,X16,0.083333333,12,124,105,19,11,1
2706,X33,X17,0,12,124,119,5,12,0
2707,X33,X18,0,12,124,108,16,12,0
2708,X33,X19,0,12,124,117,7,12,0
2709,X33,X2,0,12,124,116,8,12,0
2710,X33,X20,0,12,124,116,8,12,0
2711,X33,X21,0.166666667,12,124,119,5,10,2
2712,X33,X22,0,12,124,122,2,12,0
2713,X33,X23,0,12,124,122,2,12,0
2714,X33,X24,0.083333333,12,124,99,25,11,1
2715,X33,X25,0,12,124,120,4,12,0
2716,X33,X26,0,12,124,122,2,12,0
2717,X33,X27,0,12,124,119,5,12,0
2718,X33,X28,0,12,124,118,6,12,0
2719,X33,X29,0.166666667,12,124,84,40,10,2
2720,X33,X3,0,12,124,122,2,12,0
2721,X33,X30,0.75,12,124,71,53,3,9
2722,X33,X31,0.666666667,12,124,115,9,4,8
2723,X33,X32,0.25,12,124,90,34,9,3
2724,X33,X33,1,12,124,124,0,0,12
2725,X33,X34,0,12,124,121,3,12,0
2726,X33,X35,0,12,124,122,2,12,0
2727,X33,X36,0.166666667,12,124,118,6,10,2
2728,X33,X37,0,12,124,102,22,12,0
2729,X33,X38,0.166666667,12,124,123,1,10,2
2730,X33,X39,0,12,124,109,15,12,0
2731,X33,X4,0,12,124,120,4,12,0
2732,X33,X40,0.166666667,12,124,121,3,10,2
2733,X33,X41,0,12,124,117,7,12,0
2734,X33,X42,0,12,124,121,3,12,0
2735,X33,X43,0,12,124,121,3,12,0
2736,X33,X44,0.25,12,124,89,35,9,3
2737,X33,X45,0.666666667,12,124,120,4,4,8
2738,X33,X46,0.25,12,124,89,35,9,3
2739,X33,X47,0.583333333,12,124,119,5,5,7
2740,X33,X48,0.083333333,12,124,99,25,11,1
2741,X33,X49,0.75,12,124,120,4,3,9
2742,X33,X5,0,12,124,121,3,12,0
2743,X33,X50,0,12,124,122,2,12,0
2744,X33,X51,0,12,124,123,1,12,0
2745,X33,X52,0,12,124,122,2,12,0
2746,X33,X53,0,12,124,122,2,12,0
2747,X33,X9,0,12,124,123,1,12,0
2748,X34,Fuma,1,3,125,82,43,0,3
2749,X34,Cirurgia_coluna,1,2,116,63,53,0,2
2750,X34,Aposentado,0.333333333,3,129,99,30,2,1
2751,X34,Desempregado,0.666666667,3,127,104,23,1,2
2752,X34,Licenca_Medica,0.666666667,3,129,113,16,1,2
2753,X34,Aposentado_Invalidez,0,3,128,120,8,3,0
2754,X34,Analgésicos,0.666666667,3,127,41,86,1,2
2755,X34,OutraDoenca,0.333333333,3,127,78,49,2,1
2756,X34,Dor_costas,0.666666667,3,125,36,89,1,2
2757,X34,Dor_pernas,0.333333333,3,124,70,54,2,1
2758,X34,Retornar_trabalho,0,3,116,96,20,3,0
2759,X34,Masc,0.333333333,3,133,46,87,2,1
2760,X34,Fem,0.666666667,3,133,87,46,1,2
2761,X34,Casado_Amasiado,0.333333333,3,133,79,54,2,1
2762,X34,Solteiro,0.666666667,3,133,76,57,1,2
2763,X34,Separado_Divorciado,0,3,133,126,7,3,0
2764,X34,X4,0,3,133,130,3,3,0
2765,X34,X5,0,3,133,131,2,3,0
2766,X34,X6,0,3,133,123,10,3,0
2767,X34,Livrar_costas,1,2,98,14,84,0,2
2768,X34,Livrar_perna,0,2,98,84,14,2,0
2769,X34,Livrar_perda_sens,0,2,98,98,0,2,0
2770,X34,X1,0,3,133,132,1,3,0
2771,X34,X15,0.333333333,3,133,127,6,2,1
2772,X34,X16,0.333333333,3,133,114,19,2,1
2773,X34,X17,0,3,133,128,5,3,0
2774,X34,X18,0,3,133,117,16,3,0
2775,X34,X19,0,3,133,126,7,3,0
2776,X34,X2,0.666666667,3,133,127,6,1,2
2777,X34,X20,0,3,133,125,8,3,0
2778,X34,X21,0,3,133,126,7,3,0
2779,X34,X22,0,3,133,131,2,3,0
2780,X34,X23,0,3,133,131,2,3,0
2781,X34,X24,0.333333333,3,133,108,25,2,1
2782,X34,X25,0,3,133,129,4,3,0
2783,X34,X26,0,3,133,131,2,3,0
2784,X34,X27,0,3,133,128,5,3,0
2785,X34,X28,0,3,133,127,6,3,0
2786,X34,X29,0.333333333,3,133,92,41,2,1
2787,X34,X3,0,3,133,131,2,3,0
2788,X34,X30,0,3,133,71,62,3,0
2789,X34,X31,0.333333333,3,133,117,16,2,1
2790,X34,X32,0,3,133,96,37,3,0
2791,X34,X33,0,3,133,121,12,3,0
2792,X34,X34,1,3,133,133,0,0,3
2793,X34,X35,0.333333333,3,133,132,1,2,1
2794,X34,X36,0,3,133,125,8,3,0
2795,X34,X37,0.333333333,3,133,112,21,2,1
2796,X34,X38,0,3,133,130,3,3,0
2797,X34,X39,0,3,133,118,15,3,0
2798,X34,X4,0.333333333,3,133,130,3,2,1
2799,X34,X40,0,3,133,128,5,3,0
2800,X34,X41,0,3,133,126,7,3,0
2801,X34,X42,0,3,133,130,3,3,0
2802,X34,X43,0.333333333,3,133,131,2,2,1
2803,X34,X44,0,3,133,95,38,3,0
2804,X34,X45,0,3,133,121,12,3,0
2805,X34,X46,0,3,133,95,38,3,0
2806,X34,X47,0,3,133,121,12,3,0
2807,X34,X48,0,3,133,107,26,3,0
2808,X34,X49,0,3,133,120,13,3,0
2809,X34,X5,0.666666667,3,133,132,1,1,2
2810,X34,X50,0.666666667,3,133,133,0,1,2
2811,X34,X51,0.333333333,3,133,133,0,2,1
2812,X34,X52,0.333333333,3,133,132,1,2,1
2813,X34,X53,0.333333333,3,133,132,1,2,1
2814,X34,X9,0.333333333,3,133,133,0,2,1
2815,X35,Fuma,1,2,126,82,44,0,2
2816,X35,Cirurgia_coluna,1,2,116,63,53,0,2
2817,X35,Aposentado,0.5,2,130,100,30,1,1
2818,X35,Desempregado,1,2,128,105,23,0,2
2819,X35,Licenca_Medica,0.5,2,130,113,17,1,1
2820,X35,Aposentado_Invalidez,0,2,129,121,8,2,0
2821,X35,Analgésicos,1,2,128,42,86,0,2
2822,X35,OutraDoenca,0.5,2,128,79,49,1,1
2823,X35,Dor_costas,1,2,126,37,89,0,2
2824,X35,Dor_pernas,0.5,2,125,71,54,1,1
2825,X35,Retornar_trabalho,0,2,117,97,20,2,0
2826,X35,Masc,1,2,134,48,86,0,2
2827,X35,Fem,0,2,134,86,48,2,0
2828,X35,Casado_Amasiado,0,2,134,79,55,2,0
2829,X35,Solteiro,1,2,134,77,57,0,2
2830,X35,Separado_Divorciado,0,2,134,127,7,2,0
2831,X35,X4,0,2,134,131,3,2,0
2832,X35,X5,0,2,134,132,2,2,0
2833,X35,X6,0,2,134,124,10,2,0
2834,X35,Livrar_costas,1,1,99,14,85,0,1
2835,X35,Livrar_perna,0,1,99,85,14,1,0
2836,X35,Livrar_perda_sens,0,1,99,99,0,1,0
2837,X35,X1,0,2,134,133,1,2,0
2838,X35,X15,0.5,2,134,128,6,1,1
2839,X35,X16,0.5,2,134,115,19,1,1
2840,X35,X17,0,2,134,129,5,2,0
2841,X35,X18,0.5,2,134,119,15,1,1
2842,X35,X19,0,2,134,127,7,2,0
2843,X35,X2,0.5,2,134,127,7,1,1
2844,X35,X20,0,2,134,126,8,2,0
2845,X35,X21,0,2,134,127,7,2,0
2846,X35,X22,0,2,134,132,2,2,0
2847,X35,X23,0,2,134,132,2,2,0
2848,X35,X24,0,2,134,108,26,2,0
2849,X35,X25,0,2,134,130,4,2,0
2850,X35,X26,0,2,134,132,2,2,0
2851,X35,X27,0,2,134,129,5,2,0
2852,X35,X28,0,2,134,128,6,2,0
2853,X35,X29,0,2,134,92,42,2,0
2854,X35,X3,0,2,134,132,2,2,0
2855,X35,X30,0,2,134,72,62,2,0
2856,X35,X31,0,2,134,117,17,2,0
2857,X35,X32,0,2,134,97,37,2,0
2858,X35,X33,0,2,134,122,12,2,0
2859,X35,X34,0.5,2,134,132,2,1,1
2860,X35,X35,1,2,134,134,0,0,2
2861,X35,X36,0,2,134,126,8,2,0
2862,X35,X37,0.5,2,134,113,21,1,1
2863,X35,X38,0,2,134,131,3,2,0
2864,X35,X39,0,2,134,119,15,2,0
2865,X35,X4,1,2,134,132,2,0,2
2866,X35,X40,0,2,134,129,5,2,0
2867,X35,X41,0,2,134,127,7,2,0
2868,X35,X42,0,2,134,131,3,2,0
2869,X35,X43,0,2,134,131,3,2,0
2870,X35,X44,0,2,134,96,38,2,0
2871,X35,X45,0,2,134,122,12,2,0
2872,X35,X46,0,2,134,96,38,2,0
2873,X35,X47,0,2,134,122,12,2,0
2874,X35,X48,0,2,134,108,26,2,0
2875,X35,X49,0,2,134,121,13,2,0
2876,X35,X5,0.5,2,134,132,2,1,1
2877,X35,X50,0,2,134,132,2,2,0
2878,X35,X51,0.5,2,134,134,0,1,1
2879,X35,X52,0,2,134,132,2,2,0
2880,X35,X53,0,2,134,132,2,2,0
2881,X35,X9,0.5,2,134,134,0,1,1
2882,X36,Fuma,0.666666667,6,122,80,42,2,4
2883,X36,Cirurgia_coluna,1,6,112,63,49,0,6
2884,X36,Aposentado,0.285714286,7,125,96,29,5,2
2885,X36,Desempregado,0.285714286,7,123,100,23,5,2
2886,X36,Licenca_Medica,0.428571429,7,125,110,15,4,3
2887,X36,Aposentado_Invalidez,0,7,124,116,8,7,0
2888,X36,Analgésicos,0.375,8,122,37,85,5,3
2889,X36,OutraDoenca,0.375,8,122,75,47,5,3
2890,X36,Dor_costas,0.5,8,120,33,87,4,4
2891,X36,Dor_pernas,0.625,8,119,69,50,3,5
2892,X36,Retornar_trabalho,0,8,111,91,20,8,0
2893,X36,Masc,0.625,8,128,45,83,3,5
2894,X36,Fem,0.375,8,128,83,45,5,3
2895,X36,Casado_Amasiado,0.5,8,128,77,51,4,4
2896,X36,Solteiro,0.375,8,128,72,56,5,3
2897,X36,Separado_Divorciado,0,8,128,121,7,8,0
2898,X36,X4,0.125,8,128,126,2,7,1
2899,X36,X5,0,8,128,126,2,8,0
2900,X36,X6,0,8,128,118,10,8,0
2901,X36,Livrar_costas,0.571428571,7,93,11,82,3,4
2902,X36,Livrar_perna,0.428571429,7,93,82,11,4,3
2903,X36,Livrar_perda_sens,0,7,93,93,0,7,0
2904,X36,X1,0,8,128,127,1,8,0
2905,X36,X15,0.625,8,128,126,2,3,5
2906,X36,X16,0.125,8,128,109,19,7,1
2907,X36,X17,0.25,8,128,125,3,6,2
2908,X36,X18,0.25,8,128,114,14,6,2
2909,X36,X19,0,8,128,121,7,8,0
2910,X36,X2,0,8,128,120,8,8,0
2911,X36,X20,0,8,128,120,8,8,0
2912,X36,X21,0,8,128,121,7,8,0
2913,X36,X22,0,8,128,126,2,8,0
2914,X36,X23,0,8,128,126,2,8,0
2915,X36,X24,0,8,128,102,26,8,0
2916,X36,X25,0,8,128,124,4,8,0
2917,X36,X26,0,8,128,126,2,8,0
2918,X36,X27,0,8,128,123,5,8,0
2919,X36,X28,0,8,128,122,6,8,0
2920,X36,X29,0.5,8,128,90,38,4,4
2921,X36,X3,0,8,128,126,2,8,0
2922,X36,X30,0.25,8,128,68,60,6,2
2923,X36,X31,0.375,8,128,114,14,5,3
2924,X36,X32,0.125,8,128,92,36,7,1
2925,X36,X33,0.25,8,128,118,10,6,2
2926,X36,X34,0,8,128,125,3,8,0
2927,X36,X35,0,8,128,126,2,8,0
2928,X36,X36,1,8,128,128,0,0,8
2929,X36,X37,0.625,8,128,111,17,3,5
2930,X36,X38,0.375,8,128,128,0,5,3
2931,X36,X39,0.25,8,128,115,13,6,2
2932,X36,X4,0,8,128,124,4,8,0
2933,X36,X40,0.625,8,128,128,0,3,5
2934,X36,X41,0.5,8,128,125,3,4,4
2935,X36,X42,0,8,128,125,3,8,0
2936,X36,X43,0,8,128,125,3,8,0
2937,X36,X44,0.375,8,128,93,35,5,3
2938,X36,X45,0.25,8,128,118,10,6,2
2939,X36,X46,0.375,8,128,93,35,5,3
2940,X36,X47,0.375,8,128,119,9,5,3
2941,X36,X48,0.125,8,128,103,25,7,1
2942,X36,X49,0.25,8,128,117,11,6,2
2943,X36,X5,0,8,128,125,3,8,0
2944,X36,X50,0,8,128,126,2,8,0
2945,X36,X51,0,8,128,127,1,8,0
2946,X36,X52,0,8,128,126,2,8,0
2947,X36,X53,0,8,128,126,2,8,0
2948,X36,X9,0,8,128,127,1,8,0
2949,X37,Fuma,0.4,20,108,70,38,12,8
2950,X37,Cirurgia_coluna,0.526315789,19,99,54,45,9,10
2951,X37,Aposentado,0.409090909,22,110,88,22,13,9
2952,X37,Desempregado,0.136363636,22,108,86,22,19,3
2953,X37,Licenca_Medica,0.272727273,22,110,98,12,16,6
2954,X37,Aposentado_Invalidez,0.090909091,22,109,103,6,20,2
2955,X37,Analgésicos,0.818181818,22,108,38,70,4,18
2956,X37,OutraDoenca,0.363636364,22,108,66,42,14,8
2957,X37,Dor_costas,0.863636364,22,106,34,72,3,19
2958,X37,Dor_pernas,0.863636364,22,105,69,36,3,19
2959,X37,Retornar_trabalho,0.35,20,99,86,13,13,7
2960,X37,Masc,0.772727273,22,114,43,71,5,17
2961,X37,Fem,0.227272727,22,114,71,43,17,5
2962,X37,Casado_Amasiado,0.5,22,114,70,44,11,11
2963,X37,Solteiro,0.318181818,22,114,62,52,15,7
2964,X37,Separado_Divorciado,0.045454545,22,114,108,6,21,1
2965,X37,X4,0,22,114,111,3,22,0
2966,X37,X5,0,22,114,112,2,22,0
2967,X37,X6,0.136363636,22,114,107,7,19,3
2968,X37,Livrar_costas,0.85,20,80,11,69,3,17
2969,X37,Livrar_perna,0.15,20,80,69,11,17,3
2970,X37,Livrar_perda_sens,0,20,80,80,0,20,0
2971,X37,X1,0,22,114,113,1,22,0
2972,X37,X15,0.181818182,22,114,111,3,18,4
2973,X37,X16,0.818181818,22,114,112,2,4,18
2974,X37,X17,0.136363636,22,114,112,2,19,3
2975,X37,X18,0.136363636,22,114,101,13,19,3
2976,X37,X19,0.045454545,22,114,108,6,21,1
2977,X37,X2,0.045454545,22,114,107,7,21,1
2978,X37,X20,0,22,114,106,8,22,0
2979,X37,X21,0.045454545,22,114,108,6,21,1
2980,X37,X22,0,22,114,112,2,22,0
2981,X37,X23,0,22,114,112,2,22,0
2982,X37,X24,0.090909091,22,114,90,24,20,2
2983,X37,X25,0,22,114,110,4,22,0
2984,X37,X26,0,22,114,112,2,22,0
2985,X37,X27,0.045454545,22,114,110,4,21,1
2986,X37,X28,0,22,114,108,6,22,0
2987,X37,X29,0.772727273,22,114,89,25,5,17
2988,X37,X3,0,22,114,112,2,22,0
2989,X37,X30,0.681818182,22,114,67,47,7,15
2990,X37,X31,0.045454545,22,114,98,16,21,1
2991,X37,X32,0.727272727,22,114,93,21,6,16
2992,X37,X33,0,22,114,102,12,22,0
2993,X37,X34,0.045454545,22,114,112,2,21,1
2994,X37,X35,0.045454545,22,114,113,1,21,1
2995,X37,X36,0.227272727,22,114,111,3,17,5
2996,X37,X37,1,22,114,114,0,0,22
2997,X37,X38,0.045454545,22,114,112,2,21,1
2998,X37,X39,0.681818182,22,114,114,0,7,15
2999,X37,X4,0.045454545,22,114,111,3,21,1
3000,X37,X40,0.136363636,22,114,112,2,19,3
3001,X37,X41,0.318181818,22,114,114,0,15,7
3002,X37,X42,0,22,114,111,3,22,0
3003,X37,X43,0,22,114,111,3,22,0
3004,X37,X44,0.727272727,22,114,92,22,6,16
3005,X37,X45,0.045454545,22,114,103,11,21,1
3006,X37,X46,0.772727273,22,114,93,21,5,17
3007,X37,X47,0.045454545,22,114,103,11,21,1
3008,X37,X48,0.681818182,22,114,103,11,7,15
3009,X37,X49,0,22,114,101,13,22,0
3010,X37,X5,0.045454545,22,114,112,2,21,1
3011,X37,X50,0,22,114,112,2,22,0
3012,X37,X51,0.045454545,22,114,114,0,21,1
3013,X37,X52,0,22,114,112,2,22,0
3014,X37,X53,0,22,114,112,2,22,0
3015,X37,X9,0.045454545,22,114,114,0,21,1
3016,X38,Fuma,1,3,125,82,43,0,3
3017,X38,Cirurgia_coluna,1,2,116,63,53,0,2
3018,X38,Aposentado,0,2,130,99,31,2,0
3019,X38,Desempregado,0,2,128,103,25,2,0
3020,X38,Licenca_Medica,0.5,2,130,113,17,1,1
3021,X38,Aposentado_Invalidez,0,2,129,121,8,2,0
3022,X38,Analgésicos,0.333333333,3,127,40,87,2,1
3023,X38,OutraDoenca,0.333333333,3,127,78,49,2,1
3024,X38,Dor_costas,0,3,125,34,91,3,0
3025,X38,Dor_pernas,1,3,124,72,52,0,3
3026,X38,Retornar_trabalho,0,3,116,96,20,3,0
3027,X38,Masc,0.333333333,3,133,46,87,2,1
3028,X38,Fem,0.666666667,3,133,87,46,1,2
3029,X38,Casado_Amasiado,0,3,133,78,55,3,0
3030,X38,Solteiro,0.666666667,3,133,76,57,1,2
3031,X38,Separado_Divorciado,0,3,133,126,7,3,0
3032,X38,X4,0.333333333,3,133,131,2,2,1
3033,X38,X5,0,3,133,131,2,3,0
3034,X38,X6,0,3,133,123,10,3,0
3035,X38,Livrar_costas,0,3,97,11,86,3,0
3036,X38,Livrar_perna,1,3,97,86,11,0,3
3037,X38,Livrar_perda_sens,0,3,97,97,0,3,0
3038,X38,X1,0,3,133,132,1,3,0
3039,X38,X15,0.666666667,3,133,128,5,1,2
3040,X38,X16,0,3,133,113,20,3,0
3041,X38,X17,0,3,133,128,5,3,0
3042,X38,X18,0,3,133,117,16,3,0
3043,X38,X19,0,3,133,126,7,3,0
3044,X38,X2,0,3,133,125,8,3,0
3045,X38,X20,0,3,133,125,8,3,0
3046,X38,X21,0,3,133,126,7,3,0
3047,X38,X22,0,3,133,131,2,3,0
3048,X38,X23,0,3,133,131,2,3,0
3049,X38,X24,0,3,133,107,26,3,0
3050,X38,X25,0,3,133,129,4,3,0
3051,X38,X26,0,3,133,131,2,3,0
3052,X38,X27,0,3,133,128,5,3,0
3053,X38,X28,0,3,133,127,6,3,0
3054,X38,X29,0,3,133,91,42,3,0
3055,X38,X3,0,3,133,131,2,3,0
3056,X38,X30,0,3,133,71,62,3,0
3057,X38,X31,0.666666667,3,133,118,15,1,2
3058,X38,X32,0,3,133,96,37,3,0
3059,X38,X33,0.666666667,3,133,123,10,1,2
3060,X38,X34,0,3,133,130,3,3,0
3061,X38,X35,0,3,133,131,2,3,0
3062,X38,X36,1,3,133,128,5,0,3
3063,X38,X37,0.333333333,3,133,112,21,2,1
3064,X38,X38,1,3,133,133,0,0,3
3065,X38,X39,0.333333333,3,133,119,14,2,1
3066,X38,X4,0,3,133,129,4,3,0
3067,X38,X40,1,3,133,131,2,0,3
3068,X38,X41,0.333333333,3,133,127,6,2,1
3069,X38,X42,0,3,133,130,3,3,0
3070,X38,X43,0,3,133,130,3,3,0
3071,X38,X44,0.333333333,3,133,96,37,2,1
3072,X38,X45,0.666666667,3,133,123,10,1,2
3073,X38,X46,0.333333333,3,133,96,37,2,1
3074,X38,X47,1,3,133,124,9,0,3
3075,X38,X48,0,3,133,107,26,3,0
3076,X38,X49,0.666666667,3,133,122,11,1,2
3077,X38,X5,0,3,133,130,3,3,0
3078,X38,X50,0,3,133,131,2,3,0
3079,X38,X51,0,3,133,132,1,3,0
3080,X38,X52,0,3,133,131,2,3,0
3081,X38,X53,0,3,133,131,2,3,0
3082,X38,X9,0,3,133,132,1,3,0
3083,X39,Fuma,0.333333333,15,113,72,41,10,5
3084,X39,Cirurgia_coluna,0.428571429,14,104,55,49,8,6
3085,X39,Aposentado,0.466666667,15,117,93,24,8,7
3086,X39,Desempregado,0.066666667,15,115,91,24,14,1
3087,X39,Licenca_Medica,0.066666667,15,117,100,17,14,1
3088,X39,Aposentado_Invalidez,0.066666667,15,116,109,7,14,1
3089,X39,Analgésicos,0.933333333,15,115,41,74,1,14
3090,X39,OutraDoenca,0.466666667,15,115,72,43,8,7
3091,X39,Dor_costas,0.8,15,113,34,79,3,12
3092,X39,Dor_pernas,0.866666667,15,112,70,42,2,13
3093,X39,Retornar_trabalho,0.357142857,14,105,90,15,9,5
3094,X39,Masc,0.733333333,15,121,44,77,4,11
3095,X39,Fem,0.266666667,15,121,77,44,11,4
3096,X39,Casado_Amasiado,0.533333333,15,121,74,47,7,8
3097,X39,Solteiro,0.2,15,121,65,56,12,3
3098,X39,Separado_Divorciado,0.066666667,15,121,115,6,14,1
3099,X39,X4,0,15,121,118,3,15,0
3100,X39,X5,0,15,121,119,2,15,0
3101,X39,X6,0.2,15,121,114,7,12,3
3102,X39,Livrar_costas,0.785714286,14,86,11,75,3,11
3103,X39,Livrar_perna,0.214285714,14,86,75,11,11,3
3104,X39,Livrar_perda_sens,0,14,86,86,0,14,0
3105,X39,X1,0,15,121,120,1,15,0
3106,X39,X15,0,15,121,114,7,15,0
3107,X39,X16,0.866666667,15,121,114,7,2,13
3108,X39,X17,0.066666667,15,121,117,4,14,1
3109,X39,X18,0.066666667,15,121,106,15,14,1
3110,X39,X19,0.066666667,15,121,115,6,14,1
3111,X39,X2,0,15,121,113,8,15,0
3112,X39,X20,0,15,121,113,8,15,0
3113,X39,X21,0.066666667,15,121,115,6,14,1
3114,X39,X22,0,15,121,119,2,15,0
3115,X39,X23,0,15,121,119,2,15,0
3116,X39,X24,0.066666667,15,121,96,25,14,1
3117,X39,X25,0,15,121,117,4,15,0
3118,X39,X26,0,15,121,119,2,15,0
3119,X39,X27,0,15,121,116,5,15,0
3120,X39,X28,0,15,121,115,6,15,0
3121,X39,X29,0.8,15,121,91,30,3,12
3122,X39,X3,0,15,121,119,2,15,0
3123,X39,X30,0.8,15,121,71,50,3,12
3124,X39,X31,0,15,121,104,17,15,0
3125,X39,X32,0.866666667,15,121,97,24,2,13
3126,X39,X33,0,15,121,109,12,15,0
3127,X39,X34,0,15,121,118,3,15,0
3128,X39,X35,0,15,121,119,2,15,0
3129,X39,X36,0.133333333,15,121,115,6,13,2
3130,X39,X37,1,15,121,114,7,0,15
3131,X39,X38,0.066666667,15,121,119,2,14,1
3132,X39,X39,1,15,121,121,0,0,15
3133,X39,X4,0,15,121,117,4,15,0
3134,X39,X40,0.066666667,15,121,117,4,14,1
3135,X39,X41,0.266666667,15,121,118,3,11,4
3136,X39,X42,0,15,121,118,3,15,0
3137,X39,X43,0,15,121,118,3,15,0
3138,X39,X44,0.866666667,15,121,96,25,2,13
3139,X39,X45,0.066666667,15,121,110,11,14,1
3140,X39,X46,1,15,121,98,23,0,15
3141,X39,X47,0.066666667,15,121,110,11,14,1
3142,X39,X48,0.8,15,121,107,14,3,12
3143,X39,X49,0,15,121,108,13,15,0
3144,X39,X5,0,15,121,118,3,15,0
3145,X39,X50,0,15,121,119,2,15,0
3146,X39,X51,0,15,121,120,1,15,0
3147,X39,X52,0,15,121,119,2,15,0
3148,X39,X53,0,15,121,119,2,15,0
3149,X39,X9,0,15,121,120,1,15,0
3150,X4,Fuma,1,3,190,147,43,0,3
3151,X4,Fuma,1,4,124,82,42,0,4
3152,X4,Cirurgia_coluna,0,1,177,105,72,1,0
3153,X4,Cirurgia_coluna,0.666666667,3,115,62,53,1,2
3154,X4,Aposentado,0,3,187,153,34,3,0
3155,X4,Aposentado,0.25,4,128,98,30,3,1
3156,X4,Desempregado,0,3,183,157,26,3,0
3157,X4,Desempregado,0.75,4,126,104,22,1,3
3158,X4,Licenca_Medica,0,3,185,166,19,3,0
3159,X4,Licenca_Medica,0.25,4,128,111,17,3,1
3160,X4,Aposentado_Invalidez,0,3,183,175,8,3,0
3161,X4,Aposentado_Invalidez,0.25,4,127,120,7,3,1
3162,X4,Analgésicos,0.666666667,3,184,64,120,1,2
3163,X4,Analgésicos,1,4,126,42,84,0,4
3164,X4,OutraDoenca,0.333333333,3,186,118,68,2,1
3165,X4,OutraDoenca,0.75,4,126,79,47,1,3
3166,X4,Dor_costas,0.666666667,3,183,76,107,1,2
3167,X4,Dor_costas,1,4,124,37,87,0,4
3168,X4,Dor_pernas,0.333333333,3,182,121,61,2,1
3169,X4,Dor_pernas,0.5,4,123,70,53,2,2
3170,X4,Retornar_trabalho,0,3,164,143,21,3,0
3171,X4,Retornar_trabalho,0.25,4,115,96,19,3,1
3172,X4,Masc,0.666666667,3,199,67,132,1,2
3173,X4,Masc,1,4,132,48,84,0,4
3174,X4,Fem,0.333333333,3,199,132,67,2,1
3175,X4,Fem,0,4,132,84,48,4,0
3176,X4,Casado_Amasiado,0,3,199,114,85,3,0
3177,X4,Casado_Amasiado,0,4,132,77,55,4,0
3178,X4,Solteiro,0,3,199,111,88,3,0
3179,X4,Solteiro,0.75,4,132,76,56,1,3
3180,X4,Separado_Divorciado,0,3,199,191,8,3,0
3181,X4,Separado_Divorciado,0,4,132,125,7,4,0
3182,X4,X4,1,3,199,199,0,0,3
3183,X4,X4,0.25,4,132,130,2,3,1
3184,X4,X5,0,3,199,193,6,3,0
3185,X4,X5,0,4,132,130,2,4,0
3186,X4,X6,0,3,199,187,12,3,0
3187,X4,X6,0,4,132,122,10,4,0
3188,X4,Livrar_costas,0.5,2,110,14,96,1,1
3189,X4,Livrar_costas,1,2,98,14,84,0,2
3190,X4,Livrar_perna,0.5,2,110,97,13,1,1
3191,X4,Livrar_perna,0,2,98,84,14,2,0
3192,X4,Livrar_perda_sens,0,2,110,109,1,2,0
3193,X4,Livrar_perda_sens,0,2,98,98,0,2,0
3194,X4,X1,0,3,133,132,1,3,0
3195,X4,X1,0,4,132,131,1,4,0
3196,X4,X15,0.333333333,3,133,127,6,2,1
3197,X4,X15,0.25,4,132,126,6,3,1
3198,X4,X16,0,3,133,113,20,3,0
3199,X4,X16,0.25,4,132,113,19,3,1
3200,X4,X17,0.333333333,3,133,129,4,2,1
3201,X4,X17,0,4,132,127,5,4,0
3202,X4,X18,0.333333333,3,133,118,15,2,1
3203,X4,X18,0.5,4,132,118,14,2,2
3204,X4,X19,0.333333333,3,133,127,6,2,1
3205,X4,X19,0.5,4,132,127,5,2,2
3206,X4,X2,0.666666667,3,133,127,6,1,2
3207,X4,X2,0.75,4,132,127,5,1,3
3208,X4,X20,0,3,133,125,8,3,0
3209,X4,X20,0,4,132,124,8,4,0
3210,X4,X21,0,3,133,126,7,3,0
3211,X4,X21,0,4,132,125,7,4,0
3212,X4,X22,0,3,133,131,2,3,0
3213,X4,X22,0,4,132,130,2,4,0
3214,X4,X23,0,3,133,131,2,3,0
3215,X4,X23,0,4,132,130,2,4,0
3216,X4,X24,0,3,133,107,26,3,0
3217,X4,X24,0.25,4,132,107,25,3,1
3218,X4,X25,0,3,133,129,4,3,0
3219,X4,X25,0,4,132,128,4,4,0
3220,X4,X26,0,3,133,131,2,3,0
3221,X4,X26,0,4,132,130,2,4,0
3222,X4,X27,0,3,133,128,5,3,0
3223,X4,X27,0,4,132,127,5,4,0
3224,X4,X28,0,3,133,127,6,3,0
3225,X4,X28,0,4,132,126,6,4,0
3226,X4,X29,0,3,133,91,42,3,0
3227,X4,X29,0,4,132,90,42,4,0
3228,X4,X3,0.333333333,3,133,132,1,2,1
3229,X4,X3,0.5,4,132,132,0,2,2
3230,X4,X30,0,3,133,71,62,3,0
3231,X4,X30,0.25,4,132,71,61,3,1
3232,X4,X31,0.333333333,3,133,117,16,2,1
3233,X4,X31,0,4,132,115,17,4,0
3234,X4,X32,0,3,133,96,37,3,0
3235,X4,X32,0,4,132,95,37,4,0
3236,X4,X33,0.333333333,3,133,122,11,2,1
3237,X4,X33,0,4,132,120,12,4,0
3238,X4,X34,0,3,133,130,3,3,0
3239,X4,X34,0.25,4,132,130,2,3,1
3240,X4,X35,0,3,133,131,2,3,0
3241,X4,X35,0.5,4,132,132,0,2,2
3242,X4,X36,0.333333333,3,133,126,7,2,1
3243,X4,X36,0,4,132,124,8,4,0
3244,X4,X37,0,3,133,111,22,3,0
3245,X4,X37,0.25,4,132,111,21,3,1
3246,X4,X38,0.333333333,3,133,131,2,2,1
3247,X4,X38,0,4,132,129,3,4,0
3248,X4,X39,0,3,133,118,15,3,0
3249,X4,X39,0,4,132,117,15,4,0
3250,X4,X4,0.333333333,3,133,130,3,2,1
3251,X4,X4,1,4,132,132,0,0,4
3252,X4,X40,0.333333333,3,133,129,4,2,1
3253,X4,X40,0,4,132,127,5,4,0
3254,X4,X41,0,3,133,126,7,3,0
3255,X4,X41,0,4,132,125,7,4,0
3256,X4,X42,0,3,133,130,3,3,0
3257,X4,X42,0,4,132,129,3,4,0
3258,X4,X43,0,3,133,130,3,3,0
3259,X4,X43,0,4,132,129,3,4,0
3260,X4,X44,0,3,133,95,38,3,0
3261,X4,X44,0,4,132,94,38,4,0
3262,X4,X45,0,3,133,121,12,3,0
3263,X4,X45,0,4,132,120,12,4,0
3264,X4,X46,0,3,133,95,38,3,0
3265,X4,X46,0.25,4,132,95,37,3,1
3266,X4,X47,0.333333333,3,133,122,11,2,1
3267,X4,X47,0.25,4,132,121,11,3,1
3268,X4,X48,0,3,133,107,26,3,0
3269,X4,X48,0,4,132,106,26,4,0
3270,X4,X49,0.333333333,3,133,121,12,2,1
3271,X4,X49,0,4,132,119,13,4,0
3272,X4,X5,0,3,133,130,3,3,0
3273,X4,X5,0.25,4,132,130,2,3,1
3274,X4,X50,0,3,133,131,2,3,0
3275,X4,X50,0,4,132,130,2,4,0
3276,X4,X51,0,3,133,132,1,3,0
3277,X4,X51,0.25,4,132,132,0,3,1
3278,X4,X52,0,3,133,131,2,3,0
3279,X4,X52,0,4,132,130,2,4,0
3280,X4,X53,0,3,133,131,2,3,0
3281,X4,X53,0,4,132,130,2,4,0
3282,X4,X9,0,3,133,132,1,3,0
3283,X4,X9,0.25,4,132,132,0,3,1
3284,X40,Fuma,1,4,124,82,42,0,4
3285,X40,Cirurgia_coluna,1,4,114,63,51,0,4
3286,X40,Aposentado,0,4,128,97,31,4,0
3287,X40,Desempregado,0.25,4,126,102,24,3,1
3288,X40,Licenca_Medica,0.75,4,128,113,15,1,3
3289,X40,Aposentado_Invalidez,0,4,127,119,8,4,0
3290,X40,Analgésicos,0.4,5,125,39,86,3,2
3291,X40,OutraDoenca,0.2,5,125,76,49,4,1
3292,X40,Dor_costas,0.4,5,123,34,89,3,2
3293,X40,Dor_pernas,0.8,5,122,71,51,1,4
3294,X40,Retornar_trabalho,0,5,114,94,20,5,0
3295,X40,Masc,0.6,5,131,46,85,2,3
3296,X40,Fem,0.4,5,131,85,46,3,2
3297,X40,Casado_Amasiado,0.2,5,131,77,54,4,1
3298,X40,Solteiro,0.6,5,131,75,56,2,3
3299,X40,Separado_Divorciado,0,5,131,124,7,5,0
3300,X40,X4,0.2,5,131,129,2,4,1
3301,X40,X5,0,5,131,129,2,5,0
3302,X40,X6,0,5,131,121,10,5,0
3303,X40,Livrar_costas,0.25,4,96,11,85,3,1
3304,X40,Livrar_perna,0.75,4,96,85,11,1,3
3305,X40,Livrar_perda_sens,0,4,96,96,0,4,0
3306,X40,X1,0,5,131,130,1,5,0
3307,X40,X15,0.8,5,131,128,3,1,4
3308,X40,X16,0,5,131,111,20,5,0
3309,X40,X17,0.4,5,131,128,3,3,2
3310,X40,X18,0.4,5,131,117,14,3,2
3311,X40,X19,0,5,131,124,7,5,0
3312,X40,X2,0,5,131,123,8,5,0
3313,X40,X20,0,5,131,123,8,5,0
3314,X40,X21,0,5,131,124,7,5,0
3315,X40,X22,0,5,131,129,2,5,0
3316,X40,X23,0,5,131,129,2,5,0
3317,X40,X24,0,5,131,105,26,5,0
3318,X40,X25,0,5,131,127,4,5,0
3319,X40,X26,0,5,131,129,2,5,0
3320,X40,X27,0,5,131,126,5,5,0
3321,X40,X28,0,5,131,125,6,5,0
3322,X40,X29,0.4,5,131,91,40,3,2
3323,X40,X3,0,5,131,129,2,5,0
3324,X40,X30,0.2,5,131,70,61,4,1
3325,X40,X31,0.6,5,131,117,14,2,3
3326,X40,X32,0,5,131,94,37,5,0
3327,X40,X33,0.4,5,131,121,10,3,2
3328,X40,X34,0,5,131,128,3,5,0
3329,X40,X35,0,5,131,129,2,5,0
3330,X40,X36,1,5,131,128,3,0,5
3331,X40,X37,0.6,5,131,112,19,2,3
3332,X40,X38,0.6,5,131,131,0,2,3
3333,X40,X39,0.2,5,131,117,14,4,1
3334,X40,X4,0,5,131,127,4,5,0
3335,X40,X40,1,5,131,131,0,0,5
3336,X40,X41,0.6,5,131,127,4,2,3
3337,X40,X42,0,5,131,128,3,5,0
3338,X40,X43,0,5,131,128,3,5,0
3339,X40,X44,0.2,5,131,94,37,4,1
3340,X40,X45,0.4,5,131,121,10,3,2
3341,X40,X46,0.2,5,131,94,37,4,1
3342,X40,X47,0.6,5,131,122,9,2,3
3343,X40,X48,0,5,131,105,26,5,0
3344,X40,X49,0.4,5,131,120,11,3,2
3345,X40,X5,0,5,131,128,3,5,0
3346,X40,X50,0,5,131,129,2,5,0
3347,X40,X51,0,5,131,130,1,5,0
3348,X40,X52,0,5,131,129,2,5,0
3349,X40,X53,0,5,131,129,2,5,0
3350,X40,X9,0,5,131,130,1,5,0
3351,X41,Fuma,0.6,5,123,80,43,2,3
3352,X41,Cirurgia_coluna,0.833333333,6,112,62,50,1,5
3353,X41,Aposentado,0.285714286,7,125,96,29,5,2
3354,X41,Desempregado,0.142857143,7,123,99,24,6,1
3355,X41,Licenca_Medica,0.428571429,7,125,110,15,4,3
3356,X41,Aposentado_Invalidez,0.142857143,7,124,117,7,6,1
3357,X41,Analgésicos,0.714285714,7,123,40,83,2,5
3358,X41,OutraDoenca,0.285714286,7,123,75,48,5,2
3359,X41,Dor_costas,0.714285714,7,121,35,86,2,5
3360,X41,Dor_pernas,0.857142857,7,120,71,49,1,6
3361,X41,Retornar_trabalho,0.285714286,7,112,94,18,5,2
3362,X41,Masc,1,7,129,48,81,0,7
3363,X41,Fem,0,7,129,81,48,7,0
3364,X41,Casado_Amasiado,0.428571429,7,129,77,52,4,3
3365,X41,Solteiro,0.428571429,7,129,73,56,4,3
3366,X41,Separado_Divorciado,0,7,129,122,7,7,0
3367,X41,X4,0,7,129,126,3,7,0
3368,X41,X5,0,7,129,127,2,7,0
3369,X41,X6,0.142857143,7,129,120,9,6,1
3370,X41,Livrar_costas,0.833333333,6,94,13,81,1,5
3371,X41,Livrar_perna,0.166666667,6,94,81,13,5,1
3372,X41,Livrar_perda_sens,0,6,94,94,0,6,0
3373,X41,X1,0,7,129,128,1,7,0
3374,X41,X15,0.428571429,7,129,125,4,4,3
3375,X41,X16,0.571428571,7,129,113,16,3,4
3376,X41,X17,0.285714286,7,129,126,3,5,2
3377,X41,X18,0.285714286,7,129,115,14,5,2
3378,X41,X19,0,7,129,122,7,7,0
3379,X41,X2,0,7,129,121,8,7,0
3380,X41,X20,0,7,129,121,8,7,0
3381,X41,X21,0,7,129,122,7,7,0
3382,X41,X22,0,7,129,127,2,7,0
3383,X41,X23,0,7,129,127,2,7,0
3384,X41,X24,0,7,129,103,26,7,0
3385,X41,X25,0,7,129,125,4,7,0
3386,X41,X26,0,7,129,127,2,7,0
3387,X41,X27,0,7,129,124,5,7,0
3388,X41,X28,0,7,129,123,6,7,0
3389,X41,X29,0.857142857,7,129,93,36,1,6
3390,X41,X3,0,7,129,127,2,7,0
3391,X41,X30,0.571428571,7,129,71,58,3,4
3392,X41,X31,0.142857143,7,129,113,16,6,1
3393,X41,X32,0.571428571,7,129,96,33,3,4
3394,X41,X33,0,7,129,117,12,7,0
3395,X41,X34,0,7,129,126,3,7,0
3396,X41,X35,0,7,129,127,2,7,0
3397,X41,X36,0.571428571,7,129,125,4,3,4
3398,X41,X37,1,7,129,114,15,0,7
3399,X41,X38,0.142857143,7,129,127,2,6,1
3400,X41,X39,0.571428571,7,129,118,11,3,4
3401,X41,X4,0,7,129,125,4,7,0
3402,X41,X40,0.428571429,7,129,127,2,4,3
3403,X41,X41,1,7,129,129,0,0,7
3404,X41,X42,0,7,129,126,3,7,0
3405,X41,X43,0,7,129,126,3,7,0
3406,X41,X44,0.571428571,7,129,95,34,3,4
3407,X41,X45,0.142857143,7,129,118,11,6,1
3408,X41,X46,0.714285714,7,129,96,33,2,5
3409,X41,X47,0.142857143,7,129,118,11,6,1
3410,X41,X48,0.571428571,7,129,107,22,3,4
3411,X41,X49,0,7,129,116,13,7,0
3412,X41,X5,0,7,129,126,3,7,0
3413,X41,X50,0,7,129,127,2,7,0
3414,X41,X51,0,7,129,128,1,7,0
3415,X41,X52,0,7,129,127,2,7,0
3416,X41,X53,0,7,129,127,2,7,0
3417,X41,X9,0,7,129,128,1,7,0
3418,X42,Fuma,0.333333333,3,125,80,45,2,1
3419,X42,Cirurgia_coluna,0,2,116,61,55,2,0
3420,X42,Aposentado,0.333333333,3,129,99,30,2,1
3421,X42,Desempregado,0.333333333,3,127,103,24,2,1
3422,X42,Licenca_Medica,0.333333333,3,129,112,17,2,1
3423,X42,Aposentado_Invalidez,0,3,128,120,8,3,0
3424,X42,Analgésicos,0.5,2,128,41,87,1,1
3425,X42,OutraDoenca,0,3,127,77,50,3,0
3426,X42,Dor_costas,1,3,125,37,88,0,3
3427,X42,Dor_pernas,0,3,124,69,55,3,0
3428,X42,Retornar_trabalho,0.333333333,3,116,97,19,2,1
3429,X42,Masc,1,3,133,48,85,0,3
3430,X42,Fem,0,3,133,85,48,3,0
3431,X42,Casado_Amasiado,0.666666667,3,133,80,53,1,2
3432,X42,Solteiro,0.333333333,3,133,75,58,2,1
3433,X42,Separado_Divorciado,0,3,133,126,7,3,0
3434,X42,X4,0,3,133,130,3,3,0
3435,X42,X5,0,3,133,131,2,3,0
3436,X42,X6,0,3,133,123,10,3,0
3437,X42,Livrar_costas,1,2,98,14,84,0,2
3438,X42,Livrar_perna,0,2,98,84,14,2,0
3439,X42,Livrar_perda_sens,0,2,98,98,0,2,0
3440,X42,X1,0,3,133,132,1,3,0
3441,X42,X15,0,3,133,126,7,3,0
3442,X42,X16,0,3,133,113,20,3,0
3443,X42,X17,0,3,133,128,5,3,0
3444,X42,X18,0.666666667,3,133,119,14,1,2
3445,X42,X19,0.666666667,3,133,128,5,1,2
3446,X42,X2,0,3,133,125,8,3,0
3447,X42,X20,0.666666667,3,133,127,6,1,2
3448,X42,X21,0.333333333,3,133,127,6,2,1
3449,X42,X22,0.666666667,3,133,133,0,1,2
3450,X42,X23,0,3,133,131,2,3,0
3451,X42,X24,0,3,133,107,26,3,0
3452,X42,X25,0,3,133,129,4,3,0
3453,X42,X26,0.333333333,3,133,132,1,2,1
3454,X42,X27,0,3,133,128,5,3,0
3455,X42,X28,0,3,133,127,6,3,0
3456,X42,X29,0,3,133,91,42,3,0
3457,X42,X3,0,3,133,131,2,3,0
3458,X42,X30,0.333333333,3,133,72,61,2,1
3459,X42,X31,0,3,133,116,17,3,0
3460,X42,X32,0.333333333,3,133,97,36,2,1
3461,X42,X33,0,3,133,121,12,3,0
3462,X42,X34,0,3,133,130,3,3,0
3463,X42,X35,0,3,133,131,2,3,0
3464,X42,X36,0,3,133,125,8,3,0
3465,X42,X37,0,3,133,111,22,3,0
3466,X42,X38,0,3,133,130,3,3,0
3467,X42,X39,0,3,133,118,15,3,0
3468,X42,X4,0,3,133,129,4,3,0
3469,X42,X40,0,3,133,128,5,3,0
3470,X42,X41,0,3,133,126,7,3,0
3471,X42,X42,1,3,133,133,0,0,3
3472,X42,X43,0.333333333,3,133,131,2,2,1
3473,X42,X44,0.333333333,3,133,96,37,2,1
3474,X42,X45,0,3,133,121,12,3,0
3475,X42,X46,0,3,133,95,38,3,0
3476,X42,X47,0,3,133,121,12,3,0
3477,X42,X48,0,3,133,107,26,3,0
3478,X42,X49,0,3,133,120,13,3,0
3479,X42,X5,0,3,133,130,3,3,0
3480,X42,X50,0,3,133,131,2,3,0
3481,X42,X51,0,3,133,132,1,3,0
3482,X42,X52,0.333333333,3,133,132,1,2,1
3483,X42,X53,0,3,133,131,2,3,0
3484,X42,X9,0,3,133,132,1,3,0
3485,X43,Fuma,0.666666667,3,125,81,44,1,2
3486,X43,Cirurgia_coluna,0.5,2,116,62,54,1,1
3487,X43,Aposentado,0.333333333,3,129,99,30,2,1
3488,X43,Desempregado,0.333333333,3,127,103,24,2,1
3489,X43,Licenca_Medica,0.333333333,3,129,112,17,2,1
3490,X43,Aposentado_Invalidez,0,3,128,120,8,3,0
3491,X43,Analgésicos,1,3,127,42,85,0,3
3492,X43,OutraDoenca,0,3,127,77,50,3,0
3493,X43,Dor_costas,0.666666667,3,125,36,89,1,2
3494,X43,Dor_pernas,0,3,124,69,55,3,0
3495,X43,Retornar_trabalho,0.333333333,3,116,97,19,2,1
3496,X43,Masc,0.333333333,3,133,46,87,2,1
3497,X43,Fem,0.666666667,3,133,87,46,1,2
3498,X43,Casado_Amasiado,1,3,133,81,52,0,3
3499,X43,Solteiro,0,3,133,74,59,3,0
3500,X43,Separado_Divorciado,0,3,133,126,7,3,0
3501,X43,X4,0,3,133,130,3,3,0
3502,X43,X5,0,3,133,131,2,3,0
3503,X43,X6,0,3,133,123,10,3,0
3504,X43,Livrar_costas,1,2,98,14,84,0,2
3505,X43,Livrar_perna,0,2,98,84,14,2,0
3506,X43,Livrar_perda_sens,0,2,98,98,0,2,0
3507,X43,X1,0,3,133,132,1,3,0
3508,X43,X15,0,3,133,126,7,3,0
3509,X43,X16,0,3,133,113,20,3,0
3510,X43,X17,0,3,133,128,5,3,0
3511,X43,X18,0.666666667,3,133,119,14,1,2
3512,X43,X19,0.333333333,3,133,127,6,2,1
3513,X43,X2,0.333333333,3,133,126,7,2,1
3514,X43,X20,0.666666667,3,133,127,6,1,2
3515,X43,X21,0.666666667,3,133,128,5,1,2
3516,X43,X22,0.333333333,3,133,132,1,2,1
3517,X43,X23,0,3,133,131,2,3,0
3518,X43,X24,0,3,133,107,26,3,0
3519,X43,X25,0,3,133,129,4,3,0
3520,X43,X26,0.333333333,3,133,132,1,2,1
3521,X43,X27,0,3,133,128,5,3,0
3522,X43,X28,0.333333333,3,133,128,5,2,1
3523,X43,X29,0,3,133,91,42,3,0
3524,X43,X3,0,3,133,131,2,3,0
3525,X43,X30,0.333333333,3,133,72,61,2,1
3526,X43,X31,0,3,133,116,17,3,0
3527,X43,X32,0,3,133,96,37,3,0
3528,X43,X33,0,3,133,121,12,3,0
3529,X43,X34,0.333333333,3,133,131,2,2,1
3530,X43,X35,0,3,133,131,2,3,0
3531,X43,X36,0,3,133,125,8,3,0
3532,X43,X37,0,3,133,111,22,3,0
3533,X43,X38,0,3,133,130,3,3,0
3534,X43,X39,0,3,133,118,15,3,0
3535,X43,X4,0,3,133,129,4,3,0
3536,X43,X40,0,3,133,128,5,3,0
3537,X43,X41,0,3,133,126,7,3,0
3538,X43,X42,0.333333333,3,133,131,2,2,1
3539,X43,X43,1,3,133,133,0,0,3
3540,X43,X44,0,3,133,95,38,3,0
3541,X43,X45,0,3,133,121,12,3,0
3542,X43,X46,0,3,133,95,38,3,0
3543,X43,X47,0,3,133,121,12,3,0
3544,X43,X48,0,3,133,107,26,3,0
3545,X43,X49,0,3,133,120,13,3,0
3546,X43,X5,0,3,133,130,3,3,0
3547,X43,X50,0.333333333,3,133,132,1,2,1
3548,X43,X51,0,3,133,132,1,3,0
3549,X43,X52,0.333333333,3,133,132,1,2,1
3550,X43,X53,0.666666667,3,133,133,0,1,2
3551,X43,X9,0,3,133,132,1,3,0
3552,X44,Fuma,0.297297297,37,91,56,35,26,11
3553,X44,Cirurgia_coluna,0.514285714,35,83,46,37,17,18
3554,X44,Aposentado,0.315789474,38,94,75,19,26,12
3555,X44,Desempregado,0.078947368,38,92,70,22,35,3
3556,X44,Licenca_Medica,0.157894737,38,94,82,12,32,6
3557,X44,Aposentado_Invalidez,0.108108108,37,94,90,4,33,4
3558,X44,Analgésicos,0.868421053,38,92,37,55,5,33
3559,X44,OutraDoenca,0.378378378,37,93,57,36,23,14
3560,X44,Dor_costas,0.891891892,37,91,33,58,4,33
3561,X44,Dor_pernas,0.837837838,37,90,66,24,6,31
3562,X44,Retornar_trabalho,0.205882353,34,85,72,13,27,7
3563,X44,Masc,0.763157895,38,98,39,59,9,29
3564,X44,Fem,0.236842105,38,98,59,39,29,9
3565,X44,Casado_Amasiado,0.5,38,98,62,36,19,19
3566,X44,Solteiro,0.315789474,38,98,51,47,26,12
3567,X44,Separado_Divorciado,0.052631579,38,98,93,5,36,2
3568,X44,X4,0,38,98,95,3,38,0
3569,X44,X5,0,38,98,96,2,38,0
3570,X44,X6,0.131578947,38,98,93,5,33,5
3571,X44,Livrar_costas,0.777777778,36,64,6,58,8,28
3572,X44,Livrar_perna,0.222222222,36,64,58,6,28,8
3573,X44,Livrar_perda_sens,0,36,64,64,0,36,0
3574,X44,X1,0,38,98,97,1,38,0
3575,X44,X15,0.052631579,38,98,93,5,36,2
3576,X44,X16,0.421052632,38,98,94,4,22,16
3577,X44,X17,0,38,98,93,5,38,0
3578,X44,X18,0,38,98,82,16,38,0
3579,X44,X19,0,38,98,91,7,38,0
3580,X44,X2,0.026315789,38,98,91,7,37,1
3581,X44,X20,0,38,98,90,8,38,0
3582,X44,X21,0,38,98,91,7,38,0
3583,X44,X22,0,38,98,96,2,38,0
3584,X44,X23,0.026315789,38,98,97,1,37,1
3585,X44,X24,0.078947368,38,98,75,23,35,3
3586,X44,X25,0,38,98,94,4,38,0
3587,X44,X26,0,38,98,96,2,38,0
3588,X44,X27,0.052631579,38,98,95,3,36,2
3589,X44,X28,0,38,98,92,6,38,0
3590,X44,X29,0.815789474,38,98,87,11,7,31
3591,X44,X3,0,38,98,96,2,38,0
3592,X44,X30,0.868421053,38,98,69,29,5,33
3593,X44,X31,0.105263158,38,98,85,13,34,4
3594,X44,X32,0.842105263,38,98,93,5,6,32
3595,X44,X33,0.078947368,38,98,89,9,35,3
3596,X44,X34,0,38,98,95,3,38,0
3597,X44,X35,0,38,98,96,2,38,0
3598,X44,X36,0.078947368,38,98,93,5,35,3
3599,X44,X37,0.421052632,38,98,92,6,22,16
3600,X44,X38,0.026315789,38,98,96,2,37,1
3601,X44,X39,0.342105263,38,98,96,2,25,13
3602,X44,X4,0,38,98,94,4,38,0
3603,X44,X40,0.026315789,38,98,94,4,37,1
3604,X44,X41,0.105263158,38,98,95,3,34,4
3605,X44,X42,0.026315789,38,98,96,2,37,1
3606,X44,X43,0,38,98,95,3,38,0
3607,X44,X44,1,38,98,98,0,0,38
3608,X44,X45,0.184210526,38,98,93,5,31,7
3609,X44,X46,0.894736842,38,98,94,4,4,34
3610,X44,X47,0.157894737,38,98,92,6,32,6
3611,X44,X48,0.578947368,38,98,94,4,16,22
3612,X44,X49,0.157894737,38,98,91,7,32,6
3613,X44,X5,0.026315789,38,98,96,2,37,1
3614,X44,X50,0,38,98,96,2,38,0
3615,X44,X51,0,38,98,97,1,38,0
3616,X44,X52,0.026315789,38,98,97,1,37,1
3617,X44,X53,0,38,98,96,2,38,0
3618,X44,X9,0,38,98,97,1,38,0
3619,X45,Fuma,0.545454545,11,117,77,40,5,6
3620,X45,Cirurgia_coluna,0.7,10,108,60,48,3,7
3621,X45,Aposentado,0.181818182,11,121,92,29,9,2
3622,X45,Desempregado,0.090909091,11,119,95,24,10,1
3623,X45,Licenca_Medica,0.090909091,11,121,104,17,10,1
3624,X45,Aposentado_Invalidez,0.1,10,121,114,7,9,1
3625,X45,Analgésicos,0.75,12,118,39,79,3,9
3626,X45,OutraDoenca,0.416666667,12,118,73,45,7,5
3627,X45,Dor_costas,0.75,12,116,34,82,3,9
3628,X45,Dor_pernas,1,12,115,72,43,0,12
3629,X45,Retornar_trabalho,0.2,10,109,91,18,8,2
3630,X45,Masc,0.666666667,12,124,44,80,4,8
3631,X45,Fem,0.333333333,12,124,80,44,8,4
3632,X45,Casado_Amasiado,0.166666667,12,124,71,53,10,2
3633,X45,Solteiro,0.75,12,124,74,50,3,9
3634,X45,Separado_Divorciado,0,12,124,117,7,12,0
3635,X45,X4,0,12,124,121,3,12,0
3636,X45,X5,0,12,124,122,2,12,0
3637,X45,X6,0.083333333,12,124,115,9,11,1
3638,X45,Livrar_costas,0.666666667,12,88,10,78,4,8
3639,X45,Livrar_perna,0.333333333,12,88,78,10,8,4
3640,X45,Livrar_perda_sens,0,12,88,88,0,12,0
3641,X45,X1,0,12,124,123,1,12,0
3642,X45,X15,0.166666667,12,124,119,5,10,2
3643,X45,X16,0.166666667,12,124,106,18,10,2
3644,X45,X17,0,12,124,119,5,12,0
3645,X45,X18,0,12,124,108,16,12,0
3646,X45,X19,0,12,124,117,7,12,0
3647,X45,X2,0.083333333,12,124,117,7,11,1
3648,X45,X20,0,12,124,116,8,12,0
3649,X45,X21,0,12,124,117,7,12,0
3650,X45,X22,0,12,124,122,2,12,0
3651,X45,X23,0.083333333,12,124,123,1,11,1
3652,X45,X24,0.083333333,12,124,99,25,11,1
3653,X45,X25,0,12,124,120,4,12,0
3654,X45,X26,0,12,124,122,2,12,0
3655,X45,X27,0,12,124,119,5,12,0
3656,X45,X28,0,12,124,118,6,12,0
3657,X45,X29,0.25,12,124,85,39,9,3
3658,X45,X3,0,12,124,122,2,12,0
3659,X45,X30,0.833333333,12,124,72,52,2,10
3660,X45,X31,0.583333333,12,124,114,10,5,7
3661,X45,X32,0.25,12,124,90,34,9,3
3662,X45,X33,0.666666667,12,124,120,4,4,8
3663,X45,X34,0,12,124,121,3,12,0
3664,X45,X35,0,12,124,122,2,12,0
3665,X45,X36,0.166666667,12,124,118,6,10,2
3666,X45,X37,0.083333333,12,124,103,21,11,1
3667,X45,X38,0.166666667,12,124,123,1,10,2
3668,X45,X39,0.083333333,12,124,110,14,11,1
3669,X45,X4,0,12,124,120,4,12,0
3670,X45,X40,0.166666667,12,124,121,3,10,2
3671,X45,X41,0.083333333,12,124,118,6,11,1
3672,X45,X42,0,12,124,121,3,12,0
3673,X45,X43,0,12,124,121,3,12,0
3674,X45,X44,0.583333333,12,124,93,31,5,7
3675,X45,X45,1,12,124,124,0,0,12
3676,X45,X46,0.583333333,12,124,93,31,5,7
3677,X45,X47,0.833333333,12,124,122,2,2,10
3678,X45,X48,0.25,12,124,101,23,9,3
3679,X45,X49,0.666666667,12,124,119,5,4,8
3680,X45,X5,0.083333333,12,124,122,2,11,1
3681,X45,X50,0,12,124,122,2,12,0
3682,X45,X51,0,12,124,123,1,12,0
3683,X45,X52,0,12,124,122,2,12,0
3684,X45,X53,0,12,124,122,2,12,0
3685,X45,X9,0,12,124,123,1,12,0
3686,X46,Fuma,0.297297297,37,91,56,35,26,11
3687,X46,Cirurgia_coluna,0.5,34,84,46,38,17,17
3688,X46,Aposentado,0.289473684,38,94,74,20,27,11
3689,X46,Desempregado,0.105263158,38,92,71,21,34,4
3690,X46,Licenca_Medica,0.105263158,38,94,80,14,34,4
3691,X46,Aposentado_Invalidez,0.131578947,38,93,90,3,33,5
3692,X46,Analgésicos,0.868421053,38,92,37,55,5,33
3693,X46,OutraDoenca,0.459459459,37,93,60,33,20,17
3694,X46,Dor_costas,0.837837838,37,91,31,60,6,31
3695,X46,Dor_pernas,0.864864865,37,90,67,23,5,32
3696,X46,Retornar_trabalho,0.257142857,35,84,73,11,26,9
3697,X46,Masc,0.736842105,38,98,38,60,10,28
3698,X46,Fem,0.263157895,38,98,60,38,28,10
3699,X46,Casado_Amasiado,0.5,38,98,62,36,19,19
3700,X46,Solteiro,0.289473684,38,98,50,48,27,11
3701,X46,Separado_Divorciado,0.052631579,38,98,93,5,36,2
3702,X46,X4,0,38,98,95,3,38,0
3703,X46,X5,0,38,98,96,2,38,0
3704,X46,X6,0.157894737,38,98,94,4,32,6
3705,X46,Livrar_costas,0.75,36,64,5,59,9,27
3706,X46,Livrar_perna,0.25,36,64,59,5,27,9
3707,X46,Livrar_perda_sens,0,36,64,64,0,36,0
3708,X46,X1,0,38,98,97,1,38,0
3709,X46,X15,0.052631579,38,98,93,5,36,2
3710,X46,X16,0.421052632,38,98,94,4,22,16
3711,X46,X17,0.026315789,38,98,94,4,37,1
3712,X46,X18,0.052631579,38,98,84,14,36,2
3713,X46,X19,0.052631579,38,98,93,5,36,2
3714,X46,X2,0.052631579,38,98,92,6,36,2
3715,X46,X20,0,38,98,90,8,38,0
3716,X46,X21,0.026315789,38,98,92,6,37,1
3717,X46,X22,0,38,98,96,2,38,0
3718,X46,X23,0.026315789,38,98,97,1,37,1
3719,X46,X24,0.131578947,38,98,77,21,33,5
3720,X46,X25,0,38,98,94,4,38,0
3721,X46,X26,0,38,98,96,2,38,0
3722,X46,X27,0.026315789,38,98,94,4,37,1
3723,X46,X28,0,38,98,92,6,38,0
3724,X46,X29,0.789473684,38,98,86,12,8,30
3725,X46,X3,0.026315789,38,98,97,1,37,1
3726,X46,X30,0.868421053,38,98,69,29,5,33
3727,X46,X31,0.105263158,38,98,85,13,34,4
3728,X46,X32,0.789473684,38,98,91,7,8,30
3729,X46,X33,0.078947368,38,98,89,9,35,3
3730,X46,X34,0,38,98,95,3,38,0
3731,X46,X35,0,38,98,96,2,38,0
3732,X46,X36,0.078947368,38,98,93,5,35,3
3733,X46,X37,0.447368421,38,98,93,5,21,17
3734,X46,X38,0.026315789,38,98,96,2,37,1
3735,X46,X39,0.394736842,38,98,98,0,23,15
3736,X46,X4,0.026315789,38,98,95,3,37,1
3737,X46,X40,0.026315789,38,98,94,4,37,1
3738,X46,X41,0.131578947,38,98,96,2,33,5
3739,X46,X42,0,38,98,95,3,38,0
3740,X46,X43,0,38,98,95,3,38,0
3741,X46,X44,0.894736842,38,98,94,4,4,34
3742,X46,X45,0.184210526,38,98,93,5,31,7
3743,X46,X46,1,38,98,98,0,0,38
3744,X46,X47,0.210526316,38,98,94,4,30,8
3745,X46,X48,0.631578947,38,98,96,2,14,24
3746,X46,X49,0.184210526,38,98,92,6,31,7
3747,X46,X5,0.026315789,38,98,96,2,37,1
3748,X46,X50,0,38,98,96,2,38,0
3749,X46,X51,0,38,98,97,1,38,0
3750,X46,X52,0,38,98,96,2,38,0
3751,X46,X53,0,38,98,96,2,38,0
3752,X46,X9,0,38,98,97,1,38,0
3753,X47,Fuma,0.583333333,12,116,77,39,5,7
3754,X47,Cirurgia_coluna,0.666666667,9,109,60,49,3,6
3755,X47,Aposentado,0.090909091,11,121,91,30,10,1
3756,X47,Desempregado,0.181818182,11,119,96,23,9,2
3757,X47,Licenca_Medica,0.090909091,11,121,104,17,10,1
3758,X47,Aposentado_Invalidez,0.181818182,11,120,114,6,9,2
3759,X47,Analgésicos,0.666666667,12,118,38,80,4,8
3760,X47,OutraDoenca,0.416666667,12,118,73,45,7,5
3761,X47,Dor_costas,0.666666667,12,116,33,83,4,8
3762,X47,Dor_pernas,1,12,115,72,43,0,12
3763,X47,Retornar_trabalho,0.272727273,11,108,91,17,8,3
3764,X47,Masc,0.666666667,12,124,44,80,4,8
3765,X47,Fem,0.333333333,12,124,80,44,8,4
3766,X47,Casado_Amasiado,0.166666667,12,124,71,53,10,2
3767,X47,Solteiro,0.666666667,12,124,73,51,4,8
3768,X47,Separado_Divorciado,0,12,124,117,7,12,0
3769,X47,X4,0.083333333,12,124,122,2,11,1
3770,X47,X5,0,12,124,122,2,12,0
3771,X47,X6,0.083333333,12,124,115,9,11,1
3772,X47,Livrar_costas,0.583333333,12,88,9,79,5,7
3773,X47,Livrar_perna,0.416666667,12,88,79,9,7,5
3774,X47,Livrar_perda_sens,0,12,88,88,0,12,0
3775,X47,X1,0,12,124,123,1,12,0
3776,X47,X15,0.25,12,124,120,4,9,3
3777,X47,X16,0.083333333,12,124,105,19,11,1
3778,X47,X17,0,12,124,119,5,12,0
3779,X47,X18,0.083333333,12,124,109,15,11,1
3780,X47,X19,0.083333333,12,124,118,6,11,1
3781,X47,X2,0.166666667,12,124,118,6,10,2
3782,X47,X20,0,12,124,116,8,12,0
3783,X47,X21,0,12,124,117,7,12,0
3784,X47,X22,0,12,124,122,2,12,0
3785,X47,X23,0.083333333,12,124,123,1,11,1
3786,X47,X24,0.166666667,12,124,100,24,10,2
3787,X47,X25,0,12,124,120,4,12,0
3788,X47,X26,0,12,124,122,2,12,0
3789,X47,X27,0,12,124,119,5,12,0
3790,X47,X28,0,12,124,118,6,12,0
3791,X47,X29,0.25,12,124,85,39,9,3
3792,X47,X3,0.083333333,12,124,123,1,11,1
3793,X47,X30,0.75,12,124,71,53,3,9
3794,X47,X31,0.666666667,12,124,115,9,4,8
3795,X47,X32,0.166666667,12,124,89,35,10,2
3796,X47,X33,0.583333333,12,124,119,5,5,7
3797,X47,X34,0,12,124,121,3,12,0
3798,X47,X35,0,12,124,122,2,12,0
3799,X47,X36,0.25,12,124,119,5,9,3
3800,X47,X37,0.083333333,12,124,103,21,11,1
3801,X47,X38,0.25,12,124,124,0,9,3
3802,X47,X39,0.083333333,12,124,110,14,11,1
3803,X47,X4,0.083333333,12,124,121,3,11,1
3804,X47,X40,0.25,12,124,122,2,9,3
3805,X47,X41,0.083333333,12,124,118,6,11,1
3806,X47,X42,0,12,124,121,3,12,0
3807,X47,X43,0,12,124,121,3,12,0
3808,X47,X44,0.5,12,124,92,32,6,6
3809,X47,X45,0.833333333,12,124,122,2,2,10
3810,X47,X46,0.666666667,12,124,94,30,4,8
3811,X47,X47,1,12,124,124,0,0,12
3812,X47,X48,0.25,12,124,101,23,9,3
3813,X47,X49,0.75,12,124,120,4,3,9
3814,X47,X5,0.083333333,12,124,122,2,11,1
3815,X47,X50,0,12,124,122,2,12,0
3816,X47,X51,0,12,124,123,1,12,0
3817,X47,X52,0,12,124,122,2,12,0
3818,X47,X53,0,12,124,122,2,12,0
3819,X47,X9,0,12,124,123,1,12,0
3820,X48,Fuma,0.2,25,103,62,41,20,5
3821,X48,Cirurgia_coluna,0.375,24,94,48,46,15,9
3822,X48,Aposentado,0.384615385,26,106,85,21,16,10
3823,X48,Desempregado,0.115384615,26,104,82,22,23,3
3824,X48,Licenca_Medica,0.115384615,26,106,91,15,23,3
3825,X48,Aposentado_Invalidez,0.076923077,26,105,99,6,24,2
3826,X48,Analgésicos,0.846153846,26,104,38,66,4,22
3827,X48,OutraDoenca,0.538461538,26,104,68,36,12,14
3828,X48,Dor_costas,0.84,25,103,33,70,4,21
3829,X48,Dor_pernas,0.92,25,102,70,32,2,23
3830,X48,Retornar_trabalho,0.391304348,23,96,85,11,14,9
3831,X48,Masc,0.730769231,26,110,41,69,7,19
3832,X48,Fem,0.269230769,26,110,69,41,19,7
3833,X48,Casado_Amasiado,0.461538462,26,110,67,43,14,12
3834,X48,Solteiro,0.307692308,26,110,59,51,18,8
3835,X48,Separado_Divorciado,0.038461538,26,110,104,6,25,1
3836,X48,X4,0,26,110,107,3,26,0
3837,X48,X5,0,26,110,108,2,26,0
3838,X48,X6,0.192307692,26,110,105,5,21,5
3839,X48,Livrar_costas,0.75,24,76,8,68,6,18
3840,X48,Livrar_perna,0.25,24,76,68,8,18,6
3841,X48,Livrar_perda_sens,0,24,76,76,0,24,0
3842,X48,X1,0,26,110,109,1,26,0
3843,X48,X15,0.038461538,26,110,104,6,25,1
3844,X48,X16,0.576923077,26,110,105,5,11,15
3845,X48,X17,0,26,110,105,5,26,0
3846,X48,X18,0,26,110,94,16,26,0
3847,X48,X19,0,26,110,103,7,26,0
3848,X48,X2,0.038461538,26,110,103,7,25,1
3849,X48,X20,0,26,110,102,8,26,0
3850,X48,X21,0,26,110,103,7,26,0
3851,X48,X22,0,26,110,108,2,26,0
3852,X48,X23,0.038461538,26,110,109,1,25,1
3853,X48,X24,0.076923077,26,110,86,24,24,2
3854,X48,X25,0,26,110,106,4,26,0
3855,X48,X26,0,26,110,108,2,26,0
3856,X48,X27,0.038461538,26,110,106,4,25,1
3857,X48,X28,0,26,110,104,6,26,0
3858,X48,X29,0.769230769,26,110,88,22,6,20
3859,X48,X3,0,26,110,108,2,26,0
3860,X48,X30,0.884615385,26,110,71,39,3,23
3861,X48,X31,0.038461538,26,110,94,16,25,1
3862,X48,X32,0.807692308,26,110,94,16,5,21
3863,X48,X33,0.038461538,26,110,99,11,25,1
3864,X48,X34,0,26,110,107,3,26,0
3865,X48,X35,0,26,110,108,2,26,0
3866,X48,X36,0.038461538,26,110,103,7,25,1
3867,X48,X37,0.576923077,26,110,103,7,11,15
3868,X48,X38,0,26,110,107,3,26,0
3869,X48,X39,0.461538462,26,110,107,3,14,12
3870,X48,X4,0,26,110,106,4,26,0
3871,X48,X40,0,26,110,105,5,26,0
3872,X48,X41,0.153846154,26,110,107,3,22,4
3873,X48,X42,0,26,110,107,3,26,0
3874,X48,X43,0,26,110,107,3,26,0
3875,X48,X44,0.846153846,26,110,94,16,4,22
3876,X48,X45,0.115384615,26,110,101,9,23,3
3877,X48,X46,0.923076923,26,110,96,14,2,24
3878,X48,X47,0.115384615,26,110,101,9,23,3
3879,X48,X48,1,26,110,110,0,0,26
3880,X48,X49,0.115384615,26,110,100,10,23,3
3881,X48,X5,0.038461538,26,110,108,2,25,1
3882,X48,X50,0,26,110,108,2,26,0
3883,X48,X51,0,26,110,109,1,26,0
3884,X48,X52,0,26,110,108,2,26,0
3885,X48,X53,0,26,110,108,2,26,0
3886,X48,X9,0,26,110,109,1,26,0
3887,X49,Fuma,0.307692308,13,115,73,42,9,4
3888,X49,Cirurgia_coluna,0.454545455,11,107,57,50,6,5
3889,X49,Aposentado,0.083333333,12,120,90,30,11,1
3890,X49,Desempregado,0.083333333,12,118,94,24,11,1
3891,X49,Licenca_Medica,0.083333333,12,120,103,17,11,1
3892,X49,Aposentado_Invalidez,0,12,119,111,8,12,0
3893,X49,Analgésicos,0.615384615,13,117,37,80,5,8
3894,X49,OutraDoenca,0.307692308,13,117,71,46,9,4
3895,X49,Dor_costas,0.769230769,13,115,34,81,3,10
3896,X49,Dor_pernas,0.769230769,13,114,69,45,3,10
3897,X49,Retornar_trabalho,0.166666667,12,107,89,18,10,2
3898,X49,Masc,0.615384615,13,123,43,80,5,8
3899,X49,Fem,0.384615385,13,123,80,43,8,5
3900,X49,Casado_Amasiado,0.384615385,13,123,73,50,8,5
3901,X49,Solteiro,0.461538462,13,123,70,53,7,6
3902,X49,Separado_Divorciado,0,13,123,116,7,13,0
3903,X49,X4,0.076923077,13,123,121,2,12,1
3904,X49,X5,0,13,123,121,2,13,0
3905,X49,X6,0.076923077,13,123,114,9,12,1
3906,X49,Livrar_costas,0.692307692,13,87,10,77,4,9
3907,X49,Livrar_perna,0.307692308,13,87,77,10,9,4
3908,X49,Livrar_perda_sens,0,13,87,87,0,13,0
3909,X49,X1,0,13,123,122,1,13,0
3910,X49,X15,0.153846154,13,123,118,5,11,2
3911,X49,X16,0,13,123,103,20,13,0
3912,X49,X17,0,13,123,118,5,13,0
3913,X49,X18,0,13,123,107,16,13,0
3914,X49,X19,0,13,123,116,7,13,0
3915,X49,X2,0.076923077,13,123,116,7,12,1
3916,X49,X20,0,13,123,115,8,13,0
3917,X49,X21,0.153846154,13,123,118,5,11,2
3918,X49,X22,0,13,123,121,2,13,0
3919,X49,X23,0.076923077,13,123,122,1,12,1
3920,X49,X24,0.230769231,13,123,100,23,10,3
3921,X49,X25,0,13,123,119,4,13,0
3922,X49,X26,0,13,123,121,2,13,0
3923,X49,X27,0,13,123,118,5,13,0
3924,X49,X28,0,13,123,117,6,13,0
3925,X49,X29,0.307692308,13,123,85,38,9,4
3926,X49,X3,0,13,123,121,2,13,0
3927,X49,X30,0.846153846,13,123,72,51,2,11
3928,X49,X31,0.538461538,13,123,113,10,6,7
3929,X49,X32,0.307692308,13,123,90,33,9,4
3930,X49,X33,0.692307692,13,123,120,3,4,9
3931,X49,X34,0,13,123,120,3,13,0
3932,X49,X35,0,13,123,121,2,13,0
3933,X49,X36,0.153846154,13,123,117,6,11,2
3934,X49,X37,0,13,123,101,22,13,0
3935,X49,X38,0.153846154,13,123,122,1,11,2
3936,X49,X39,0,13,123,108,15,13,0
3937,X49,X4,0,13,123,119,4,13,0
3938,X49,X40,0.153846154,13,123,120,3,11,2
3939,X49,X41,0,13,123,116,7,13,0
3940,X49,X42,0,13,123,120,3,13,0
3941,X49,X43,0,13,123,120,3,13,0
3942,X49,X44,0.461538462,13,123,91,32,7,6
3943,X49,X45,0.615384615,13,123,119,4,5,8
3944,X49,X46,0.538461538,13,123,92,31,6,7
3945,X49,X47,0.692307692,13,123,120,3,4,9
3946,X49,X48,0.230769231,13,123,100,23,10,3
3947,X49,X49,1,13,123,123,0,0,13
3948,X49,X5,0.076923077,13,123,121,2,12,1
3949,X49,X50,0,13,123,121,2,13,0
3950,X49,X51,0,13,123,122,1,13,0
3951,X49,X52,0,13,123,121,2,13,0
3952,X49,X53,0,13,123,121,2,13,0
3953,X49,X9,0,13,123,122,1,13,0
3954,X5,Fuma,0.25,4,189,144,45,3,1
3955,X5,Fuma,1,3,125,82,43,0,3
3956,X5,Cirurgia_coluna,0.5,4,174,104,70,2,2
3957,X5,Cirurgia_coluna,1,2,116,63,53,0,2
3958,X5,Aposentado,0,4,186,152,34,4,0
3959,X5,Aposentado,0.666666667,3,129,100,29,1,2
3960,X5,Desempregado,0.25,4,182,157,25,3,1
3961,X5,Desempregado,0.666666667,3,127,104,23,1,2
3962,X5,Licenca_Medica,0,4,184,165,19,4,0
3963,X5,Licenca_Medica,0.666666667,3,129,113,16,1,2
3964,X5,Aposentado_Invalidez,0,4,182,174,8,4,0
3965,X5,Aposentado_Invalidez,0,3,128,120,8,3,0
3966,X5,Analgésicos,0.25,4,183,62,121,3,1
3967,X5,Analgésicos,0.666666667,3,127,41,86,1,2
3968,X5,OutraDoenca,0,4,185,116,69,4,0
3969,X5,OutraDoenca,0.666666667,3,127,79,48,1,2
3970,X5,Dor_costas,0.25,4,182,74,108,3,1
3971,X5,Dor_costas,1,3,125,37,88,0,3
3972,X5,Dor_pernas,0,4,181,119,62,4,0
3973,X5,Dor_pernas,0.666666667,3,124,71,53,1,2
3974,X5,Retornar_trabalho,0,5,162,141,21,5,0
3975,X5,Retornar_trabalho,0.333333333,3,116,97,19,2,1
3976,X5,Masc,0.666666667,6,196,66,130,2,4
3977,X5,Masc,0.666666667,3,133,47,86,1,2
3978,X5,Fem,0.333333333,6,196,130,66,4,2
3979,X5,Fem,0.333333333,3,133,86,47,2,1
3980,X5,Casado_Amasiado,0,6,196,111,85,6,0
3981,X5,Casado_Amasiado,0,3,133,78,55,3,0
3982,X5,Solteiro,0,6,196,108,88,6,0
3983,X5,Solteiro,0.666666667,3,133,76,57,1,2
3984,X5,Separado_Divorciado,0,6,196,188,8,6,0
3985,X5,Separado_Divorciado,0,3,133,126,7,3,0
3986,X5,X4,0,6,196,193,3,6,0
3987,X5,X4,0,3,133,130,3,3,0
3988,X5,X5,1,6,196,196,0,0,6
3989,X5,X5,0,3,133,131,2,3,0
3990,X5,X6,0,6,196,184,12,6,0
3991,X5,X6,0.333333333,3,133,124,9,2,1
3992,X5,Livrar_costas,0.5,2,110,14,96,1,1
3993,X5,Livrar_costas,1,3,97,14,83,0,3
3994,X5,Livrar_perna,0,2,110,96,14,2,0
3995,X5,Livrar_perna,0,3,97,83,14,3,0
3996,X5,Livrar_perda_sens,0.5,2,110,110,0,1,1
3997,X5,Livrar_perda_sens,0,3,97,97,0,3,0
3998,X5,X1,0,2,134,133,1,2,0
3999,X5,X1,0,3,133,132,1,3,0
4000,X5,X15,0,2,134,127,7,2,0
4001,X5,X15,0.333333333,3,133,127,6,2,1
4002,X5,X16,0,2,134,114,20,2,0
4003,X5,X16,0.333333333,3,133,114,19,2,1
4004,X5,X17,0,2,134,129,5,2,0
4005,X5,X17,0,3,133,128,5,3,0
4006,X5,X18,0.5,2,134,119,15,1,1
4007,X5,X18,0,3,133,117,16,3,0
4008,X5,X19,0,2,134,127,7,2,0
4009,X5,X19,0,3,133,126,7,3,0
4010,X5,X2,0,2,134,126,8,2,0
4011,X5,X2,1,3,133,128,5,0,3
4012,X5,X20,0,2,134,126,8,2,0
4013,X5,X20,0,3,133,125,8,3,0
4014,X5,X21,0,2,134,127,7,2,0
4015,X5,X21,0,3,133,126,7,3,0
4016,X5,X22,0,2,134,132,2,2,0
4017,X5,X22,0,3,133,131,2,3,0
4018,X5,X23,0,2,134,132,2,2,0
4019,X5,X23,0,3,133,131,2,3,0
4020,X5,X24,0.5,2,134,109,25,1,1
4021,X5,X24,0.666666667,3,133,109,24,1,2
4022,X5,X25,0,2,134,130,4,2,0
4023,X5,X25,0,3,133,129,4,3,0
4024,X5,X26,0,2,134,132,2,2,0
4025,X5,X26,0,3,133,131,2,3,0
4026,X5,X27,0,2,134,129,5,2,0
4027,X5,X27,0,3,133,128,5,3,0
4028,X5,X28,0,2,134,128,6,2,0
4029,X5,X28,0,3,133,127,6,3,0
4030,X5,X29,0,2,134,92,42,2,0
4031,X5,X29,0.333333333,3,133,92,41,2,1
4032,X5,X3,0,2,134,132,2,2,0
4033,X5,X3,0,3,133,131,2,3,0
4034,X5,X30,0,2,134,72,62,2,0
4035,X5,X30,0.333333333,3,133,72,61,2,1
4036,X5,X31,0,2,134,117,17,2,0
4037,X5,X31,0.333333333,3,133,117,16,2,1
4038,X5,X32,0,2,134,97,37,2,0
4039,X5,X32,0,3,133,96,37,3,0
4040,X5,X33,0,2,134,122,12,2,0
4041,X5,X33,0,3,133,121,12,3,0
4042,X5,X34,0,2,134,131,3,2,0
4043,X5,X34,0.666666667,3,133,132,1,1,2
4044,X5,X35,0,2,134,132,2,2,0
4045,X5,X35,0.333333333,3,133,132,1,2,1
4046,X5,X36,0,2,134,126,8,2,0
4047,X5,X36,0,3,133,125,8,3,0
4048,X5,X37,0,2,134,112,22,2,0
4049,X5,X37,0.333333333,3,133,112,21,2,1
4050,X5,X38,0,2,134,131,3,2,0
4051,X5,X38,0,3,133,130,3,3,0
4052,X5,X39,0,2,134,119,15,2,0
4053,X5,X39,0,3,133,118,15,3,0
4054,X5,X4,0,2,134,130,4,2,0
4055,X5,X4,0.333333333,3,133,130,3,2,1
4056,X5,X40,0,2,134,129,5,2,0
4057,X5,X40,0,3,133,128,5,3,0
4058,X5,X41,0,2,134,127,7,2,0
4059,X5,X41,0,3,133,126,7,3,0
4060,X5,X42,0,2,134,131,3,2,0
4061,X5,X42,0,3,133,130,3,3,0
4062,X5,X43,0,2,134,131,3,2,0
4063,X5,X43,0,3,133,130,3,3,0
4064,X5,X44,0,2,134,96,38,2,0
4065,X5,X44,0.333333333,3,133,96,37,2,1
4066,X5,X45,0,2,134,122,12,2,0
4067,X5,X45,0.333333333,3,133,122,11,2,1
4068,X5,X46,0,2,134,96,38,2,0
4069,X5,X46,0.333333333,3,133,96,37,2,1
4070,X5,X47,0,2,134,122,12,2,0
4071,X5,X47,0.333333333,3,133,122,11,2,1
4072,X5,X48,0,2,134,108,26,2,0
4073,X5,X48,0.333333333,3,133,108,25,2,1
4074,X5,X49,0,2,134,121,13,2,0
4075,X5,X49,0.333333333,3,133,121,12,2,1
4076,X5,X5,0,2,134,131,3,2,0
4077,X5,X5,1,3,133,133,0,0,3
4078,X5,X50,0,2,134,132,2,2,0
4079,X5,X50,0.333333333,3,133,132,1,2,1
4080,X5,X51,0,2,134,133,1,2,0
4081,X5,X51,0.333333333,3,133,133,0,2,1
4082,X5,X52,0,2,134,132,2,2,0
4083,X5,X52,0,3,133,131,2,3,0
4084,X5,X53,0,2,134,132,2,2,0
4085,X5,X53,0,3,133,131,2,3,0
4086,X5,X9,0,2,134,133,1,2,0
4087,X5,X9,0.333333333,3,133,133,0,2,1
4088,X50,Fuma,1,2,126,82,44,0,2
4089,X50,Cirurgia_coluna,1,1,117,63,54,0,1
4090,X50,Aposentado,0,2,130,99,31,2,0
4091,X50,Desempregado,0.5,2,128,104,24,1,1
4092,X50,Licenca_Medica,0.5,2,130,113,17,1,1
4093,X50,Aposentado_Invalidez,0,2,129,121,8,2,0
4094,X50,Analgésicos,0.5,2,128,41,87,1,1
4095,X50,OutraDoenca,0.5,2,128,79,49,1,1
4096,X50,Dor_costas,0.5,2,126,36,90,1,1
4097,X50,Dor_pernas,0,2,125,70,55,2,0
4098,X50,Retornar_trabalho,0,2,117,97,20,2,0
4099,X50,Masc,0,2,134,46,88,2,0
4100,X50,Fem,1,2,134,88,46,0,2
4101,X50,Casado_Amasiado,0.5,2,134,80,54,1,1
4102,X50,Solteiro,0.5,2,134,76,58,1,1
4103,X50,Separado_Divorciado,0,2,134,127,7,2,0
4104,X50,X4,0,2,134,131,3,2,0
4105,X50,X5,0,2,134,132,2,2,0
4106,X50,X6,0,2,134,124,10,2,0
4107,X50,Livrar_costas,1,1,99,14,85,0,1
4108,X50,Livrar_perna,0,1,99,85,14,1,0
4109,X50,Livrar_perda_sens,0,1,99,99,0,1,0
4110,X50,X1,0,2,134,133,1,2,0
4111,X50,X15,0,2,134,127,7,2,0
4112,X50,X16,0,2,134,114,20,2,0
4113,X50,X17,0,2,134,129,5,2,0
4114,X50,X18,0,2,134,118,16,2,0
4115,X50,X19,0,2,134,127,7,2,0
4116,X50,X2,0.5,2,134,127,7,1,1
4117,X50,X20,0,2,134,126,8,2,0
4118,X50,X21,0,2,134,127,7,2,0
4119,X50,X22,0,2,134,132,2,2,0
4120,X50,X23,0,2,134,132,2,2,0
4121,X50,X24,0.5,2,134,109,25,1,1
4122,X50,X25,0,2,134,130,4,2,0
4123,X50,X26,0,2,134,132,2,2,0
4124,X50,X27,0,2,134,129,5,2,0
4125,X50,X28,0,2,134,128,6,2,0
4126,X50,X29,0.5,2,134,93,41,1,1
4127,X50,X3,0,2,134,132,2,2,0
4128,X50,X30,0,2,134,72,62,2,0
4129,X50,X31,0.5,2,134,118,16,1,1
4130,X50,X32,0,2,134,97,37,2,0
4131,X50,X33,0,2,134,122,12,2,0
4132,X50,X34,1,2,134,133,1,0,2
4133,X50,X35,0,2,134,132,2,2,0
4134,X50,X36,0,2,134,126,8,2,0
4135,X50,X37,0,2,134,112,22,2,0
4136,X50,X38,0,2,134,131,3,2,0
4137,X50,X39,0,2,134,119,15,2,0
4138,X50,X4,0,2,134,130,4,2,0
4139,X50,X40,0,2,134,129,5,2,0
4140,X50,X41,0,2,134,127,7,2,0
4141,X50,X42,0,2,134,131,3,2,0
4142,X50,X43,0.5,2,134,132,2,1,1
4143,X50,X44,0,2,134,96,38,2,0
4144,X50,X45,0,2,134,122,12,2,0
4145,X50,X46,0,2,134,96,38,2,0
4146,X50,X47,0,2,134,122,12,2,0
4147,X50,X48,0,2,134,108,26,2,0
4148,X50,X49,0,2,134,121,13,2,0
4149,X50,X5,0.5,2,134,132,2,1,1
4150,X50,X50,1,2,134,134,0,0,2
4151,X50,X51,0,2,134,133,1,2,0
4152,X50,X52,0.5,2,134,133,1,1,1
4153,X50,X53,0.5,2,134,133,1,1,1
4154,X50,X9,0,2,134,133,1,2,0
4155,X51,Fuma,1,1,127,82,45,0,1
4156,X51,Cirurgia_coluna,1,1,117,63,54,0,1
4157,X51,Aposentado,1,1,131,101,30,0,1
4158,X51,Desempregado,1,1,129,105,24,0,1
4159,X51,Licenca_Medica,1,1,131,114,17,0,1
4160,X51,Aposentado_Invalidez,0,1,130,122,8,1,0
4161,X51,Analgésicos,1,1,129,42,87,0,1
4162,X51,OutraDoenca,0,1,129,79,50,1,0
4163,X51,Dor_costas,1,1,127,37,90,0,1
4164,X51,Dor_pernas,1,1,126,72,54,0,1
4165,X51,Retornar_trabalho,0,1,118,98,20,1,0
4166,X51,Masc,1,1,135,48,87,0,1
4167,X51,Fem,0,1,135,87,48,1,0
4168,X51,Casado_Amasiado,0,1,135,80,55,1,0
4169,X51,Solteiro,1,1,135,77,58,0,1
4170,X51,Separado_Divorciado,0,1,135,128,7,1,0
4171,X51,X4,0,1,135,132,3,1,0
4172,X51,X5,0,1,135,133,2,1,0
4173,X51,X6,0,1,135,125,10,1,0
4174,X51,Livrar_costas,1,1,99,14,85,0,1
4175,X51,Livrar_perna,0,1,99,85,14,1,0
4176,X51,Livrar_perda_sens,0,1,99,99,0,1,0
4177,X51,X1,0,1,135,134,1,1,0
4178,X51,X15,1,1,135,129,6,0,1
4179,X51,X16,1,1,135,116,19,0,1
4180,X51,X17,0,1,135,130,5,1,0
4181,X51,X18,0,1,135,119,16,1,0
4182,X51,X19,0,1,135,128,7,1,0
4183,X51,X2,1,1,135,128,7,0,1
4184,X51,X20,0,1,135,127,8,1,0
4185,X51,X21,0,1,135,128,7,1,0
4186,X51,X22,0,1,135,133,2,1,0
4187,X51,X23,0,1,135,133,2,1,0
4188,X51,X24,0,1,135,109,26,1,0
4189,X51,X25,0,1,135,131,4,1,0
4190,X51,X26,0,1,135,133,2,1,0
4191,X51,X27,0,1,135,130,5,1,0
4192,X51,X28,0,1,135,129,6,1,0
4193,X51,X29,0,1,135,93,42,1,0
4194,X51,X3,0,1,135,133,2,1,0
4195,X51,X30,0,1,135,73,62,1,0
4196,X51,X31,0,1,135,118,17,1,0
4197,X51,X32,0,1,135,98,37,1,0
4198,X51,X33,0,1,135,123,12,1,0
4199,X51,X34,1,1,135,133,2,0,1
4200,X51,X35,1,1,135,134,1,0,1
4201,X51,X36,0,1,135,127,8,1,0
4202,X51,X37,1,1,135,114,21,0,1
4203,X51,X38,0,1,135,132,3,1,0
4204,X51,X39,0,1,135,120,15,1,0
4205,X51,X4,1,1,135,132,3,0,1
4206,X51,X40,0,1,135,130,5,1,0
4207,X51,X41,0,1,135,128,7,1,0
4208,X51,X42,0,1,135,132,3,1,0
4209,X51,X43,0,1,135,132,3,1,0
4210,X51,X44,0,1,135,97,38,1,0
4211,X51,X45,0,1,135,123,12,1,0
4212,X51,X46,0,1,135,97,38,1,0
4213,X51,X47,0,1,135,123,12,1,0
4214,X51,X48,0,1,135,109,26,1,0
4215,X51,X49,0,1,135,122,13,1,0
4216,X51,X5,1,1,135,133,2,0,1
4217,X51,X50,0,1,135,133,2,1,0
4218,X51,X51,1,1,135,135,0,0,1
4219,X51,X52,0,1,135,133,2,1,0
4220,X51,X53,0,1,135,133,2,1,0
4221,X51,X9,1,1,135,135,0,0,1
4222,X52,Fuma,0.5,2,126,81,45,1,1
4223,X52,Cirurgia_coluna,0.5,2,116,62,54,1,1
4224,X52,Aposentado,0,2,130,99,31,2,0
4225,X52,Desempregado,0,2,128,103,25,2,0
4226,X52,Licenca_Medica,0,2,130,112,18,2,0
4227,X52,Aposentado_Invalidez,0,2,129,121,8,2,0
4228,X52,Analgésicos,0.5,2,128,41,87,1,1
4229,X52,OutraDoenca,0,2,128,78,50,2,0
4230,X52,Dor_costas,0.5,2,126,36,90,1,1
4231,X52,Dor_pernas,0,2,125,70,55,2,0
4232,X52,Retornar_trabalho,0,2,117,97,20,2,0
4233,X52,Masc,0.5,2,134,47,87,1,1
4234,X52,Fem,0.5,2,134,87,47,1,1
4235,X52,Casado_Amasiado,0.5,2,134,80,54,1,1
4236,X52,Solteiro,0.5,2,134,76,58,1,1
4237,X52,Separado_Divorciado,0,2,134,127,7,2,0
4238,X52,X4,0,2,134,131,3,2,0
4239,X52,X5,0,2,134,132,2,2,0
4240,X52,X6,0,2,134,124,10,2,0
4241,X52,Livrar_costas,1,1,99,14,85,0,1
4242,X52,Livrar_perna,0,1,99,85,14,1,0
4243,X52,Livrar_perda_sens,0,1,99,99,0,1,0
4244,X52,X1,0,2,134,133,1,2,0
4245,X52,X15,0,2,134,127,7,2,0
4246,X52,X16,0,2,134,114,20,2,0
4247,X52,X17,0,2,134,129,5,2,0
4248,X52,X18,0,2,134,118,16,2,0
4249,X52,X19,0,2,134,127,7,2,0
4250,X52,X2,0,2,134,126,8,2,0
4251,X52,X20,0,2,134,126,8,2,0
4252,X52,X21,0,2,134,127,7,2,0
4253,X52,X22,0,2,134,132,2,2,0
4254,X52,X23,0,2,134,132,2,2,0
4255,X52,X24,0,2,134,108,26,2,0
4256,X52,X25,0,2,134,130,4,2,0
4257,X52,X26,0,2,134,132,2,2,0
4258,X52,X27,0,2,134,129,5,2,0
4259,X52,X28,0,2,134,128,6,2,0
4260,X52,X29,0,2,134,92,42,2,0
4261,X52,X3,0,2,134,132,2,2,0
4262,X52,X30,0,2,134,72,62,2,0
4263,X52,X31,0,2,134,117,17,2,0
4264,X52,X32,0.5,2,134,98,36,1,1
4265,X52,X33,0,2,134,122,12,2,0
4266,X52,X34,0.5,2,134,132,2,1,1
4267,X52,X35,0,2,134,132,2,2,0
4268,X52,X36,0,2,134,126,8,2,0
4269,X52,X37,0,2,134,112,22,2,0
4270,X52,X38,0,2,134,131,3,2,0
4271,X52,X39,0,2,134,119,15,2,0
4272,X52,X4,0,2,134,130,4,2,0
4273,X52,X40,0,2,134,129,5,2,0
4274,X52,X41,0,2,134,127,7,2,0
4275,X52,X42,0.5,2,134,132,2,1,1
4276,X52,X43,0.5,2,134,132,2,1,1
4277,X52,X44,0.5,2,134,97,37,1,1
4278,X52,X45,0,2,134,122,12,2,0
4279,X52,X46,0,2,134,96,38,2,0
4280,X52,X47,0,2,134,122,12,2,0
4281,X52,X48,0,2,134,108,26,2,0
4282,X52,X49,0,2,134,121,13,2,0
4283,X52,X5,0,2,134,131,3,2,0
4284,X52,X50,0.5,2,134,133,1,1,1
4285,X52,X51,0,2,134,133,1,2,0
4286,X52,X52,1,2,134,134,0,0,2
4287,X52,X53,0.5,2,134,133,1,1,1
4288,X52,X9,0,2,134,133,1,2,0
4289,X53,Fuma,1,2,126,82,44,0,2
4290,X53,Cirurgia_coluna,0.5,2,116,62,54,1,1
4291,X53,Aposentado,0,2,130,99,31,2,0
4292,X53,Desempregado,0,2,128,103,25,2,0
4293,X53,Licenca_Medica,0,2,130,112,18,2,0
4294,X53,Aposentado_Invalidez,0,2,129,121,8,2,0
4295,X53,Analgésicos,1,2,128,42,86,0,2
4296,X53,OutraDoenca,0,2,128,78,50,2,0
4297,X53,Dor_costas,0.5,2,126,36,90,1,1
4298,X53,Dor_pernas,0,2,125,70,55,2,0
4299,X53,Retornar_trabalho,0,2,117,97,20,2,0
4300,X53,Masc,0,2,134,46,88,2,0
4301,X53,Fem,1,2,134,88,46,0,2
4302,X53,Casado_Amasiado,1,2,134,81,53,0,2
4303,X53,Solteiro,0,2,134,75,59,2,0
4304,X53,Separado_Divorciado,0,2,134,127,7,2,0
4305,X53,X4,0,2,134,131,3,2,0
4306,X53,X5,0,2,134,132,2,2,0
4307,X53,X6,0,2,134,124,10,2,0
4308,X53,Livrar_costas,1,1,99,14,85,0,1
4309,X53,Livrar_perna,0,1,99,85,14,1,0
4310,X53,Livrar_perda_sens,0,1,99,99,0,1,0
4311,X53,X1,0,2,134,133,1,2,0
4312,X53,X15,0,2,134,127,7,2,0
4313,X53,X16,0,2,134,114,20,2,0
4314,X53,X17,0,2,134,129,5,2,0
4315,X53,X18,0.5,2,134,119,15,1,1
4316,X53,X19,0,2,134,127,7,2,0
4317,X53,X2,0.5,2,134,127,7,1,1
4318,X53,X20,0.5,2,134,127,7,1,1
4319,X53,X21,0.5,2,134,128,6,1,1
4320,X53,X22,0,2,134,132,2,2,0
4321,X53,X23,0,2,134,132,2,2,0
4322,X53,X24,0,2,134,108,26,2,0
4323,X53,X25,0,2,134,130,4,2,0
4324,X53,X26,0,2,134,132,2,2,0
4325,X53,X27,0,2,134,129,5,2,0
4326,X53,X28,0.5,2,134,129,5,1,1
4327,X53,X29,0,2,134,92,42,2,0
4328,X53,X3,0,2,134,132,2,2,0
4329,X53,X30,0,2,134,72,62,2,0
4330,X53,X31,0,2,134,117,17,2,0
4331,X53,X32,0,2,134,97,37,2,0
4332,X53,X33,0,2,134,122,12,2,0
4333,X53,X34,0.5,2,134,132,2,1,1
4334,X53,X35,0,2,134,132,2,2,0
4335,X53,X36,0,2,134,126,8,2,0
4336,X53,X37,0,2,134,112,22,2,0
4337,X53,X38,0,2,134,131,3,2,0
4338,X53,X39,0,2,134,119,15,2,0
4339,X53,X4,0,2,134,130,4,2,0
4340,X53,X40,0,2,134,129,5,2,0
4341,X53,X41,0,2,134,127,7,2,0
4342,X53,X42,0,2,134,131,3,2,0
4343,X53,X43,1,2,134,133,1,0,2
4344,X53,X44,0,2,134,96,38,2,0
4345,X53,X45,0,2,134,122,12,2,0
4346,X53,X46,0,2,134,96,38,2,0
4347,X53,X47,0,2,134,122,12,2,0
4348,X53,X48,0,2,134,108,26,2,0
4349,X53,X49,0,2,134,121,13,2,0
4350,X53,X5,0,2,134,131,3,2,0
4351,X53,X50,0.5,2,134,133,1,1,1
4352,X53,X51,0,2,134,133,1,2,0
4353,X53,X52,0.5,2,134,133,1,1,1
4354,X53,X53,1,2,134,134,0,0,2
4355,X53,X9,0,2,134,133,1,2,0
4356,X6,Fuma,0.454545455,11,182,141,41,6,5
4357,X6,Cirurgia_coluna,0.7,10,168,103,65,3,7
4358,X6,Aposentado,0.636363636,11,179,152,27,4,7
4359,X6,Desempregado,0.090909091,11,175,150,25,10,1
4360,X6,Licenca_Medica,0.090909091,11,177,159,18,10,1
4361,X6,Aposentado_Invalidez,0.090909091,11,175,168,7,10,1
4362,X6,Analgésicos,0.818181818,11,176,63,113,2,9
4363,X6,OutraDoenca,0.454545455,11,178,114,64,6,5
4364,X6,Dor_costas,0.545454545,11,175,72,103,5,6
4365,X6,Dor_pernas,0.454545455,11,174,117,57,6,5
4366,X6,Retornar_trabalho,0.444444444,9,158,141,17,5,4
4367,X6,Masc,1,12,190,68,122,0,12
4368,X6,Fem,0,12,190,122,68,12,0
4369,X6,Casado_Amasiado,0,12,190,105,85,12,0
4370,X6,Solteiro,0,12,190,102,88,12,0
4371,X6,Separado_Divorciado,0,12,190,182,8,12,0
4372,X6,X4,0,12,190,187,3,12,0
4373,X6,X5,0,12,190,184,6,12,0
4374,X6,X6,1,12,190,190,0,0,12
4375,X6,Livrar_costas,0.857142857,7,105,14,91,1,6
4376,X6,Livrar_perna,0.142857143,7,105,92,13,6,1
4377,X6,Livrar_perda_sens,0,7,105,104,1,7,0
4378,X6,X1,0,10,126,125,1,10,0
4379,X6,X15,0,10,126,119,7,10,0
4380,X6,X16,0.3,10,126,109,17,7,3
4381,X6,X17,0,10,126,121,5,10,0
4382,X6,X18,0,10,126,110,16,10,0
4383,X6,X19,0,10,126,119,7,10,0
4384,X6,X2,0.1,10,126,119,7,9,1
4385,X6,X20,0,10,126,118,8,10,0
4386,X6,X21,0,10,126,119,7,10,0
4387,X6,X22,0,10,126,124,2,10,0
4388,X6,X23,0,10,126,124,2,10,0
4389,X6,X24,0.1,10,126,101,25,9,1
4390,X6,X25,0,10,126,122,4,10,0
4391,X6,X26,0,10,126,124,2,10,0
4392,X6,X27,0,10,126,121,5,10,0
4393,X6,X28,0,10,126,120,6,10,0
4394,X6,X29,0.5,10,126,89,37,5,5
4395,X6,X3,0,10,126,124,2,10,0
4396,X6,X30,0.6,10,126,70,56,4,6
4397,X6,X31,0.1,10,126,110,16,9,1
4398,X6,X32,0.4,10,126,93,33,6,4
4399,X6,X33,0,10,126,114,12,10,0
4400,X6,X34,0,10,126,123,3,10,0
4401,X6,X35,0,10,126,124,2,10,0
4402,X6,X36,0,10,126,118,8,10,0
4403,X6,X37,0.3,10,126,107,19,7,3
4404,X6,X38,0,10,126,123,3,10,0
4405,X6,X39,0.3,10,126,114,12,7,3
4406,X6,X4,0,10,126,122,4,10,0
4407,X6,X40,0,10,126,121,5,10,0
4408,X6,X41,0.1,10,126,120,6,9,1
4409,X6,X42,0,10,126,123,3,10,0
4410,X6,X43,0,10,126,123,3,10,0
4411,X6,X44,0.5,10,126,93,33,5,5
4412,X6,X45,0.1,10,126,115,11,9,1
4413,X6,X46,0.6,10,126,94,32,4,6
4414,X6,X47,0.1,10,126,115,11,9,1
4415,X6,X48,0.5,10,126,105,21,5,5
4416,X6,X49,0.1,10,126,114,12,9,1
4417,X6,X5,0.1,10,126,124,2,9,1
4418,X6,X50,0,10,126,124,2,10,0
4419,X6,X51,0,10,126,125,1,10,0
4420,X6,X52,0,10,126,124,2,10,0
4421,X6,X53,0,10,126,124,2,10,0
4422,X6,X9,0,10,126,125,1,10,0
4423,X9,Fuma,1,1,127,82,45,0,1
4424,X9,Cirurgia_coluna,1,1,117,63,54,0,1
4425,X9,Aposentado,1,1,131,101,30,0,1
4426,X9,Desempregado,1,1,129,105,24,0,1
4427,X9,Licenca_Medica,1,1,131,114,17,0,1
4428,X9,Aposentado_Invalidez,0,1,130,122,8,1,0
4429,X9,Analgésicos,1,1,129,42,87,0,1
4430,X9,OutraDoenca,0,1,129,79,50,1,0
4431,X9,Dor_costas,1,1,127,37,90,0,1
4432,X9,Dor_pernas,1,1,126,72,54,0,1
4433,X9,Retornar_trabalho,0,1,118,98,20,1,0
4434,X9,Masc,1,1,135,48,87,0,1
4435,X9,Fem,0,1,135,87,48,1,0
4436,X9,Casado_Amasiado,0,1,135,80,55,1,0
4437,X9,Solteiro,1,1,135,77,58,0,1
4438,X9,Separado_Divorciado,0,1,135,128,7,1,0
4439,X9,X4,0,1,135,132,3,1,0
4440,X9,X5,0,1,135,133,2,1,0
4441,X9,X6,0,1,135,125,10,1,0
4442,X9,Livrar_costas,1,1,99,14,85,0,1
4443,X9,Livrar_perna,0,1,99,85,14,1,0
4444,X9,Livrar_perda_sens,0,1,99,99,0,1,0
4445,X9,X1,0,1,135,134,1,1,0
4446,X9,X15,1,1,135,129,6,0,1
4447,X9,X16,1,1,135,116,19,0,1
4448,X9,X17,0,1,135,130,5,1,0
4449,X9,X18,0,1,135,119,16,1,0
4450,X9,X19,0,1,135,128,7,1,0
4451,X9,X2,1,1,135,128,7,0,1
4452,X9,X20,0,1,135,127,8,1,0
4453,X9,X21,0,1,135,128,7,1,0
4454,X9,X22,0,1,135,133,2,1,0
4455,X9,X23,0,1,135,133,2,1,0
4456,X9,X24,0,1,135,109,26,1,0
4457,X9,X25,0,1,135,131,4,1,0
4458,X9,X26,0,1,135,133,2,1,0
4459,X9,X27,0,1,135,130,5,1,0
4460,X9,X28,0,1,135,129,6,1,0
4461,X9,X29,0,1,135,93,42,1,0
4462,X9,X3,0,1,135,133,2,1,0
4463,X9,X30,0,1,135,73,62,1,0
4464,X9,X31,0,1,135,118,17,1,0
4465,X9,X32,0,1,135,98,37,1,0
4466,X9,X33,0,1,135,123,12,1,0
4467,X9,X34,1,1,135,133,2,0,1
4468,X9,X35,1,1,135,134,1,0,1
4469,X9,X36,0,1,135,127,8,1,0
4470,X9,X37,1,1,135,114,21,0,1
4471,X9,X38,0,1,135,132,3,1,0
4472,X9,X39,0,1,135,120,15,1,0
4473,X9,X4,1,1,135,132,3,0,1
4474,X9,X40,0,1,135,130,5,1,0
4475,X9,X41,0,1,135,128,7,1,0
4476,X9,X42,0,1,135,132,3,1,0
4477,X9,X43,0,1,135,132,3,1,0
4478,X9,X44,0,1,135,97,38,1,0
4479,X9,X45,0,1,135,123,12,1,0
4480,X9,X46,0,1,135,97,38,1,0
4481,X9,X47,0,1,135,123,12,1,0
4482,X9,X48,0,1,135,109,26,1,0
4483,X9,X49,0,1,135,122,13,1,0
4484,X9,X5,1,1,135,133,2,0,1
4485,X9,X50,0,1,135,133,2,1,0
4486,X9,X51,1,1,135,135,0,0,1
4487,X9,X52,0,1,135,133,2,1,0
4488,X9,X53,0,1,135,133,2,1,0
4489,X9,X9,1,1,135,135,0,0,1
