"","demonimador","numerador","Frequência","Qtd_1_Denom","Qtd_0_Demon","D0N0","D0N1","D1N0","D1N1"
"1","Dor_costas","Dor_costas","1","128","79","79","0","0","128"
"2","Dor_pernas","Dor_costas","0.84375","64","139","68","71","10","54"
"3","Livrar_costas","Dor_costas","0.918918918918919","111","16","7","9","9","102"
"4","Livrar_perna","Dor_costas","0.571428571428571","14","113","10","103","6","8"
"5","D30","Dor_costas","0.918032786885246","61","67","32","35","5","56"
"6","RMDQ1_v1","Dor_costas","0.689189189189189","74","115","44","71","23","51"
"7","RMDQ2_v1","Dor_costas","0.721518987341772","79","110","45","65","22","57"
"8","RMDQ3_v1","Dor_costas","0.690140845070423","71","120","45","75","22","49"
"9","RMDQ4_v1","Dor_costas","0.647058823529412","51","140","49","91","18","33"
"10","RMDQ5_v1","Dor_costas","0.671875","64","127","46","81","21","43"
"11","RMDQ6_v1","Dor_costas","0.770833333333333","48","143","56","87","11","37"
"12","RMDQ7_v1","Dor_costas","0.823529411764706","34","156","61","95","6","28"
"13","RMDQ8_v1","Dor_costas","0.875","8","182","66","116","1","7"
"14","RMDQ9_v1","Dor_costas","0.827586206896552","29","161","62","99","5","24"
"15","RMDQ10_v1","Dor_costas","0.828571428571429","35","155","61","94","6","29"
"16","RMDQ11_v1","Dor_costas","0.828571428571429","35","155","61","94","6","29"
"17","RMDQ12_v1","Dor_costas","0.794871794871795","39","151","59","92","8","31"
"18","RMDQ13_v1","Dor_costas","0.75","40","150","57","93","10","30"
"19","RMDQ14_v1","Dor_costas","0.813953488372093","43","147","59","88","8","35"
"20","RMDQ15_v1","Dor_costas","0.807692307692308","26","164","62","102","5","21"
"21","RMDQ16_v1","Dor_costas","0.84375","32","158","62","96","5","27"
"22","RMDQ17_v1","Dor_costas","0.738095238095238","42","148","56","92","11","31"
"23","RMDQ18_v1","Dor_costas","0.870967741935484","31","159","63","96","4","27"
"24","RMDQ19_v1","Dor_costas","0.814814814814815","27","163","62","101","5","22"
"25","RMDQ20_v1","Dor_costas","0.84375","32","158","62","96","5","27"
"26","RMDQ21_v1","Dor_costas","0.767441860465116","43","147","57","90","10","33"
"27","RMDQ22_v1","Dor_costas","0.78125","32","158","60","98","7","25"
"28","RMDQ23_v1","Dor_costas","0.8125","32","158","61","97","6","26"
"29","RMDQ24_v1","Dor_costas","0.833333333333333","30","160","62","98","5","25"
"30","Dor_costas","Dor_pernas","0.432","125","78","68","10","71","54"
"31","Dor_pernas","Dor_pernas","1","65","139","139","0","0","65"
"32","Livrar_costas","Dor_pernas","0.4","110","15","2","13","66","44"
"33","Livrar_perna","Dor_pernas","0.928571428571429","14","111","67","44","1","13"
"34","D30","Dor_pernas","0.655737704918033","61","66","51","15","21","40"
"35","RMDQ1_v1","Dor_pernas","0.364864864864865","74","113","75","38","47","27"
"36","RMDQ2_v1","Dor_pernas","0.367088607594937","79","108","72","36","50","29"
"37","RMDQ3_v1","Dor_pernas","0.328571428571429","70","119","77","42","47","23"
"38","RMDQ4_v1","Dor_pernas","0.235294117647059","51","138","85","53","39","12"
"39","RMDQ5_v1","Dor_pernas","0.34375","64","125","82","43","42","22"
"40","RMDQ6_v1","Dor_pernas","0.375","48","141","94","47","30","18"
"41","RMDQ7_v1","Dor_pernas","0.441176470588235","34","154","104","50","19","15"
"42","RMDQ8_v1","Dor_pernas","0.375","8","180","118","62","5","3"
"43","RMDQ9_v1","Dor_pernas","0.482758620689655","29","159","108","51","15","14"
"44","RMDQ10_v1","Dor_pernas","0.428571428571429","35","153","103","50","20","15"
"45","RMDQ11_v1","Dor_pernas","0.457142857142857","35","153","104","49","19","16"
"46","RMDQ12_v1","Dor_pernas","0.384615384615385","39","149","99","50","24","15"
"47","RMDQ13_v1","Dor_pernas","0.35","40","148","97","51","26","14"
"48","RMDQ14_v1","Dor_pernas","0.357142857142857","42","146","96","50","27","15"
"49","RMDQ15_v1","Dor_pernas","0.44","25","163","109","54","14","11"
"50","RMDQ16_v1","Dor_pernas","0.375","32","156","103","53","20","12"
"51","RMDQ17_v1","Dor_pernas","0.333333333333333","42","146","95","51","28","14"
"52","RMDQ18_v1","Dor_pernas","0.451612903225806","31","157","106","51","17","14"
"53","RMDQ19_v1","Dor_pernas","0.518518518518518","27","161","110","51","13","14"
"54","RMDQ20_v1","Dor_pernas","0.4375","32","156","105","51","18","14"
"55","RMDQ21_v1","Dor_pernas","0.418604651162791","43","145","98","47","25","18"
"56","RMDQ22_v1","Dor_pernas","0.46875","32","156","106","50","17","15"
"57","RMDQ23_v1","Dor_pernas","0.4375","32","156","105","51","18","14"
"58","RMDQ24_v1","Dor_pernas","0.466666666666667","30","158","107","51","16","14"
"59","Dor_costas","Livrar_costas","0.918918918918919","111","16","7","9","9","102"
"60","Dor_pernas","Livrar_costas","0.771929824561403","57","68","2","66","13","44"
"61","Livrar_costas","Livrar_costas","1","112","16","16","0","0","112"
"62","Livrar_perna","Livrar_costas","0","14","114","2","112","14","0"
"63","D30","Livrar_costas","0.836065573770492","61","39","4","35","10","51"
"64","RMDQ1_v1","Livrar_costas","0.882352941176471","51","71","10","61","6","45"
"65","RMDQ2_v1","Livrar_costas","0.892857142857143","56","66","10","56","6","50"
"66","RMDQ3_v1","Livrar_costas","0.936170212765957","47","77","13","64","3","44"
"67","RMDQ4_v1","Livrar_costas","0.96969696969697","33","91","15","76","1","32"
"68","RMDQ5_v1","Livrar_costas","0.926829268292683","41","83","13","70","3","38"
"69","RMDQ6_v1","Livrar_costas","0.909090909090909","33","91","13","78","3","30"
"70","RMDQ7_v1","Livrar_costas","0.923076923076923","26","97","14","83","2","24"
"71","RMDQ8_v1","Livrar_costas","1","7","116","16","100","0","7"
"72","RMDQ9_v1","Livrar_costas","0.909090909090909","22","101","14","87","2","20"
"73","RMDQ10_v1","Livrar_costas","0.925925925925926","27","96","14","82","2","25"
"74","RMDQ11_v1","Livrar_costas","0.925925925925926","27","96","14","82","2","25"
"75","RMDQ12_v1","Livrar_costas","0.931034482758621","29","94","14","80","2","27"
"76","RMDQ13_v1","Livrar_costas","0.928571428571429","28","95","14","81","2","26"
"77","RMDQ14_v1","Livrar_costas","0.90625","32","91","13","78","3","29"
"78","RMDQ15_v1","Livrar_costas","0.833333333333333","18","105","13","92","3","15"
"79","RMDQ16_v1","Livrar_costas","0.91304347826087","23","100","14","86","2","21"
"80","RMDQ17_v1","Livrar_costas","0.923076923076923","26","97","14","83","2","24"
"81","RMDQ18_v1","Livrar_costas","0.875","24","99","13","86","3","21"
"82","RMDQ19_v1","Livrar_costas","0.9","20","103","14","89","2","18"
"83","RMDQ20_v1","Livrar_costas","0.916666666666667","24","99","14","85","2","22"
"84","RMDQ21_v1","Livrar_costas","0.9375","32","91","14","77","2","30"
"85","RMDQ22_v1","Livrar_costas","0.909090909090909","22","101","14","87","2","20"
"86","RMDQ23_v1","Livrar_costas","0.916666666666667","24","99","14","85","2","22"
"87","RMDQ24_v1","Livrar_costas","0.91304347826087","23","100","14","86","2","21"
"88","Dor_costas","Livrar_perna","0.0720720720720721","111","16","10","6","103","8"
"89","Dor_pernas","Livrar_perna","0.228070175438596","57","68","67","1","44","13"
"90","Livrar_costas","Livrar_perna","0","112","16","2","14","112","0"
"91","Livrar_perna","Livrar_perna","1","14","114","114","0","0","14"
"92","D30","Livrar_perna","0.163934426229508","61","39","35","4","51","10"
"93","RMDQ1_v1","Livrar_perna","0.0980392156862745","51","71","62","9","46","5"
"94","RMDQ2_v1","Livrar_perna","0.0892857142857143","56","66","57","9","51","5"
"95","RMDQ3_v1","Livrar_perna","0.0638297872340425","47","77","66","11","44","3"
"96","RMDQ4_v1","Livrar_perna","0.0303030303030303","33","91","78","13","32","1"
"97","RMDQ5_v1","Livrar_perna","0.0731707317073171","41","83","72","11","38","3"
"98","RMDQ6_v1","Livrar_perna","0.0909090909090909","33","91","80","11","30","3"
"99","RMDQ7_v1","Livrar_perna","0.0769230769230769","26","97","85","12","24","2"
"100","RMDQ8_v1","Livrar_perna","0","7","116","102","14","7","0"
"101","RMDQ9_v1","Livrar_perna","0.0909090909090909","22","101","89","12","20","2"
"102","RMDQ10_v1","Livrar_perna","0.0740740740740741","27","96","84","12","25","2"
"103","RMDQ11_v1","Livrar_perna","0.0740740740740741","27","96","84","12","25","2"
"104","RMDQ12_v1","Livrar_perna","0.0689655172413793","29","94","82","12","27","2"
"105","RMDQ13_v1","Livrar_perna","0.0714285714285714","28","95","83","12","26","2"
"106","RMDQ14_v1","Livrar_perna","0.0625","32","91","79","12","30","2"
"107","RMDQ15_v1","Livrar_perna","0.111111111111111","18","105","93","12","16","2"
"108","RMDQ16_v1","Livrar_perna","0.0869565217391304","23","100","88","12","21","2"
"109","RMDQ17_v1","Livrar_perna","0.0769230769230769","26","97","85","12","24","2"
"110","RMDQ18_v1","Livrar_perna","0.125","24","99","88","11","21","3"
"111","RMDQ19_v1","Livrar_perna","0.1","20","103","91","12","18","2"
"112","RMDQ20_v1","Livrar_perna","0.0833333333333333","24","99","87","12","22","2"
"113","RMDQ21_v1","Livrar_perna","0.0625","32","91","79","12","30","2"
"114","RMDQ22_v1","Livrar_perna","0.0909090909090909","22","101","89","12","20","2"
"115","RMDQ23_v1","Livrar_perna","0.0833333333333333","24","99","87","12","22","2"
"116","RMDQ24_v1","Livrar_perna","0.0869565217391304","23","100","88","12","21","2"
"117","Dor_costas","D30","0.615384615384615","91","37","32","5","35","56"
"118","Dor_pernas","D30","0.727272727272727","55","72","51","21","15","40"
"119","Livrar_costas","D30","0.593023255813954","86","14","4","10","35","51"
"120","Livrar_perna","D30","0.714285714285714","14","86","35","51","4","10"
"121","D30","D30","1","62","74","74","0","0","62"
"122","RMDQ1_v1","D30","0.627906976744186","43","73","39","34","16","27"
"123","RMDQ2_v1","D30","0.595744680851064","47","69","36","33","19","28"
"124","RMDQ3_v1","D30","0.666666666666667","36","82","44","38","12","24"
"125","RMDQ4_v1","D30","0.576923076923077","26","92","45","47","11","15"
"126","RMDQ5_v1","D30","0.727272727272727","33","85","47","38","9","24"
"127","RMDQ6_v1","D30","0.689655172413793","29","89","47","42","9","20"
"128","RMDQ7_v1","D30","0.65","20","97","49","48","7","13"
"129","RMDQ8_v1","D30","0.75","4","113","55","58","1","3"
"130","RMDQ9_v1","D30","0.666666666666667","18","99","50","49","6","12"
"131","RMDQ10_v1","D30","0.681818181818182","22","95","49","46","7","15"
"132","RMDQ11_v1","D30","0.652173913043478","23","94","48","46","8","15"
"133","RMDQ12_v1","D30","0.636363636363636","22","95","48","47","8","14"
"134","RMDQ13_v1","D30","0.636363636363636","22","95","48","47","8","14"
"135","RMDQ14_v1","D30","0.68","25","92","48","44","8","17"
"136","RMDQ15_v1","D30","0.666666666666667","15","102","51","51","5","10"
"137","RMDQ16_v1","D30","0.684210526315789","19","98","50","48","6","13"
"138","RMDQ17_v1","D30","0.590909090909091","22","95","47","48","9","13"
"139","RMDQ18_v1","D30","0.7","20","97","50","47","6","14"
"140","RMDQ19_v1","D30","0.75","16","101","52","49","4","12"
"141","RMDQ20_v1","D30","0.666666666666667","21","96","49","47","7","14"
"142","RMDQ21_v1","D30","0.666666666666667","24","93","48","45","8","16"
"143","RMDQ22_v1","D30","0.7","20","97","50","47","6","14"
"144","RMDQ23_v1","D30","0.736842105263158","19","98","51","47","5","14"
"145","RMDQ24_v1","D30","0.684210526315789","19","98","50","48","6","13"
"146","Dor_costas","RMDQ1_v1","0.414634146341463","122","67","44","23","71","51"
"147","Dor_pernas","RMDQ1_v1","0.415384615384615","65","122","75","47","38","27"
"148","Livrar_costas","RMDQ1_v1","0.420560747663551","106","16","10","6","61","45"
"149","Livrar_perna","RMDQ1_v1","0.357142857142857","14","108","62","46","9","5"
"150","D30","RMDQ1_v1","0.442622950819672","61","55","39","16","34","27"
"151","RMDQ1_v1","RMDQ1_v1","1","85","134","134","0","0","85"
"152","RMDQ2_v1","RMDQ1_v1","0.922222222222222","90","129","127","2","7","83"
"153","RMDQ3_v1","RMDQ1_v1","0.607594936708861","78","141","104","37","30","48"
"154","RMDQ4_v1","RMDQ1_v1","0.5","53","166","108","58","26","27"
"155","RMDQ5_v1","RMDQ1_v1","0.625","72","147","107","40","27","45"
"156","RMDQ6_v1","RMDQ1_v1","0.535714285714286","56","163","108","55","26","30"
"157","RMDQ7_v1","RMDQ1_v1","0.846153846153846","39","180","128","52","6","33"
"158","RMDQ8_v1","RMDQ1_v1","0.5","8","211","130","81","4","4"
"159","RMDQ9_v1","RMDQ1_v1","0.911764705882353","34","185","131","54","3","31"
"160","RMDQ10_v1","RMDQ1_v1","0.75","40","179","124","55","10","30"
"161","RMDQ11_v1","RMDQ1_v1","0.714285714285714","42","177","122","55","12","30"
"162","RMDQ12_v1","RMDQ1_v1","0.75","44","175","123","52","11","33"
"163","RMDQ13_v1","RMDQ1_v1","0.717391304347826","46","173","121","52","13","33"
"164","RMDQ14_v1","RMDQ1_v1","0.836734693877551","49","170","126","44","8","41"
"165","RMDQ15_v1","RMDQ1_v1","0.935483870967742","31","188","132","56","2","29"
"166","RMDQ16_v1","RMDQ1_v1","0.810810810810811","37","182","127","55","7","30"
"167","RMDQ17_v1","RMDQ1_v1","0.714285714285714","49","170","120","50","14","35"
"168","RMDQ18_v1","RMDQ1_v1","0.777777777777778","36","183","126","57","8","28"
"169","RMDQ19_v1","RMDQ1_v1","0.875","32","187","130","57","4","28"
"170","RMDQ20_v1","RMDQ1_v1","0.815789473684211","38","181","127","54","7","31"
"171","RMDQ21_v1","RMDQ1_v1","0.854166666666667","48","171","127","44","7","41"
"172","RMDQ22_v1","RMDQ1_v1","0.763157894736842","38","181","125","56","9","29"
"173","RMDQ23_v1","RMDQ1_v1","0.783783783783784","37","182","126","56","8","29"
"174","RMDQ24_v1","RMDQ1_v1","0.857142857142857","35","184","129","55","5","30"
"175","Dor_costas","RMDQ2_v1","0.463414634146341","122","67","45","22","65","57"
"176","Dor_pernas","RMDQ2_v1","0.446153846153846","65","122","72","50","36","29"
"177","Livrar_costas","RMDQ2_v1","0.467289719626168","106","16","10","6","56","50"
"178","Livrar_perna","RMDQ2_v1","0.357142857142857","14","108","57","51","9","5"
"179","D30","RMDQ2_v1","0.459016393442623","61","55","36","19","33","28"
"180","RMDQ1_v1","RMDQ2_v1","0.976470588235294","85","134","127","7","2","83"
"181","RMDQ2_v1","RMDQ2_v1","1","90","129","129","0","0","90"
"182","RMDQ3_v1","RMDQ2_v1","0.670886075949367","78","141","104","37","25","53"
"183","RMDQ4_v1","RMDQ2_v1","0.574074074074074","53","166","107","59","22","31"
"184","RMDQ5_v1","RMDQ2_v1","0.680555555555556","72","147","106","41","23","49"
"185","RMDQ6_v1","RMDQ2_v1","0.553571428571429","56","163","104","59","25","31"
"186","RMDQ7_v1","RMDQ2_v1","0.897435897435897","39","180","125","55","4","35"
"187","RMDQ8_v1","RMDQ2_v1","0.625","8","211","126","85","3","5"
"188","RMDQ9_v1","RMDQ2_v1","0.882352941176471","34","185","125","60","4","30"
"189","RMDQ10_v1","RMDQ2_v1","0.825","40","179","122","57","7","33"
"190","RMDQ11_v1","RMDQ2_v1","0.785714285714286","42","177","120","57","9","33"
"191","RMDQ12_v1","RMDQ2_v1","0.772727272727273","44","175","119","56","10","34"
"192","RMDQ13_v1","RMDQ2_v1","0.695652173913043","46","173","115","58","14","32"
"193","RMDQ14_v1","RMDQ2_v1","0.918367346938776","49","170","125","45","4","45"
"194","RMDQ15_v1","RMDQ2_v1","0.935483870967742","31","188","127","61","2","29"
"195","RMDQ16_v1","RMDQ2_v1","0.810810810810811","37","182","122","60","7","30"
"196","RMDQ17_v1","RMDQ2_v1","0.755102040816326","49","170","117","53","12","37"
"197","RMDQ18_v1","RMDQ2_v1","0.888888888888889","36","183","125","58","4","32"
"198","RMDQ19_v1","RMDQ2_v1","0.84375","32","187","124","63","5","27"
"199","RMDQ20_v1","RMDQ2_v1","0.842105263157895","38","181","123","58","6","32"
"200","RMDQ21_v1","RMDQ2_v1","0.916666666666667","48","171","125","46","4","44"
"201","RMDQ22_v1","RMDQ2_v1","0.789473684210526","38","181","121","60","8","30"
"202","RMDQ23_v1","RMDQ2_v1","0.810810810810811","37","182","122","60","7","30"
"203","RMDQ24_v1","RMDQ2_v1","0.885714285714286","35","184","125","59","4","31"
"204","Dor_costas","RMDQ3_v1","0.395161290322581","124","67","45","22","75","49"
"205","Dor_pernas","RMDQ3_v1","0.353846153846154","65","124","77","47","42","23"
"206","Livrar_costas","RMDQ3_v1","0.407407407407407","108","16","13","3","64","44"
"207","Livrar_perna","RMDQ3_v1","0.214285714285714","14","110","66","44","11","3"
"208","D30","RMDQ3_v1","0.387096774193548","62","56","44","12","38","24"
"209","RMDQ1_v1","RMDQ3_v1","0.564705882352941","85","134","104","30","37","48"
"210","RMDQ2_v1","RMDQ3_v1","0.588888888888889","90","129","104","25","37","53"
"211","RMDQ3_v1","RMDQ3_v1","1","80","141","141","0","0","80"
"212","RMDQ4_v1","RMDQ3_v1","0.945454545454545","55","166","138","28","3","52"
"213","RMDQ5_v1","RMDQ3_v1","0.986301369863014","73","148","140","8","1","72"
"214","RMDQ6_v1","RMDQ3_v1","0.929824561403509","57","164","137","27","4","53"
"215","RMDQ7_v1","RMDQ3_v1","0.871794871794872","39","181","136","45","5","34"
"216","RMDQ8_v1","RMDQ3_v1","1","8","212","141","71","0","8"
"217","RMDQ9_v1","RMDQ3_v1","0.941176470588235","34","186","139","47","2","32"
"218","RMDQ10_v1","RMDQ3_v1","0.825","40","180","134","46","7","33"
"219","RMDQ11_v1","RMDQ3_v1","0.880952380952381","42","178","136","42","5","37"
"220","RMDQ12_v1","RMDQ3_v1","0.840909090909091","44","176","134","42","7","37"
"221","RMDQ13_v1","RMDQ3_v1","0.826086956521739","46","174","133","41","8","38"
"222","RMDQ14_v1","RMDQ3_v1","0.755102040816326","49","171","129","42","12","37"
"223","RMDQ15_v1","RMDQ3_v1","0.870967741935484","31","189","137","52","4","27"
"224","RMDQ16_v1","RMDQ3_v1","0.864864864864865","37","183","136","47","5","32"
"225","RMDQ17_v1","RMDQ3_v1","0.836734693877551","49","171","133","38","8","41"
"226","RMDQ18_v1","RMDQ3_v1","0.916666666666667","36","184","138","46","3","33"
"227","RMDQ19_v1","RMDQ3_v1","0.9375","32","188","139","49","2","30"
"228","RMDQ20_v1","RMDQ3_v1","0.868421052631579","38","182","136","46","5","33"
"229","RMDQ21_v1","RMDQ3_v1","0.854166666666667","48","172","134","38","7","41"
"230","RMDQ22_v1","RMDQ3_v1","0.973684210526316","38","182","140","42","1","37"
"231","RMDQ23_v1","RMDQ3_v1","0.891891891891892","37","183","137","46","4","33"
"232","RMDQ24_v1","RMDQ3_v1","0.942857142857143","35","185","139","46","2","33"
"233","Dor_costas","RMDQ4_v1","0.266129032258065","124","67","49","18","91","33"
"234","Dor_pernas","RMDQ4_v1","0.184615384615385","65","124","85","39","53","12"
"235","Livrar_costas","RMDQ4_v1","0.296296296296296","108","16","15","1","76","32"
"236","Livrar_perna","RMDQ4_v1","0.0714285714285714","14","110","78","32","13","1"
"237","D30","RMDQ4_v1","0.241935483870968","62","56","45","11","47","15"
"238","RMDQ1_v1","RMDQ4_v1","0.317647058823529","85","134","108","26","58","27"
"239","RMDQ2_v1","RMDQ4_v1","0.344444444444444","90","129","107","22","59","31"
"240","RMDQ3_v1","RMDQ4_v1","0.65","80","141","138","3","28","52"
"241","RMDQ4_v1","RMDQ4_v1","1","55","166","166","0","0","55"
"242","RMDQ5_v1","RMDQ4_v1","0.643835616438356","73","148","140","8","26","47"
"243","RMDQ6_v1","RMDQ4_v1","0.56140350877193","57","164","141","23","25","32"
"244","RMDQ7_v1","RMDQ4_v1","0.256410256410256","39","181","137","44","29","10"
"245","RMDQ8_v1","RMDQ4_v1","0.875","8","212","165","47","1","7"
"246","RMDQ9_v1","RMDQ4_v1","0.323529411764706","34","186","143","43","23","11"
"247","RMDQ10_v1","RMDQ4_v1","0.35","40","180","140","40","26","14"
"248","RMDQ11_v1","RMDQ4_v1","0.428571428571429","42","178","142","36","24","18"
"249","RMDQ12_v1","RMDQ4_v1","0.363636363636364","44","176","138","38","28","16"
"250","RMDQ13_v1","RMDQ4_v1","0.369565217391304","46","174","137","37","29","17"
"251","RMDQ14_v1","RMDQ4_v1","0.36734693877551","49","171","135","36","31","18"
"252","RMDQ15_v1","RMDQ4_v1","0.161290322580645","31","189","140","49","26","5"
"253","RMDQ16_v1","RMDQ4_v1","0.297297297297297","37","183","140","43","26","11"
"254","RMDQ17_v1","RMDQ4_v1","0.387755102040816","49","171","136","35","30","19"
"255","RMDQ18_v1","RMDQ4_v1","0.361111111111111","36","184","143","41","23","13"
"256","RMDQ19_v1","RMDQ4_v1","0.25","32","188","142","46","24","8"
"257","RMDQ20_v1","RMDQ4_v1","0.315789473684211","38","182","140","42","26","12"
"258","RMDQ21_v1","RMDQ4_v1","0.458333333333333","48","172","140","32","26","22"
"259","RMDQ22_v1","RMDQ4_v1","0.394736842105263","38","182","143","39","23","15"
"260","RMDQ23_v1","RMDQ4_v1","0.297297297297297","37","183","140","43","26","11"
"261","RMDQ24_v1","RMDQ4_v1","0.342857142857143","35","185","143","42","23","12"
"262","Dor_costas","RMDQ5_v1","0.346774193548387","124","67","46","21","81","43"
"263","Dor_pernas","RMDQ5_v1","0.338461538461538","65","124","82","42","43","22"
"264","Livrar_costas","RMDQ5_v1","0.351851851851852","108","16","13","3","70","38"
"265","Livrar_perna","RMDQ5_v1","0.214285714285714","14","110","72","38","11","3"
"266","D30","RMDQ5_v1","0.387096774193548","62","56","47","9","38","24"
"267","RMDQ1_v1","RMDQ5_v1","0.529411764705882","85","134","107","27","40","45"
"268","RMDQ2_v1","RMDQ5_v1","0.544444444444444","90","129","106","23","41","49"
"269","RMDQ3_v1","RMDQ5_v1","0.9","80","141","140","1","8","72"
"270","RMDQ4_v1","RMDQ5_v1","0.854545454545454","55","166","140","26","8","47"
"271","RMDQ5_v1","RMDQ5_v1","1","73","148","148","0","0","73"
"272","RMDQ6_v1","RMDQ5_v1","0.947368421052632","57","164","145","19","3","54"
"273","RMDQ7_v1","RMDQ5_v1","0.897435897435897","39","181","144","37","4","35"
"274","RMDQ8_v1","RMDQ5_v1","1","8","212","148","64","0","8"
"275","RMDQ9_v1","RMDQ5_v1","0.941176470588235","34","186","146","40","2","32"
"276","RMDQ10_v1","RMDQ5_v1","0.85","40","180","142","38","6","34"
"277","RMDQ11_v1","RMDQ5_v1","0.904761904761905","42","178","144","34","4","38"
"278","RMDQ12_v1","RMDQ5_v1","0.863636363636364","44","176","142","34","6","38"
"279","RMDQ13_v1","RMDQ5_v1","0.782608695652174","46","174","138","36","10","36"
"280","RMDQ14_v1","RMDQ5_v1","0.755102040816326","49","171","136","35","12","37"
"281","RMDQ15_v1","RMDQ5_v1","0.870967741935484","31","189","144","45","4","27"
"282","RMDQ16_v1","RMDQ5_v1","0.864864864864865","37","183","143","40","5","32"
"283","RMDQ17_v1","RMDQ5_v1","0.836734693877551","49","171","140","31","8","41"
"284","RMDQ18_v1","RMDQ5_v1","0.916666666666667","36","184","145","39","3","33"
"285","RMDQ19_v1","RMDQ5_v1","0.96875","32","188","147","41","1","31"
"286","RMDQ20_v1","RMDQ5_v1","0.894736842105263","38","182","144","38","4","34"
"287","RMDQ21_v1","RMDQ5_v1","0.875","48","172","142","30","6","42"
"288","RMDQ22_v1","RMDQ5_v1","1","38","182","148","34","0","38"
"289","RMDQ23_v1","RMDQ5_v1","0.918918918918919","37","183","145","38","3","34"
"290","RMDQ24_v1","RMDQ5_v1","0.971428571428571","35","185","147","38","1","34"
"291","Dor_costas","RMDQ6_v1","0.298387096774194","124","67","56","11","87","37"
"292","Dor_pernas","RMDQ6_v1","0.276923076923077","65","124","94","30","47","18"
"293","Livrar_costas","RMDQ6_v1","0.277777777777778","108","16","13","3","78","30"
"294","Livrar_perna","RMDQ6_v1","0.214285714285714","14","110","80","30","11","3"
"295","D30","RMDQ6_v1","0.32258064516129","62","56","47","9","42","20"
"296","RMDQ1_v1","RMDQ6_v1","0.352941176470588","85","134","108","26","55","30"
"297","RMDQ2_v1","RMDQ6_v1","0.344444444444444","90","129","104","25","59","31"
"298","RMDQ3_v1","RMDQ6_v1","0.6625","80","141","137","4","27","53"
"299","RMDQ4_v1","RMDQ6_v1","0.581818181818182","55","166","141","25","23","32"
"300","RMDQ5_v1","RMDQ6_v1","0.73972602739726","73","148","145","3","19","54"
"301","RMDQ6_v1","RMDQ6_v1","1","57","164","164","0","0","57"
"302","RMDQ7_v1","RMDQ6_v1","0.846153846153846","39","181","158","23","6","33"
"303","RMDQ8_v1","RMDQ6_v1","0.875","8","212","163","49","1","7"
"304","RMDQ9_v1","RMDQ6_v1","0.970588235294118","34","186","163","23","1","33"
"305","RMDQ10_v1","RMDQ6_v1","0.875","40","180","159","21","5","35"
"306","RMDQ11_v1","RMDQ6_v1","0.928571428571429","42","178","161","17","3","39"
"307","RMDQ12_v1","RMDQ6_v1","0.886363636363636","44","176","159","17","5","39"
"308","RMDQ13_v1","RMDQ6_v1","0.804347826086957","46","174","155","19","9","37"
"309","RMDQ14_v1","RMDQ6_v1","0.693877551020408","49","171","149","22","15","34"
"310","RMDQ15_v1","RMDQ6_v1","0.870967741935484","31","189","160","29","4","27"
"311","RMDQ16_v1","RMDQ6_v1","0.891891891891892","37","183","160","23","4","33"
"312","RMDQ17_v1","RMDQ6_v1","0.795918367346939","49","171","154","17","10","39"
"313","RMDQ18_v1","RMDQ6_v1","0.916666666666667","36","184","161","23","3","33"
"314","RMDQ19_v1","RMDQ6_v1","0.96875","32","188","163","25","1","31"
"315","RMDQ20_v1","RMDQ6_v1","0.973684210526316","38","182","163","19","1","37"
"316","RMDQ21_v1","RMDQ6_v1","0.729166666666667","48","172","151","21","13","35"
"317","RMDQ22_v1","RMDQ6_v1","1","38","182","164","18","0","38"
"318","RMDQ23_v1","RMDQ6_v1","0.918918918918919","37","183","161","22","3","34"
"319","RMDQ24_v1","RMDQ6_v1","1","35","185","164","21","0","35"
"320","Dor_costas","RMDQ7_v1","0.227642276422764","123","67","61","6","95","28"
"321","Dor_pernas","RMDQ7_v1","0.230769230769231","65","123","104","19","50","15"
"322","Livrar_costas","RMDQ7_v1","0.224299065420561","107","16","14","2","83","24"
"323","Livrar_perna","RMDQ7_v1","0.142857142857143","14","109","85","24","12","2"
"324","D30","RMDQ7_v1","0.213114754098361","61","56","49","7","48","13"
"325","RMDQ1_v1","RMDQ7_v1","0.388235294117647","85","134","128","6","52","33"
"326","RMDQ2_v1","RMDQ7_v1","0.388888888888889","90","129","125","4","55","35"
"327","RMDQ3_v1","RMDQ7_v1","0.430379746835443","79","141","136","5","45","34"
"328","RMDQ4_v1","RMDQ7_v1","0.185185185185185","54","166","137","29","44","10"
"329","RMDQ5_v1","RMDQ7_v1","0.486111111111111","72","148","144","4","37","35"
"330","RMDQ6_v1","RMDQ7_v1","0.589285714285714","56","164","158","6","23","33"
"331","RMDQ7_v1","RMDQ7_v1","1","39","181","181","0","0","39"
"332","RMDQ8_v1","RMDQ7_v1","1","8","212","181","31","0","8"
"333","RMDQ9_v1","RMDQ7_v1","0.970588235294118","34","186","180","6","1","33"
"334","RMDQ10_v1","RMDQ7_v1","0.825","40","180","174","6","7","33"
"335","RMDQ11_v1","RMDQ7_v1","0.785714285714286","42","178","172","6","9","33"
"336","RMDQ12_v1","RMDQ7_v1","0.818181818181818","44","176","173","3","8","36"
"337","RMDQ13_v1","RMDQ7_v1","0.717391304347826","46","174","168","6","13","33"
"338","RMDQ14_v1","RMDQ7_v1","0.714285714285714","49","171","167","4","14","35"
"339","RMDQ15_v1","RMDQ7_v1","0.870967741935484","31","189","177","12","4","27"
"340","RMDQ16_v1","RMDQ7_v1","0.864864864864865","37","183","176","7","5","32"
"341","RMDQ17_v1","RMDQ7_v1","0.63265306122449","49","171","163","8","18","31"
"342","RMDQ18_v1","RMDQ7_v1","0.861111111111111","36","184","176","8","5","31"
"343","RMDQ19_v1","RMDQ7_v1","0.96875","32","188","180","8","1","31"
"344","RMDQ20_v1","RMDQ7_v1","0.868421052631579","38","182","176","6","5","33"
"345","RMDQ21_v1","RMDQ7_v1","0.6875","48","172","166","6","15","33"
"346","RMDQ22_v1","RMDQ7_v1","0.842105263157895","38","182","175","7","6","32"
"347","RMDQ23_v1","RMDQ7_v1","0.864864864864865","37","183","176","7","5","32"
"348","RMDQ24_v1","RMDQ7_v1","0.942857142857143","35","185","179","6","2","33"
"349","Dor_costas","RMDQ8_v1","0.0569105691056911","123","67","66","1","116","7"
"350","Dor_pernas","RMDQ8_v1","0.0461538461538462","65","123","118","5","62","3"
"351","Livrar_costas","RMDQ8_v1","0.0654205607476635","107","16","16","0","100","7"
"352","Livrar_perna","RMDQ8_v1","0","14","109","102","7","14","0"
"353","D30","RMDQ8_v1","0.0491803278688525","61","56","55","1","58","3"
"354","RMDQ1_v1","RMDQ8_v1","0.0470588235294118","85","134","130","4","81","4"
"355","RMDQ2_v1","RMDQ8_v1","0.0555555555555556","90","129","126","3","85","5"
"356","RMDQ3_v1","RMDQ8_v1","0.10126582278481","79","141","141","0","71","8"
"357","RMDQ4_v1","RMDQ8_v1","0.12962962962963","54","166","165","1","47","7"
"358","RMDQ5_v1","RMDQ8_v1","0.111111111111111","72","148","148","0","64","8"
"359","RMDQ6_v1","RMDQ8_v1","0.125","56","164","163","1","49","7"
"360","RMDQ7_v1","RMDQ8_v1","0.205128205128205","39","181","181","0","31","8"
"361","RMDQ8_v1","RMDQ8_v1","1","8","212","212","0","0","8"
"362","RMDQ9_v1","RMDQ8_v1","0.205882352941176","34","186","185","1","27","7"
"363","RMDQ10_v1","RMDQ8_v1","0.175","40","180","179","1","33","7"
"364","RMDQ11_v1","RMDQ8_v1","0.166666666666667","42","178","177","1","35","7"
"365","RMDQ12_v1","RMDQ8_v1","0.159090909090909","44","176","175","1","37","7"
"366","RMDQ13_v1","RMDQ8_v1","0.152173913043478","46","174","173","1","39","7"
"367","RMDQ14_v1","RMDQ8_v1","0.142857142857143","49","171","170","1","42","7"
"368","RMDQ15_v1","RMDQ8_v1","0.129032258064516","31","189","185","4","27","4"
"369","RMDQ16_v1","RMDQ8_v1","0.189189189189189","37","183","182","1","30","7"
"370","RMDQ17_v1","RMDQ8_v1","0.142857142857143","49","171","170","1","42","7"
"371","RMDQ18_v1","RMDQ8_v1","0.194444444444444","36","184","183","1","29","7"
"372","RMDQ19_v1","RMDQ8_v1","0.21875","32","188","187","1","25","7"
"373","RMDQ20_v1","RMDQ8_v1","0.184210526315789","38","182","181","1","31","7"
"374","RMDQ21_v1","RMDQ8_v1","0.145833333333333","48","172","171","1","41","7"
"375","RMDQ22_v1","RMDQ8_v1","0.184210526315789","38","182","181","1","31","7"
"376","RMDQ23_v1","RMDQ8_v1","0.189189189189189","37","183","182","1","30","7"
"377","RMDQ24_v1","RMDQ8_v1","0.2","35","185","184","1","28","7"
"378","Dor_costas","RMDQ9_v1","0.195121951219512","123","67","62","5","99","24"
"379","Dor_pernas","RMDQ9_v1","0.215384615384615","65","123","108","15","51","14"
"380","Livrar_costas","RMDQ9_v1","0.186915887850467","107","16","14","2","87","20"
"381","Livrar_perna","RMDQ9_v1","0.142857142857143","14","109","89","20","12","2"
"382","D30","RMDQ9_v1","0.19672131147541","61","56","50","6","49","12"
"383","RMDQ1_v1","RMDQ9_v1","0.364705882352941","85","134","131","3","54","31"
"384","RMDQ2_v1","RMDQ9_v1","0.333333333333333","90","129","125","4","60","30"
"385","RMDQ3_v1","RMDQ9_v1","0.40506329113924","79","141","139","2","47","32"
"386","RMDQ4_v1","RMDQ9_v1","0.203703703703704","54","166","143","23","43","11"
"387","RMDQ5_v1","RMDQ9_v1","0.444444444444444","72","148","146","2","40","32"
"388","RMDQ6_v1","RMDQ9_v1","0.589285714285714","56","164","163","1","23","33"
"389","RMDQ7_v1","RMDQ9_v1","0.846153846153846","39","181","180","1","6","33"
"390","RMDQ8_v1","RMDQ9_v1","0.875","8","212","185","27","1","7"
"391","RMDQ9_v1","RMDQ9_v1","1","34","186","186","0","0","34"
"392","RMDQ10_v1","RMDQ9_v1","0.825","40","180","179","1","7","33"
"393","RMDQ11_v1","RMDQ9_v1","0.785714285714286","42","178","177","1","9","33"
"394","RMDQ12_v1","RMDQ9_v1","0.75","44","176","175","1","11","33"
"395","RMDQ13_v1","RMDQ9_v1","0.717391304347826","46","174","173","1","13","33"
"396","RMDQ14_v1","RMDQ9_v1","0.653061224489796","49","171","169","2","17","32"
"397","RMDQ15_v1","RMDQ9_v1","0.870967741935484","31","189","182","7","4","27"
"398","RMDQ16_v1","RMDQ9_v1","0.864864864864865","37","183","181","2","5","32"
"399","RMDQ17_v1","RMDQ9_v1","0.63265306122449","49","171","168","3","18","31"
"400","RMDQ18_v1","RMDQ9_v1","0.861111111111111","36","184","181","3","5","31"
"401","RMDQ19_v1","RMDQ9_v1","0.96875","32","188","185","3","1","31"
"402","RMDQ20_v1","RMDQ9_v1","0.868421052631579","38","182","181","1","5","33"
"403","RMDQ21_v1","RMDQ9_v1","0.6875","48","172","171","1","15","33"
"404","RMDQ22_v1","RMDQ9_v1","0.842105263157895","38","182","180","2","6","32"
"405","RMDQ23_v1","RMDQ9_v1","0.864864864864865","37","183","181","2","5","32"
"406","RMDQ24_v1","RMDQ9_v1","0.942857142857143","35","185","184","1","2","33"
"407","Dor_costas","RMDQ10_v1","0.235772357723577","123","67","61","6","94","29"
"408","Dor_pernas","RMDQ10_v1","0.230769230769231","65","123","103","20","50","15"
"409","Livrar_costas","RMDQ10_v1","0.233644859813084","107","16","14","2","82","25"
"410","Livrar_perna","RMDQ10_v1","0.142857142857143","14","109","84","25","12","2"
"411","D30","RMDQ10_v1","0.245901639344262","61","56","49","7","46","15"
"412","RMDQ1_v1","RMDQ10_v1","0.352941176470588","85","134","124","10","55","30"
"413","RMDQ2_v1","RMDQ10_v1","0.366666666666667","90","129","122","7","57","33"
"414","RMDQ3_v1","RMDQ10_v1","0.417721518987342","79","141","134","7","46","33"
"415","RMDQ4_v1","RMDQ10_v1","0.259259259259259","54","166","140","26","40","14"
"416","RMDQ5_v1","RMDQ10_v1","0.472222222222222","72","148","142","6","38","34"
"417","RMDQ6_v1","RMDQ10_v1","0.625","56","164","159","5","21","35"
"418","RMDQ7_v1","RMDQ10_v1","0.846153846153846","39","181","174","7","6","33"
"419","RMDQ8_v1","RMDQ10_v1","0.875","8","212","179","33","1","7"
"420","RMDQ9_v1","RMDQ10_v1","0.970588235294118","34","186","179","7","1","33"
"421","RMDQ10_v1","RMDQ10_v1","1","40","180","180","0","0","40"
"422","RMDQ11_v1","RMDQ10_v1","0.880952380952381","42","178","175","3","5","37"
"423","RMDQ12_v1","RMDQ10_v1","0.795454545454545","44","176","171","5","9","35"
"424","RMDQ13_v1","RMDQ10_v1","0.717391304347826","46","174","167","7","13","33"
"425","RMDQ14_v1","RMDQ10_v1","0.73469387755102","49","171","167","4","13","36"
"426","RMDQ15_v1","RMDQ10_v1","0.870967741935484","31","189","176","13","4","27"
"427","RMDQ16_v1","RMDQ10_v1","0.864864864864865","37","183","175","8","5","32"
"428","RMDQ17_v1","RMDQ10_v1","0.673469387755102","49","171","164","7","16","33"
"429","RMDQ18_v1","RMDQ10_v1","0.972222222222222","36","184","179","5","1","35"
"430","RMDQ19_v1","RMDQ10_v1","0.96875","32","188","179","9","1","31"
"431","RMDQ20_v1","RMDQ10_v1","0.921052631578947","38","182","177","5","3","35"
"432","RMDQ21_v1","RMDQ10_v1","0.770833333333333","48","172","169","3","11","37"
"433","RMDQ22_v1","RMDQ10_v1","0.894736842105263","38","182","176","6","4","34"
"434","RMDQ23_v1","RMDQ10_v1","1","37","183","180","3","0","37"
"435","RMDQ24_v1","RMDQ10_v1","1","35","185","180","5","0","35"
"436","Dor_costas","RMDQ11_v1","0.235772357723577","123","67","61","6","94","29"
"437","Dor_pernas","RMDQ11_v1","0.246153846153846","65","123","104","19","49","16"
"438","Livrar_costas","RMDQ11_v1","0.233644859813084","107","16","14","2","82","25"
"439","Livrar_perna","RMDQ11_v1","0.142857142857143","14","109","84","25","12","2"
"440","D30","RMDQ11_v1","0.245901639344262","61","56","48","8","46","15"
"441","RMDQ1_v1","RMDQ11_v1","0.352941176470588","85","134","122","12","55","30"
"442","RMDQ2_v1","RMDQ11_v1","0.366666666666667","90","129","120","9","57","33"
"443","RMDQ3_v1","RMDQ11_v1","0.468354430379747","79","141","136","5","42","37"
"444","RMDQ4_v1","RMDQ11_v1","0.333333333333333","54","166","142","24","36","18"
"445","RMDQ5_v1","RMDQ11_v1","0.527777777777778","72","148","144","4","34","38"
"446","RMDQ6_v1","RMDQ11_v1","0.696428571428571","56","164","161","3","17","39"
"447","RMDQ7_v1","RMDQ11_v1","0.846153846153846","39","181","172","9","6","33"
"448","RMDQ8_v1","RMDQ11_v1","0.875","8","212","177","35","1","7"
"449","RMDQ9_v1","RMDQ11_v1","0.970588235294118","34","186","177","9","1","33"
"450","RMDQ10_v1","RMDQ11_v1","0.925","40","180","175","5","3","37"
"451","RMDQ11_v1","RMDQ11_v1","1","42","178","178","0","0","42"
"452","RMDQ12_v1","RMDQ11_v1","0.795454545454545","44","176","169","7","9","35"
"453","RMDQ13_v1","RMDQ11_v1","0.717391304347826","46","174","165","9","13","33"
"454","RMDQ14_v1","RMDQ11_v1","0.73469387755102","49","171","165","6","13","36"
"455","RMDQ15_v1","RMDQ11_v1","0.870967741935484","31","189","174","15","4","27"
"456","RMDQ16_v1","RMDQ11_v1","0.864864864864865","37","183","173","10","5","32"
"457","RMDQ17_v1","RMDQ11_v1","0.673469387755102","49","171","162","9","16","33"
"458","RMDQ18_v1","RMDQ11_v1","0.972222222222222","36","184","177","7","1","35"
"459","RMDQ19_v1","RMDQ11_v1","0.96875","32","188","177","11","1","31"
"460","RMDQ20_v1","RMDQ11_v1","0.921052631578947","38","182","175","7","3","35"
"461","RMDQ21_v1","RMDQ11_v1","0.770833333333333","48","172","167","5","11","37"
"462","RMDQ22_v1","RMDQ11_v1","0.894736842105263","38","182","174","8","4","34"
"463","RMDQ23_v1","RMDQ11_v1","0.918918918918919","37","183","175","8","3","34"
"464","RMDQ24_v1","RMDQ11_v1","1","35","185","178","7","0","35"
"465","Dor_costas","RMDQ12_v1","0.252032520325203","123","67","59","8","92","31"
"466","Dor_pernas","RMDQ12_v1","0.230769230769231","65","123","99","24","50","15"
"467","Livrar_costas","RMDQ12_v1","0.252336448598131","107","16","14","2","80","27"
"468","Livrar_perna","RMDQ12_v1","0.142857142857143","14","109","82","27","12","2"
"469","D30","RMDQ12_v1","0.229508196721311","61","56","48","8","47","14"
"470","RMDQ1_v1","RMDQ12_v1","0.388235294117647","85","134","123","11","52","33"
"471","RMDQ2_v1","RMDQ12_v1","0.377777777777778","90","129","119","10","56","34"
"472","RMDQ3_v1","RMDQ12_v1","0.468354430379747","79","141","134","7","42","37"
"473","RMDQ4_v1","RMDQ12_v1","0.296296296296296","54","166","138","28","38","16"
"474","RMDQ5_v1","RMDQ12_v1","0.527777777777778","72","148","142","6","34","38"
"475","RMDQ6_v1","RMDQ12_v1","0.696428571428571","56","164","159","5","17","39"
"476","RMDQ7_v1","RMDQ12_v1","0.923076923076923","39","181","173","8","3","36"
"477","RMDQ8_v1","RMDQ12_v1","0.875","8","212","175","37","1","7"
"478","RMDQ9_v1","RMDQ12_v1","0.970588235294118","34","186","175","11","1","33"
"479","RMDQ10_v1","RMDQ12_v1","0.875","40","180","171","9","5","35"
"480","RMDQ11_v1","RMDQ12_v1","0.833333333333333","42","178","169","9","7","35"
"481","RMDQ12_v1","RMDQ12_v1","1","44","176","176","0","0","44"
"482","RMDQ13_v1","RMDQ12_v1","0.804347826086957","46","174","167","7","9","37"
"483","RMDQ14_v1","RMDQ12_v1","0.755102040816326","49","171","164","7","12","37"
"484","RMDQ15_v1","RMDQ12_v1","0.935483870967742","31","189","174","15","2","29"
"485","RMDQ16_v1","RMDQ12_v1","0.864864864864865","37","183","171","12","5","32"
"486","RMDQ17_v1","RMDQ12_v1","0.673469387755102","49","171","160","11","16","33"
"487","RMDQ18_v1","RMDQ12_v1","0.916666666666667","36","184","173","11","3","33"
"488","RMDQ19_v1","RMDQ12_v1","0.96875","32","188","175","13","1","31"
"489","RMDQ20_v1","RMDQ12_v1","0.921052631578947","38","182","173","9","3","35"
"490","RMDQ21_v1","RMDQ12_v1","0.729166666666667","48","172","163","9","13","35"
"491","RMDQ22_v1","RMDQ12_v1","0.894736842105263","38","182","172","10","4","34"
"492","RMDQ23_v1","RMDQ12_v1","0.918918918918919","37","183","173","10","3","34"
"493","RMDQ24_v1","RMDQ12_v1","1","35","185","176","9","0","35"
"494","Dor_costas","RMDQ13_v1","0.24390243902439","123","67","57","10","93","30"
"495","Dor_pernas","RMDQ13_v1","0.215384615384615","65","123","97","26","51","14"
"496","Livrar_costas","RMDQ13_v1","0.242990654205607","107","16","14","2","81","26"
"497","Livrar_perna","RMDQ13_v1","0.142857142857143","14","109","83","26","12","2"
"498","D30","RMDQ13_v1","0.229508196721311","61","56","48","8","47","14"
"499","RMDQ1_v1","RMDQ13_v1","0.388235294117647","85","134","121","13","52","33"
"500","RMDQ2_v1","RMDQ13_v1","0.355555555555556","90","129","115","14","58","32"
"501","RMDQ3_v1","RMDQ13_v1","0.481012658227848","79","141","133","8","41","38"
"502","RMDQ4_v1","RMDQ13_v1","0.314814814814815","54","166","137","29","37","17"
"503","RMDQ5_v1","RMDQ13_v1","0.5","72","148","138","10","36","36"
"504","RMDQ6_v1","RMDQ13_v1","0.660714285714286","56","164","155","9","19","37"
"505","RMDQ7_v1","RMDQ13_v1","0.846153846153846","39","181","168","13","6","33"
"506","RMDQ8_v1","RMDQ13_v1","0.875","8","212","173","39","1","7"
"507","RMDQ9_v1","RMDQ13_v1","0.970588235294118","34","186","173","13","1","33"
"508","RMDQ10_v1","RMDQ13_v1","0.825","40","180","167","13","7","33"
"509","RMDQ11_v1","RMDQ13_v1","0.785714285714286","42","178","165","13","9","33"
"510","RMDQ12_v1","RMDQ13_v1","0.840909090909091","44","176","167","9","7","37"
"511","RMDQ13_v1","RMDQ13_v1","1","46","174","174","0","0","46"
"512","RMDQ14_v1","RMDQ13_v1","0.653061224489796","49","171","157","14","17","32"
"513","RMDQ15_v1","RMDQ13_v1","0.870967741935484","31","189","170","19","4","27"
"514","RMDQ16_v1","RMDQ13_v1","0.945945945945946","37","183","172","11","2","35"
"515","RMDQ17_v1","RMDQ13_v1","0.693877551020408","49","171","159","12","15","34"
"516","RMDQ18_v1","RMDQ13_v1","0.861111111111111","36","184","169","15","5","31"
"517","RMDQ19_v1","RMDQ13_v1","0.96875","32","188","173","15","1","31"
"518","RMDQ20_v1","RMDQ13_v1","0.868421052631579","38","182","169","13","5","33"
"519","RMDQ21_v1","RMDQ13_v1","0.6875","48","172","159","13","15","33"
"520","RMDQ22_v1","RMDQ13_v1","0.842105263157895","38","182","168","14","6","32"
"521","RMDQ23_v1","RMDQ13_v1","0.864864864864865","37","183","169","14","5","32"
"522","RMDQ24_v1","RMDQ13_v1","0.942857142857143","35","185","172","13","2","33"
"523","Dor_costas","RMDQ14_v1","0.284552845528455","123","67","59","8","88","35"
"524","Dor_pernas","RMDQ14_v1","0.230769230769231","65","123","96","27","50","15"
"525","Livrar_costas","RMDQ14_v1","0.271028037383178","107","16","13","3","78","29"
"526","Livrar_perna","RMDQ14_v1","0.142857142857143","14","109","79","30","12","2"
"527","D30","RMDQ14_v1","0.278688524590164","61","56","48","8","44","17"
"528","RMDQ1_v1","RMDQ14_v1","0.482352941176471","85","134","126","8","44","41"
"529","RMDQ2_v1","RMDQ14_v1","0.5","90","129","125","4","45","45"
"530","RMDQ3_v1","RMDQ14_v1","0.468354430379747","79","141","129","12","42","37"
"531","RMDQ4_v1","RMDQ14_v1","0.333333333333333","54","166","135","31","36","18"
"532","RMDQ5_v1","RMDQ14_v1","0.513888888888889","72","148","136","12","35","37"
"533","RMDQ6_v1","RMDQ14_v1","0.607142857142857","56","164","149","15","22","34"
"534","RMDQ7_v1","RMDQ14_v1","0.897435897435897","39","181","167","14","4","35"
"535","RMDQ8_v1","RMDQ14_v1","0.875","8","212","170","42","1","7"
"536","RMDQ9_v1","RMDQ14_v1","0.941176470588235","34","186","169","17","2","32"
"537","RMDQ10_v1","RMDQ14_v1","0.9","40","180","167","13","4","36"
"538","RMDQ11_v1","RMDQ14_v1","0.857142857142857","42","178","165","13","6","36"
"539","RMDQ12_v1","RMDQ14_v1","0.840909090909091","44","176","164","12","7","37"
"540","RMDQ13_v1","RMDQ14_v1","0.695652173913043","46","174","157","17","14","32"
"541","RMDQ14_v1","RMDQ14_v1","1","49","171","171","0","0","49"
"542","RMDQ15_v1","RMDQ14_v1","0.935483870967742","31","189","169","20","2","29"
"543","RMDQ16_v1","RMDQ14_v1","0.864864864864865","37","183","166","17","5","32"
"544","RMDQ17_v1","RMDQ14_v1","0.673469387755102","49","171","155","16","16","33"
"545","RMDQ18_v1","RMDQ14_v1","0.972222222222222","36","184","170","14","1","35"
"546","RMDQ19_v1","RMDQ14_v1","0.9375","32","188","169","19","2","30"
"547","RMDQ20_v1","RMDQ14_v1","0.894736842105263","38","182","167","15","4","34"
"548","RMDQ21_v1","RMDQ14_v1","0.75","48","172","159","13","12","36"
"549","RMDQ22_v1","RMDQ14_v1","0.868421052631579","38","182","166","16","5","33"
"550","RMDQ23_v1","RMDQ14_v1","0.891891891891892","37","183","167","16","4","33"
"551","RMDQ24_v1","RMDQ14_v1","0.971428571428571","35","185","170","15","1","34"
"552","Dor_costas","RMDQ15_v1","0.170731707317073","123","67","62","5","102","21"
"553","Dor_pernas","RMDQ15_v1","0.169230769230769","65","123","109","14","54","11"
"554","Livrar_costas","RMDQ15_v1","0.14018691588785","107","16","13","3","92","15"
"555","Livrar_perna","RMDQ15_v1","0.142857142857143","14","109","93","16","12","2"
"556","D30","RMDQ15_v1","0.163934426229508","61","56","51","5","51","10"
"557","RMDQ1_v1","RMDQ15_v1","0.341176470588235","85","134","132","2","56","29"
"558","RMDQ2_v1","RMDQ15_v1","0.322222222222222","90","129","127","2","61","29"
"559","RMDQ3_v1","RMDQ15_v1","0.341772151898734","79","141","137","4","52","27"
"560","RMDQ4_v1","RMDQ15_v1","0.0925925925925926","54","166","140","26","49","5"
"561","RMDQ5_v1","RMDQ15_v1","0.375","72","148","144","4","45","27"
"562","RMDQ6_v1","RMDQ15_v1","0.482142857142857","56","164","160","4","29","27"
"563","RMDQ7_v1","RMDQ15_v1","0.692307692307692","39","181","177","4","12","27"
"564","RMDQ8_v1","RMDQ15_v1","0.5","8","212","185","27","4","4"
"565","RMDQ9_v1","RMDQ15_v1","0.794117647058823","34","186","182","4","7","27"
"566","RMDQ10_v1","RMDQ15_v1","0.675","40","180","176","4","13","27"
"567","RMDQ11_v1","RMDQ15_v1","0.642857142857143","42","178","174","4","15","27"
"568","RMDQ12_v1","RMDQ15_v1","0.659090909090909","44","176","174","2","15","29"
"569","RMDQ13_v1","RMDQ15_v1","0.58695652173913","46","174","170","4","19","27"
"570","RMDQ14_v1","RMDQ15_v1","0.591836734693878","49","171","169","2","20","29"
"571","RMDQ15_v1","RMDQ15_v1","1","31","189","189","0","0","31"
"572","RMDQ16_v1","RMDQ15_v1","0.72972972972973","37","183","179","4","10","27"
"573","RMDQ17_v1","RMDQ15_v1","0.551020408163265","49","171","167","4","22","27"
"574","RMDQ18_v1","RMDQ15_v1","0.75","36","184","180","4","9","27"
"575","RMDQ19_v1","RMDQ15_v1","0.84375","32","188","184","4","5","27"
"576","RMDQ20_v1","RMDQ15_v1","0.710526315789474","38","182","178","4","11","27"
"577","RMDQ21_v1","RMDQ15_v1","0.5625","48","172","168","4","21","27"
"578","RMDQ22_v1","RMDQ15_v1","0.710526315789474","38","182","178","4","11","27"
"579","RMDQ23_v1","RMDQ15_v1","0.72972972972973","37","183","179","4","10","27"
"580","RMDQ24_v1","RMDQ15_v1","0.771428571428571","35","185","181","4","8","27"
"581","Dor_costas","RMDQ16_v1","0.219512195121951","123","67","62","5","96","27"
"582","Dor_pernas","RMDQ16_v1","0.184615384615385","65","123","103","20","53","12"
"583","Livrar_costas","RMDQ16_v1","0.196261682242991","107","16","14","2","86","21"
"584","Livrar_perna","RMDQ16_v1","0.142857142857143","14","109","88","21","12","2"
"585","D30","RMDQ16_v1","0.213114754098361","61","56","50","6","48","13"
"586","RMDQ1_v1","RMDQ16_v1","0.352941176470588","85","134","127","7","55","30"
"587","RMDQ2_v1","RMDQ16_v1","0.333333333333333","90","129","122","7","60","30"
"588","RMDQ3_v1","RMDQ16_v1","0.40506329113924","79","141","136","5","47","32"
"589","RMDQ4_v1","RMDQ16_v1","0.203703703703704","54","166","140","26","43","11"
"590","RMDQ5_v1","RMDQ16_v1","0.444444444444444","72","148","143","5","40","32"
"591","RMDQ6_v1","RMDQ16_v1","0.589285714285714","56","164","160","4","23","33"
"592","RMDQ7_v1","RMDQ16_v1","0.82051282051282","39","181","176","5","7","32"
"593","RMDQ8_v1","RMDQ16_v1","0.875","8","212","182","30","1","7"
"594","RMDQ9_v1","RMDQ16_v1","0.941176470588235","34","186","181","5","2","32"
"595","RMDQ10_v1","RMDQ16_v1","0.8","40","180","175","5","8","32"
"596","RMDQ11_v1","RMDQ16_v1","0.761904761904762","42","178","173","5","10","32"
"597","RMDQ12_v1","RMDQ16_v1","0.727272727272727","44","176","171","5","12","32"
"598","RMDQ13_v1","RMDQ16_v1","0.760869565217391","46","174","172","2","11","35"
"599","RMDQ14_v1","RMDQ16_v1","0.653061224489796","49","171","166","5","17","32"
"600","RMDQ15_v1","RMDQ16_v1","0.870967741935484","31","189","179","10","4","27"
"601","RMDQ16_v1","RMDQ16_v1","1","37","183","183","0","0","37"
"602","RMDQ17_v1","RMDQ16_v1","0.693877551020408","49","171","168","3","15","34"
"603","RMDQ18_v1","RMDQ16_v1","0.861111111111111","36","184","178","6","5","31"
"604","RMDQ19_v1","RMDQ16_v1","0.9375","32","188","181","7","2","30"
"605","RMDQ20_v1","RMDQ16_v1","0.868421052631579","38","182","178","4","5","33"
"606","RMDQ21_v1","RMDQ16_v1","0.666666666666667","48","172","167","5","16","32"
"607","RMDQ22_v1","RMDQ16_v1","0.815789473684211","38","182","176","6","7","31"
"608","RMDQ23_v1","RMDQ16_v1","0.837837837837838","37","183","177","6","6","31"
"609","RMDQ24_v1","RMDQ16_v1","0.914285714285714","35","185","180","5","3","32"
"610","Dor_costas","RMDQ17_v1","0.252032520325203","123","67","56","11","92","31"
"611","Dor_pernas","RMDQ17_v1","0.215384615384615","65","123","95","28","51","14"
"612","Livrar_costas","RMDQ17_v1","0.224299065420561","107","16","14","2","83","24"
"613","Livrar_perna","RMDQ17_v1","0.142857142857143","14","109","85","24","12","2"
"614","D30","RMDQ17_v1","0.213114754098361","61","56","47","9","48","13"
"615","RMDQ1_v1","RMDQ17_v1","0.411764705882353","85","134","120","14","50","35"
"616","RMDQ2_v1","RMDQ17_v1","0.411111111111111","90","129","117","12","53","37"
"617","RMDQ3_v1","RMDQ17_v1","0.518987341772152","79","141","133","8","38","41"
"618","RMDQ4_v1","RMDQ17_v1","0.351851851851852","54","166","136","30","35","19"
"619","RMDQ5_v1","RMDQ17_v1","0.569444444444444","72","148","140","8","31","41"
"620","RMDQ6_v1","RMDQ17_v1","0.696428571428571","56","164","154","10","17","39"
"621","RMDQ7_v1","RMDQ17_v1","0.794871794871795","39","181","163","18","8","31"
"622","RMDQ8_v1","RMDQ17_v1","0.875","8","212","170","42","1","7"
"623","RMDQ9_v1","RMDQ17_v1","0.911764705882353","34","186","168","18","3","31"
"624","RMDQ10_v1","RMDQ17_v1","0.825","40","180","164","16","7","33"
"625","RMDQ11_v1","RMDQ17_v1","0.785714285714286","42","178","162","16","9","33"
"626","RMDQ12_v1","RMDQ17_v1","0.75","44","176","160","16","11","33"
"627","RMDQ13_v1","RMDQ17_v1","0.739130434782609","46","174","159","15","12","34"
"628","RMDQ14_v1","RMDQ17_v1","0.673469387755102","49","171","155","16","16","33"
"629","RMDQ15_v1","RMDQ17_v1","0.870967741935484","31","189","167","22","4","27"
"630","RMDQ16_v1","RMDQ17_v1","0.918918918918919","37","183","168","15","3","34"
"631","RMDQ17_v1","RMDQ17_v1","1","49","171","171","0","0","49"
"632","RMDQ18_v1","RMDQ17_v1","0.916666666666667","36","184","168","16","3","33"
"633","RMDQ19_v1","RMDQ17_v1","0.9375","32","188","169","19","2","30"
"634","RMDQ20_v1","RMDQ17_v1","0.921052631578947","38","182","168","14","3","35"
"635","RMDQ21_v1","RMDQ17_v1","0.75","48","172","159","13","12","36"
"636","RMDQ22_v1","RMDQ17_v1","0.868421052631579","38","182","166","16","5","33"
"637","RMDQ23_v1","RMDQ17_v1","0.891891891891892","37","183","167","16","4","33"
"638","RMDQ24_v1","RMDQ17_v1","0.942857142857143","35","185","169","16","2","33"
"639","Dor_costas","RMDQ18_v1","0.219512195121951","123","67","63","4","96","27"
"640","Dor_pernas","RMDQ18_v1","0.215384615384615","65","123","106","17","51","14"
"641","Livrar_costas","RMDQ18_v1","0.196261682242991","107","16","13","3","86","21"
"642","Livrar_perna","RMDQ18_v1","0.214285714285714","14","109","88","21","11","3"
"643","D30","RMDQ18_v1","0.229508196721311","61","56","50","6","47","14"
"644","RMDQ1_v1","RMDQ18_v1","0.329411764705882","85","134","126","8","57","28"
"645","RMDQ2_v1","RMDQ18_v1","0.355555555555556","90","129","125","4","58","32"
"646","RMDQ3_v1","RMDQ18_v1","0.417721518987342","79","141","138","3","46","33"
"647","RMDQ4_v1","RMDQ18_v1","0.240740740740741","54","166","143","23","41","13"
"648","RMDQ5_v1","RMDQ18_v1","0.458333333333333","72","148","145","3","39","33"
"649","RMDQ6_v1","RMDQ18_v1","0.589285714285714","56","164","161","3","23","33"
"650","RMDQ7_v1","RMDQ18_v1","0.794871794871795","39","181","176","5","8","31"
"651","RMDQ8_v1","RMDQ18_v1","0.875","8","212","183","29","1","7"
"652","RMDQ9_v1","RMDQ18_v1","0.911764705882353","34","186","181","5","3","31"
"653","RMDQ10_v1","RMDQ18_v1","0.875","40","180","179","1","5","35"
"654","RMDQ11_v1","RMDQ18_v1","0.833333333333333","42","178","177","1","7","35"
"655","RMDQ12_v1","RMDQ18_v1","0.75","44","176","173","3","11","33"
"656","RMDQ13_v1","RMDQ18_v1","0.673913043478261","46","174","169","5","15","31"
"657","RMDQ14_v1","RMDQ18_v1","0.714285714285714","49","171","170","1","14","35"
"658","RMDQ15_v1","RMDQ18_v1","0.870967741935484","31","189","180","9","4","27"
"659","RMDQ16_v1","RMDQ18_v1","0.837837837837838","37","183","178","5","6","31"
"660","RMDQ17_v1","RMDQ18_v1","0.673469387755102","49","171","168","3","16","33"
"661","RMDQ18_v1","RMDQ18_v1","1","36","184","184","0","0","36"
"662","RMDQ19_v1","RMDQ18_v1","0.9375","32","188","182","6","2","30"
"663","RMDQ20_v1","RMDQ18_v1","0.868421052631579","38","182","179","3","5","33"
"664","RMDQ21_v1","RMDQ18_v1","0.729166666666667","48","172","171","1","13","35"
"665","RMDQ22_v1","RMDQ18_v1","0.868421052631579","38","182","179","3","5","33"
"666","RMDQ23_v1","RMDQ18_v1","0.891891891891892","37","183","180","3","4","33"
"667","RMDQ24_v1","RMDQ18_v1","0.942857142857143","35","185","182","3","2","33"
"668","Dor_costas","RMDQ19_v1","0.178861788617886","123","67","62","5","101","22"
"669","Dor_pernas","RMDQ19_v1","0.215384615384615","65","123","110","13","51","14"
"670","Livrar_costas","RMDQ19_v1","0.168224299065421","107","16","14","2","89","18"
"671","Livrar_perna","RMDQ19_v1","0.142857142857143","14","109","91","18","12","2"
"672","D30","RMDQ19_v1","0.19672131147541","61","56","52","4","49","12"
"673","RMDQ1_v1","RMDQ19_v1","0.329411764705882","85","134","130","4","57","28"
"674","RMDQ2_v1","RMDQ19_v1","0.3","90","129","124","5","63","27"
"675","RMDQ3_v1","RMDQ19_v1","0.379746835443038","79","141","139","2","49","30"
"676","RMDQ4_v1","RMDQ19_v1","0.148148148148148","54","166","142","24","46","8"
"677","RMDQ5_v1","RMDQ19_v1","0.430555555555556","72","148","147","1","41","31"
"678","RMDQ6_v1","RMDQ19_v1","0.553571428571429","56","164","163","1","25","31"
"679","RMDQ7_v1","RMDQ19_v1","0.794871794871795","39","181","180","1","8","31"
"680","RMDQ8_v1","RMDQ19_v1","0.875","8","212","187","25","1","7"
"681","RMDQ9_v1","RMDQ19_v1","0.911764705882353","34","186","185","1","3","31"
"682","RMDQ10_v1","RMDQ19_v1","0.775","40","180","179","1","9","31"
"683","RMDQ11_v1","RMDQ19_v1","0.738095238095238","42","178","177","1","11","31"
"684","RMDQ12_v1","RMDQ19_v1","0.704545454545455","44","176","175","1","13","31"
"685","RMDQ13_v1","RMDQ19_v1","0.673913043478261","46","174","173","1","15","31"
"686","RMDQ14_v1","RMDQ19_v1","0.612244897959184","49","171","169","2","19","30"
"687","RMDQ15_v1","RMDQ19_v1","0.870967741935484","31","189","184","5","4","27"
"688","RMDQ16_v1","RMDQ19_v1","0.810810810810811","37","183","181","2","7","30"
"689","RMDQ17_v1","RMDQ19_v1","0.612244897959184","49","171","169","2","19","30"
"690","RMDQ18_v1","RMDQ19_v1","0.833333333333333","36","184","182","2","6","30"
"691","RMDQ19_v1","RMDQ19_v1","1","32","188","188","0","0","32"
"692","RMDQ20_v1","RMDQ19_v1","0.815789473684211","38","182","181","1","7","31"
"693","RMDQ21_v1","RMDQ19_v1","0.645833333333333","48","172","171","1","17","31"
"694","RMDQ22_v1","RMDQ19_v1","0.815789473684211","38","182","181","1","7","31"
"695","RMDQ23_v1","RMDQ19_v1","0.837837837837838","37","183","182","1","6","31"
"696","RMDQ24_v1","RMDQ19_v1","0.885714285714286","35","185","184","1","4","31"
"697","Dor_costas","RMDQ20_v1","0.219512195121951","123","67","62","5","96","27"
"698","Dor_pernas","RMDQ20_v1","0.215384615384615","65","123","105","18","51","14"
"699","Livrar_costas","RMDQ20_v1","0.205607476635514","107","16","14","2","85","22"
"700","Livrar_perna","RMDQ20_v1","0.142857142857143","14","109","87","22","12","2"
"701","D30","RMDQ20_v1","0.229508196721311","61","56","49","7","47","14"
"702","RMDQ1_v1","RMDQ20_v1","0.364705882352941","85","134","127","7","54","31"
"703","RMDQ2_v1","RMDQ20_v1","0.355555555555556","90","129","123","6","58","32"
"704","RMDQ3_v1","RMDQ20_v1","0.417721518987342","79","141","136","5","46","33"
"705","RMDQ4_v1","RMDQ20_v1","0.222222222222222","54","166","140","26","42","12"
"706","RMDQ5_v1","RMDQ20_v1","0.472222222222222","72","148","144","4","38","34"
"707","RMDQ6_v1","RMDQ20_v1","0.660714285714286","56","164","163","1","19","37"
"708","RMDQ7_v1","RMDQ20_v1","0.846153846153846","39","181","176","5","6","33"
"709","RMDQ8_v1","RMDQ20_v1","0.875","8","212","181","31","1","7"
"710","RMDQ9_v1","RMDQ20_v1","0.970588235294118","34","186","181","5","1","33"
"711","RMDQ10_v1","RMDQ20_v1","0.875","40","180","177","3","5","35"
"712","RMDQ11_v1","RMDQ20_v1","0.833333333333333","42","178","175","3","7","35"
"713","RMDQ12_v1","RMDQ20_v1","0.795454545454545","44","176","173","3","9","35"
"714","RMDQ13_v1","RMDQ20_v1","0.717391304347826","46","174","169","5","13","33"
"715","RMDQ14_v1","RMDQ20_v1","0.693877551020408","49","171","167","4","15","34"
"716","RMDQ15_v1","RMDQ20_v1","0.870967741935484","31","189","178","11","4","27"
"717","RMDQ16_v1","RMDQ20_v1","0.891891891891892","37","183","178","5","4","33"
"718","RMDQ17_v1","RMDQ20_v1","0.714285714285714","49","171","168","3","14","35"
"719","RMDQ18_v1","RMDQ20_v1","0.916666666666667","36","184","179","5","3","33"
"720","RMDQ19_v1","RMDQ20_v1","0.96875","32","188","181","7","1","31"
"721","RMDQ20_v1","RMDQ20_v1","1","38","182","182","0","0","38"
"722","RMDQ21_v1","RMDQ20_v1","0.729166666666667","48","172","169","3","13","35"
"723","RMDQ22_v1","RMDQ20_v1","0.894736842105263","38","182","178","4","4","34"
"724","RMDQ23_v1","RMDQ20_v1","0.918918918918919","37","183","179","4","3","34"
"725","RMDQ24_v1","RMDQ20_v1","1","35","185","182","3","0","35"
"726","Dor_costas","RMDQ21_v1","0.268292682926829","123","67","57","10","90","33"
"727","Dor_pernas","RMDQ21_v1","0.276923076923077","65","123","98","25","47","18"
"728","Livrar_costas","RMDQ21_v1","0.280373831775701","107","16","14","2","77","30"
"729","Livrar_perna","RMDQ21_v1","0.142857142857143","14","109","79","30","12","2"
"730","D30","RMDQ21_v1","0.262295081967213","61","56","48","8","45","16"
"731","RMDQ1_v1","RMDQ21_v1","0.482352941176471","85","134","127","7","44","41"
"732","RMDQ2_v1","RMDQ21_v1","0.488888888888889","90","129","125","4","46","44"
"733","RMDQ3_v1","RMDQ21_v1","0.518987341772152","79","141","134","7","38","41"
"734","RMDQ4_v1","RMDQ21_v1","0.407407407407407","54","166","140","26","32","22"
"735","RMDQ5_v1","RMDQ21_v1","0.583333333333333","72","148","142","6","30","42"
"736","RMDQ6_v1","RMDQ21_v1","0.625","56","164","151","13","21","35"
"737","RMDQ7_v1","RMDQ21_v1","0.846153846153846","39","181","166","15","6","33"
"738","RMDQ8_v1","RMDQ21_v1","0.875","8","212","171","41","1","7"
"739","RMDQ9_v1","RMDQ21_v1","0.970588235294118","34","186","171","15","1","33"
"740","RMDQ10_v1","RMDQ21_v1","0.925","40","180","169","11","3","37"
"741","RMDQ11_v1","RMDQ21_v1","0.880952380952381","42","178","167","11","5","37"
"742","RMDQ12_v1","RMDQ21_v1","0.795454545454545","44","176","163","13","9","35"
"743","RMDQ13_v1","RMDQ21_v1","0.717391304347826","46","174","159","15","13","33"
"744","RMDQ14_v1","RMDQ21_v1","0.73469387755102","49","171","159","12","13","36"
"745","RMDQ15_v1","RMDQ21_v1","0.870967741935484","31","189","168","21","4","27"
"746","RMDQ16_v1","RMDQ21_v1","0.864864864864865","37","183","167","16","5","32"
"747","RMDQ17_v1","RMDQ21_v1","0.73469387755102","49","171","159","12","13","36"
"748","RMDQ18_v1","RMDQ21_v1","0.972222222222222","36","184","171","13","1","35"
"749","RMDQ19_v1","RMDQ21_v1","0.96875","32","188","171","17","1","31"
"750","RMDQ20_v1","RMDQ21_v1","0.921052631578947","38","182","169","13","3","35"
"751","RMDQ21_v1","RMDQ21_v1","1","48","172","172","0","0","48"
"752","RMDQ22_v1","RMDQ21_v1","0.894736842105263","38","182","168","14","4","34"
"753","RMDQ23_v1","RMDQ21_v1","0.918918918918919","37","183","169","14","3","34"
"754","RMDQ24_v1","RMDQ21_v1","1","35","185","172","13","0","35"
"755","Dor_costas","RMDQ22_v1","0.203252032520325","123","67","60","7","98","25"
"756","Dor_pernas","RMDQ22_v1","0.230769230769231","65","123","106","17","50","15"
"757","Livrar_costas","RMDQ22_v1","0.186915887850467","107","16","14","2","87","20"
"758","Livrar_perna","RMDQ22_v1","0.142857142857143","14","109","89","20","12","2"
"759","D30","RMDQ22_v1","0.229508196721311","61","56","50","6","47","14"
"760","RMDQ1_v1","RMDQ22_v1","0.341176470588235","85","134","125","9","56","29"
"761","RMDQ2_v1","RMDQ22_v1","0.333333333333333","90","129","121","8","60","30"
"762","RMDQ3_v1","RMDQ22_v1","0.468354430379747","79","141","140","1","42","37"
"763","RMDQ4_v1","RMDQ22_v1","0.277777777777778","54","166","143","23","39","15"
"764","RMDQ5_v1","RMDQ22_v1","0.527777777777778","72","148","148","0","34","38"
"765","RMDQ6_v1","RMDQ22_v1","0.678571428571429","56","164","164","0","18","38"
"766","RMDQ7_v1","RMDQ22_v1","0.82051282051282","39","181","175","6","7","32"
"767","RMDQ8_v1","RMDQ22_v1","0.875","8","212","181","31","1","7"
"768","RMDQ9_v1","RMDQ22_v1","0.941176470588235","34","186","180","6","2","32"
"769","RMDQ10_v1","RMDQ22_v1","0.85","40","180","176","4","6","34"
"770","RMDQ11_v1","RMDQ22_v1","0.80952380952381","42","178","174","4","8","34"
"771","RMDQ12_v1","RMDQ22_v1","0.772727272727273","44","176","172","4","10","34"
"772","RMDQ13_v1","RMDQ22_v1","0.695652173913043","46","174","168","6","14","32"
"773","RMDQ14_v1","RMDQ22_v1","0.673469387755102","49","171","166","5","16","33"
"774","RMDQ15_v1","RMDQ22_v1","0.870967741935484","31","189","178","11","4","27"
"775","RMDQ16_v1","RMDQ22_v1","0.837837837837838","37","183","176","7","6","31"
"776","RMDQ17_v1","RMDQ22_v1","0.673469387755102","49","171","166","5","16","33"
"777","RMDQ18_v1","RMDQ22_v1","0.916666666666667","36","184","179","5","3","33"
"778","RMDQ19_v1","RMDQ22_v1","0.96875","32","188","181","7","1","31"
"779","RMDQ20_v1","RMDQ22_v1","0.894736842105263","38","182","178","4","4","34"
"780","RMDQ21_v1","RMDQ22_v1","0.708333333333333","48","172","168","4","14","34"
"781","RMDQ22_v1","RMDQ22_v1","1","38","182","182","0","0","38"
"782","RMDQ23_v1","RMDQ22_v1","0.918918918918919","37","183","179","4","3","34"
"783","RMDQ24_v1","RMDQ22_v1","0.971428571428571","35","185","181","4","1","34"
"784","Dor_costas","RMDQ23_v1","0.211382113821138","123","67","61","6","97","26"
"785","Dor_pernas","RMDQ23_v1","0.215384615384615","65","123","105","18","51","14"
"786","Livrar_costas","RMDQ23_v1","0.205607476635514","107","16","14","2","85","22"
"787","Livrar_perna","RMDQ23_v1","0.142857142857143","14","109","87","22","12","2"
"788","D30","RMDQ23_v1","0.229508196721311","61","56","51","5","47","14"
"789","RMDQ1_v1","RMDQ23_v1","0.341176470588235","85","134","126","8","56","29"
"790","RMDQ2_v1","RMDQ23_v1","0.333333333333333","90","129","122","7","60","30"
"791","RMDQ3_v1","RMDQ23_v1","0.417721518987342","79","141","137","4","46","33"
"792","RMDQ4_v1","RMDQ23_v1","0.203703703703704","54","166","140","26","43","11"
"793","RMDQ5_v1","RMDQ23_v1","0.472222222222222","72","148","145","3","38","34"
"794","RMDQ6_v1","RMDQ23_v1","0.607142857142857","56","164","161","3","22","34"
"795","RMDQ7_v1","RMDQ23_v1","0.82051282051282","39","181","176","5","7","32"
"796","RMDQ8_v1","RMDQ23_v1","0.875","8","212","182","30","1","7"
"797","RMDQ9_v1","RMDQ23_v1","0.941176470588235","34","186","181","5","2","32"
"798","RMDQ10_v1","RMDQ23_v1","0.925","40","180","180","0","3","37"
"799","RMDQ11_v1","RMDQ23_v1","0.80952380952381","42","178","175","3","8","34"
"800","RMDQ12_v1","RMDQ23_v1","0.772727272727273","44","176","173","3","10","34"
"801","RMDQ13_v1","RMDQ23_v1","0.695652173913043","46","174","169","5","14","32"
"802","RMDQ14_v1","RMDQ23_v1","0.673469387755102","49","171","167","4","16","33"
"803","RMDQ15_v1","RMDQ23_v1","0.870967741935484","31","189","179","10","4","27"
"804","RMDQ16_v1","RMDQ23_v1","0.837837837837838","37","183","177","6","6","31"
"805","RMDQ17_v1","RMDQ23_v1","0.673469387755102","49","171","167","4","16","33"
"806","RMDQ18_v1","RMDQ23_v1","0.916666666666667","36","184","180","4","3","33"
"807","RMDQ19_v1","RMDQ23_v1","0.96875","32","188","182","6","1","31"
"808","RMDQ20_v1","RMDQ23_v1","0.894736842105263","38","182","179","3","4","34"
"809","RMDQ21_v1","RMDQ23_v1","0.708333333333333","48","172","169","3","14","34"
"810","RMDQ22_v1","RMDQ23_v1","0.894736842105263","38","182","179","3","4","34"
"811","RMDQ23_v1","RMDQ23_v1","1","37","183","183","0","0","37"
"812","RMDQ24_v1","RMDQ23_v1","0.971428571428571","35","185","182","3","1","34"
"813","Dor_costas","RMDQ24_v1","0.203252032520325","123","67","62","5","98","25"
"814","Dor_pernas","RMDQ24_v1","0.215384615384615","65","123","107","16","51","14"
"815","Livrar_costas","RMDQ24_v1","0.196261682242991","107","16","14","2","86","21"
"816","Livrar_perna","RMDQ24_v1","0.142857142857143","14","109","88","21","12","2"
"817","D30","RMDQ24_v1","0.213114754098361","61","56","50","6","48","13"
"818","RMDQ1_v1","RMDQ24_v1","0.352941176470588","85","134","129","5","55","30"
"819","RMDQ2_v1","RMDQ24_v1","0.344444444444444","90","129","125","4","59","31"
"820","RMDQ3_v1","RMDQ24_v1","0.417721518987342","79","141","139","2","46","33"
"821","RMDQ4_v1","RMDQ24_v1","0.222222222222222","54","166","143","23","42","12"
"822","RMDQ5_v1","RMDQ24_v1","0.472222222222222","72","148","147","1","38","34"
"823","RMDQ6_v1","RMDQ24_v1","0.625","56","164","164","0","21","35"
"824","RMDQ7_v1","RMDQ24_v1","0.846153846153846","39","181","179","2","6","33"
"825","RMDQ8_v1","RMDQ24_v1","0.875","8","212","184","28","1","7"
"826","RMDQ9_v1","RMDQ24_v1","0.970588235294118","34","186","184","2","1","33"
"827","RMDQ10_v1","RMDQ24_v1","0.875","40","180","180","0","5","35"
"828","RMDQ11_v1","RMDQ24_v1","0.833333333333333","42","178","178","0","7","35"
"829","RMDQ12_v1","RMDQ24_v1","0.795454545454545","44","176","176","0","9","35"
"830","RMDQ13_v1","RMDQ24_v1","0.717391304347826","46","174","172","2","13","33"
"831","RMDQ14_v1","RMDQ24_v1","0.693877551020408","49","171","170","1","15","34"
"832","RMDQ15_v1","RMDQ24_v1","0.870967741935484","31","189","181","8","4","27"
"833","RMDQ16_v1","RMDQ24_v1","0.864864864864865","37","183","180","3","5","32"
"834","RMDQ17_v1","RMDQ24_v1","0.673469387755102","49","171","169","2","16","33"
"835","RMDQ18_v1","RMDQ24_v1","0.916666666666667","36","184","182","2","3","33"
"836","RMDQ19_v1","RMDQ24_v1","0.96875","32","188","184","4","1","31"
"837","RMDQ20_v1","RMDQ24_v1","0.921052631578947","38","182","182","0","3","35"
"838","RMDQ21_v1","RMDQ24_v1","0.729166666666667","48","172","172","0","13","35"
"839","RMDQ22_v1","RMDQ24_v1","0.894736842105263","38","182","181","1","4","34"
"840","RMDQ23_v1","RMDQ24_v1","0.918918918918919","37","183","182","1","3","34"
"841","RMDQ24_v1","RMDQ24_v1","1","35","185","185","0","0","35"
