"","demonimador","numerador","Frequência","Qtd_0_Denom","Qtd_1_Denom","D0N0","D0N1","D1N0","D1N1"
"1","Fuma","Fuma","1","154","46","154","0","0","46"
"2","Cirurgia_coluna","Fuma","0.314285714285714","108","70","96","12","48","22"
"3","Aposentado","Fuma","0.323529411764706","155","34","121","34","23","11"
"4","Desempregado","Fuma","0.392857142857143","157","28","123","34","17","11"
"5","Licenca_Medica","Fuma","0.5","169","18","133","36","9","9"
"6","Aposentado_Invalidez","Fuma","0.625","174","8","135","39","3","5"
"7","Analg.e9.sicos","Fuma","0.252032520325203","63","123","49","14","92","31"
"8","OutraDoenca","Fuma","0.188405797101449","119","69","87","32","56","13"
"9","Dor_costas","Fuma","0.284403669724771","75","109","60","15","78","31"
"10","Dor_pernas","Fuma","0.344262295081967","122","61","97","25","40","21"
"11","Retornar_trabalho","Fuma","0.4","146","20","110","36","12","8"
"12","Masc","Fuma","0.222222222222222","65","135","49","16","105","30"
"13","Fem","Fuma","0.246153846153846","135","65","105","30","49","16"
"14","Casado_Amasiado","Fuma","0.142857142857143","109","84","75","34","72","12"
"15","Solteiro","Fuma","0.289156626506024","110","83","88","22","59","24"
"16","Separado_Divorciado","Fuma","0.125","185","8","140","45","7","1"
"17","X4","Fuma","1","190","3","147","43","0","3"
"18","X5","Fuma","0.25","189","4","144","45","3","1"
"19","X6","Fuma","0.454545454545455","182","11","141","41","6","5"
"20","Livrar_costas","Fuma","0.278350515463918","15","97","9","6","70","27"
"21","Livrar_perna","Fuma","0.428571428571429","98","14","71","27","8","6"
"22","Livrar_perda_sens","Fuma","0","111","1","78","33","1","0"
"23","D1","Fuma","0","127","1","81","46","1","0"
"24","D15","Fuma","1","123","5","82","41","0","5"
"25","D16","Fuma","0.421052631578947","109","19","71","38","11","8"
"26","D17","Fuma","0.75","124","4","81","43","1","3"
"27","D18","Fuma","0.642857142857143","114","14","77","37","5","9"
"28","D19","Fuma","0.571428571428571","121","7","79","42","3","4"
"29","D2","Fuma","1","120","8","82","38","0","8"
"30","D20","Fuma","0.375","120","8","77","43","5","3"
"31","D21","Fuma","0.285714285714286","121","7","77","44","5","2"
"32","D22","Fuma","0.5","126","2","81","45","1","1"
"33","D23","Fuma","0","127","1","81","46","1","0"
"34","D24","Fuma","0.333333333333333","104","24","66","38","16","8"
"35","D25","Fuma","0.333333333333333","125","3","80","45","2","1"
"36","D26","Fuma","0","126","2","80","46","2","0"
"37","D27","Fuma","0.75","124","4","81","43","1","3"
"38","D28","Fuma","0.6","123","5","80","43","2","3"
"39","D29","Fuma","0.325","88","40","55","33","27","13"
"40","D3","Fuma","1","126","2","82","44","0","2"
"41","D30","Fuma","0.288135593220339","69","59","40","29","42","17"
"42","D31","Fuma","0.5","112","16","74","38","8","8"
"43","D32","Fuma","0.305555555555556","92","36","57","35","25","11"
"44","D33","Fuma","0.363636363636364","117","11","75","42","7","4"
"45","D34","Fuma","1","125","3","82","43","0","3"
"46","D35","Fuma","1","126","2","82","44","0","2"
"47","D36","Fuma","0.666666666666667","122","6","80","42","2","4"
"48","D37","Fuma","0.4","108","20","70","38","12","8"
"49","D38","Fuma","1","125","3","82","43","0","3"
"50","D39","Fuma","0.333333333333333","113","15","72","41","10","5"
"51","D4","Fuma","1","124","4","82","42","0","4"
"52","D40","Fuma","1","124","4","82","42","0","4"
"53","D41","Fuma","0.6","123","5","80","43","2","3"
"54","D42","Fuma","0.333333333333333","125","3","80","45","2","1"
"55","D43","Fuma","0.666666666666667","125","3","81","44","1","2"
"56","D44","Fuma","0.297297297297297","91","37","56","35","26","11"
"57","D45","Fuma","0.545454545454545","117","11","77","40","5","6"
"58","D46","Fuma","0.297297297297297","91","37","56","35","26","11"
"59","D47","Fuma","0.583333333333333","116","12","77","39","5","7"
"60","D48","Fuma","0.2","103","25","62","41","20","5"
"61","D49","Fuma","0.307692307692308","115","13","73","42","9","4"
"62","D5","Fuma","1","125","3","82","43","0","3"
"63","D50","Fuma","1","126","2","82","44","0","2"
"64","D51","Fuma","1","127","1","82","45","0","1"
"65","D52","Fuma","0.5","126","2","81","45","1","1"
"66","D53","Fuma","1","126","2","82","44","0","2"
"67","D9","Fuma","1","127","1","82","45","0","1"
"68","RMDQ1_v1","Fuma","0.162162162162162","108","74","84","24","62","12"
"69","RMDQ2_v1","Fuma","0.166666666666667","104","78","81","23","65","13"
"70","RMDQ3_v1","Fuma","0.191176470588235","116","68","93","23","55","13"
"71","RMDQ4_v1","Fuma","0.173913043478261","138","46","110","28","38","8"
"72","RMDQ5_v1","Fuma","0.225806451612903","122","62","100","22","48","14"
"73","RMDQ6_v1","Fuma","0.270833333333333","136","48","113","23","35","13"
"74","RMDQ7_v1","Fuma","0.342857142857143","148","35","124","24","23","12"
"75","RMDQ8_v1","Fuma","0.5","175","8","143","32","4","4"
"76","RMDQ9_v1","Fuma","0.333333333333333","153","30","127","26","20","10"
"77","RMDQ10_v1","Fuma","0.314285714285714","148","35","123","25","24","11"
"78","RMDQ11_v1","Fuma","0.305555555555556","147","36","122","25","25","11"
"79","RMDQ12_v1","Fuma","0.289473684210526","145","38","120","25","27","11"
"80","RMDQ13_v1","Fuma","0.256410256410256","144","39","118","26","29","10"
"81","RMDQ14_v1","Fuma","0.261904761904762","141","42","116","25","31","11"
"82","RMDQ15_v1","Fuma","0.24","158","25","128","30","19","6"
"83","RMDQ16_v1","Fuma","0.3125","151","32","125","26","22","10"
"84","RMDQ17_v1","Fuma","0.225","143","40","116","27","31","9"
"85","RMDQ18_v1","Fuma","0.290322580645161","152","31","125","27","22","9"
"86","RMDQ19_v1","Fuma","0.285714285714286","155","28","127","28","20","8"
"87","RMDQ20_v1","Fuma","0.34375","151","32","126","25","21","11"
"88","RMDQ21_v1","Fuma","0.268292682926829","142","41","117","25","30","11"
"89","RMDQ22_v1","Fuma","0.294117647058824","149","34","123","26","24","10"
"90","RMDQ23_v1","Fuma","0.303030303030303","150","33","124","26","23","10"
"91","RMDQ24_v1","Fuma","0.354838709677419","152","31","127","25","20","11"
"92","DN4_1a_v1","Fuma","0.192771084337349","101","83","78","23","67","16"
"93","DN4_1b_v1","Fuma","0.119047619047619","141","42","107","34","37","5"
"94","DN4_1c_v1","Fuma","0.269230769230769","134","52","109","25","38","14"
"95","DN4_2a_v1","Fuma","0.173913043478261","140","46","109","31","38","8"
"96","DN4_2b_v1","Fuma","0.320754716981132","133","53","111","22","36","17"
"97","DN4_2c_v1","Fuma","0.203703703703704","130","54","102","28","43","11"
"98","DN4_2d_v1","Fuma","0.5","178","8","143","35","4","4"
"99","DN4_3a_v1","Fuma","0.571428571428571","179","7","144","35","3","4"
"100","DN4_3b_v1","Fuma","0.625","178","8","144","34","3","5"
"101","DN4_4_v1","Fuma","0.666666666666667","180","6","145","35","2","4"
"102","Fuma","Cirurgia_coluna","0.647058823529412","144","34","96","48","12","22"
"103","Cirurgia_coluna","Cirurgia_coluna","1","134","79","134","0","0","79"
"104","Aposentado","Cirurgia_coluna","0.606060606060606","151","33","99","52","13","20"
"105","Desempregado","Cirurgia_coluna","0.625","156","24","99","57","9","15"
"106","Licenca_Medica","Cirurgia_coluna","0.769230769230769","169","13","107","62","3","10"
"107","Aposentado_Invalidez","Cirurgia_coluna","0.4","176","5","107","69","3","2"
"108","Analg.e9.sicos","Cirurgia_coluna","0.385185185185185","63","135","39","24","83","52"
"109","OutraDoenca","Cirurgia_coluna","0.383561643835616","116","73","69","47","45","28"
"110","Dor_costas","Cirurgia_coluna","0.417391304347826","75","115","48","27","67","48"
"111","Dor_pernas","Cirurgia_coluna","0.555555555555556","132","54","89","43","24","30"
"112","Retornar_trabalho","Cirurgia_coluna","0.5","169","16","110","59","8","8"
"113","Masc","Cirurgia_coluna","0.397163120567376","72","141","49","23","85","56"
"114","Fem","Cirurgia_coluna","0.319444444444444","141","72","85","56","49","23"
"115","Casado_Amasiado","Cirurgia_coluna","0.353658536585366","96","82","53","43","53","29"
"116","Solteiro","Cirurgia_coluna","0.424657534246575","105","73","64","41","42","31"
"117","Separado_Divorciado","Cirurgia_coluna","0.375","170","8","101","69","5","3"
"118","X4","Cirurgia_coluna","0","177","1","105","72","1","0"
"119","X5","Cirurgia_coluna","0.5","174","4","104","70","2","2"
"120","X6","Cirurgia_coluna","0.7","168","10","103","65","3","7"
"121","Livrar_costas","Cirurgia_coluna","0.438775510204082","15","98","8","7","55","43"
"122","Livrar_perna","Cirurgia_coluna","0.461538461538462","100","13","56","44","7","6"
"123","Livrar_perda_sens","Cirurgia_coluna","0.5","111","2","62","49","1","1"
"124","D1","Cirurgia_coluna","0","117","1","62","55","1","0"
"125","D15","Cirurgia_coluna","1","113","5","63","50","0","5"
"126","D16","Cirurgia_coluna","0.470588235294118","101","17","54","47","9","8"
"127","D17","Cirurgia_coluna","0.666666666666667","115","3","62","53","1","2"
"128","D18","Cirurgia_coluna","0.583333333333333","106","12","58","48","5","7"
"129","D19","Cirurgia_coluna","0","114","4","59","55","4","0"
"130","D2","Cirurgia_coluna","0.6","113","5","61","52","2","3"
"131","D20","Cirurgia_coluna","0.166666666666667","112","6","58","54","5","1"
"132","D21","Cirurgia_coluna","0","113","5","58","55","5","0"
"133","D22","Cirurgia_coluna","0","117","1","62","55","1","0"
"134","D23","Cirurgia_coluna","0.5","116","2","62","54","1","1"
"135","D24","Cirurgia_coluna","0.409090909090909","96","22","50","46","13","9"
"136","D25","Cirurgia_coluna","0.5","114","4","61","53","2","2"
"137","D26","Cirurgia_coluna","0","117","1","62","55","1","0"
"138","D27","Cirurgia_coluna","1","115","3","63","52","0","3"
"139","D28","Cirurgia_coluna","0.6","113","5","61","52","2","3"
"140","D29","Cirurgia_coluna","0.513513513513513","81","37","45","36","18","19"
"141","D3","Cirurgia_coluna","0","117","1","62","55","1","0"
"142","D30","Cirurgia_coluna","0.5","64","54","36","28","27","27"
"143","D31","Cirurgia_coluna","0.615384615384615","105","13","58","47","5","8"
"144","D32","Cirurgia_coluna","0.46875","86","32","46","40","17","15"
"145","D33","Cirurgia_coluna","0.444444444444444","109","9","58","51","5","4"
"146","D34","Cirurgia_coluna","1","116","2","63","53","0","2"
"147","D35","Cirurgia_coluna","1","116","2","63","53","0","2"
"148","D36","Cirurgia_coluna","1","112","6","63","49","0","6"
"149","D37","Cirurgia_coluna","0.526315789473684","99","19","54","45","9","10"
"150","D38","Cirurgia_coluna","1","116","2","63","53","0","2"
"151","D39","Cirurgia_coluna","0.428571428571429","104","14","55","49","8","6"
"152","D4","Cirurgia_coluna","0.666666666666667","115","3","62","53","1","2"
"153","D40","Cirurgia_coluna","1","114","4","63","51","0","4"
"154","D41","Cirurgia_coluna","0.833333333333333","112","6","62","50","1","5"
"155","D42","Cirurgia_coluna","0","116","2","61","55","2","0"
"156","D43","Cirurgia_coluna","0.5","116","2","62","54","1","1"
"157","D44","Cirurgia_coluna","0.514285714285714","83","35","46","37","17","18"
"158","D45","Cirurgia_coluna","0.7","108","10","60","48","3","7"
"159","D46","Cirurgia_coluna","0.5","84","34","46","38","17","17"
"160","D47","Cirurgia_coluna","0.666666666666667","109","9","60","49","3","6"
"161","D48","Cirurgia_coluna","0.375","94","24","48","46","15","9"
"162","D49","Cirurgia_coluna","0.454545454545455","107","11","57","50","6","5"
"163","D5","Cirurgia_coluna","1","116","2","63","53","0","2"
"164","D50","Cirurgia_coluna","1","117","1","63","54","0","1"
"165","D51","Cirurgia_coluna","1","117","1","63","54","0","1"
"166","D52","Cirurgia_coluna","0.5","116","2","62","54","1","1"
"167","D53","Cirurgia_coluna","0.5","116","2","62","54","1","1"
"168","D9","Cirurgia_coluna","1","117","1","63","54","0","1"
"169","RMDQ1_v1","Cirurgia_coluna","0.36","119","75","78","41","48","27"
"170","RMDQ2_v1","Cirurgia_coluna","0.346153846153846","116","78","75","41","51","27"
"171","RMDQ3_v1","Cirurgia_coluna","0.333333333333333","124","72","79","45","48","24"
"172","RMDQ4_v1","Cirurgia_coluna","0.269230769230769","144","52","89","55","38","14"
"173","RMDQ5_v1","Cirurgia_coluna","0.338461538461538","131","65","84","47","43","22"
"174","RMDQ6_v1","Cirurgia_coluna","0.387755102040816","147","49","97","50","30","19"
"175","RMDQ7_v1","Cirurgia_coluna","0.40625","163","32","108","55","19","13"
"176","RMDQ8_v1","Cirurgia_coluna","0.571428571428571","188","7","124","64","3","4"
"177","RMDQ9_v1","Cirurgia_coluna","0.464285714285714","167","28","112","55","15","13"
"178","RMDQ10_v1","Cirurgia_coluna","0.424242424242424","162","33","108","54","19","14"
"179","RMDQ11_v1","Cirurgia_coluna","0.428571428571429","160","35","107","53","20","15"
"180","RMDQ12_v1","Cirurgia_coluna","0.378378378378378","158","37","104","54","23","14"
"181","RMDQ13_v1","Cirurgia_coluna","0.425","155","40","104","51","23","17"
"182","RMDQ14_v1","Cirurgia_coluna","0.380952380952381","153","42","101","52","26","16"
"183","RMDQ15_v1","Cirurgia_coluna","0.384615384615385","169","26","111","58","16","10"
"184","RMDQ16_v1","Cirurgia_coluna","0.483870967741935","164","31","111","53","16","15"
"185","RMDQ17_v1","Cirurgia_coluna","0.4","155","40","103","52","24","16"
"186","RMDQ18_v1","Cirurgia_coluna","0.413793103448276","166","29","110","56","17","12"
"187","RMDQ19_v1","Cirurgia_coluna","0.481481481481481","168","27","113","55","14","13"
"188","RMDQ20_v1","Cirurgia_coluna","0.433333333333333","165","30","110","55","17","13"
"189","RMDQ21_v1","Cirurgia_coluna","0.325","155","40","100","55","27","13"
"190","RMDQ22_v1","Cirurgia_coluna","0.387096774193548","164","31","108","56","19","12"
"191","RMDQ23_v1","Cirurgia_coluna","0.433333333333333","165","30","110","55","17","13"
"192","RMDQ24_v1","Cirurgia_coluna","0.428571428571429","167","28","111","56","16","12"
"193","DN4_1a_v1","Cirurgia_coluna","0.380434782608696","105","92","66","39","57","35"
"194","DN4_1b_v1","Cirurgia_coluna","0.375","148","48","94","54","30","18"
"195","DN4_1c_v1","Cirurgia_coluna","0.431372549019608","149","51","97","52","29","22"
"196","DN4_2a_v1","Cirurgia_coluna","0.458333333333333","152","48","100","52","26","22"
"197","DN4_2b_v1","Cirurgia_coluna","0.442307692307692","148","52","97","51","29","23"
"198","DN4_2c_v1","Cirurgia_coluna","0.358490566037736","144","53","89","55","34","19"
"199","DN4_2d_v1","Cirurgia_coluna","0.444444444444444","191","9","121","70","5","4"
"200","DN4_3a_v1","Cirurgia_coluna","0.6","195","5","124","71","2","3"
"201","DN4_3b_v1","Cirurgia_coluna","0.4","195","5","123","72","3","2"
"202","DN4_4_v1","Cirurgia_coluna","0.5","196","4","124","72","2","2"
"203","Fuma","Aposentado","0.244444444444444","144","45","121","23","34","11"
"204","Cirurgia_coluna","Aposentado","0.277777777777778","112","72","99","13","52","20"
"205","Aposentado","Aposentado","1","164","37","164","0","0","37"
"206","Desempregado","Aposentado","0.366666666666667","167","30","142","25","19","11"
"207","Licenca_Medica","Aposentado","0.263157894736842","180","19","149","31","14","5"
"208","Aposentado_Invalidez","Aposentado","0.125","186","8","152","34","7","1"
"209","Analg.e9.sicos","Aposentado","0.181102362204724","66","127","54","12","104","23"
"210","OutraDoenca","Aposentado","0.267605633802817","124","71","106","18","52","19"
"211","Dor_costas","Aposentado","0.213675213675214","76","117","65","11","92","25"
"212","Dor_pernas","Aposentado","0.229508196721311","130","61","108","22","47","14"
"213","Retornar_trabalho","Aposentado","0.619047619047619","155","21","138","17","8","13"
"214","Masc","Aposentado","0.21969696969697","69","132","61","8","103","29"
"215","Fem","Aposentado","0.115942028985507","132","69","103","29","61","8"
"216","Casado_Amasiado","Aposentado","0.180722891566265","107","83","88","19","68","15"
"217","Solteiro","Aposentado","0.111111111111111","109","81","84","25","72","9"
"218","Separado_Divorciado","Aposentado","0.375","182","8","151","31","5","3"
"219","X4","Aposentado","0","187","3","153","34","3","0"
"220","X5","Aposentado","0","186","4","152","34","4","0"
"221","X6","Aposentado","0.636363636363636","179","11","152","27","4","7"
"222","Livrar_costas","Aposentado","0.238095238095238","14","105","13","1","80","25"
"223","Livrar_perna","Aposentado","0.0769230769230769","106","13","81","25","12","1"
"224","Livrar_perda_sens","Aposentado","0","118","1","92","26","1","0"
"225","D1","Aposentado","0","131","1","100","31","1","0"
"226","D15","Aposentado","0.166666666666667","126","6","96","30","5","1"
"227","D16","Aposentado","0.45","112","20","90","22","11","9"
"228","D17","Aposentado","0","127","5","96","31","5","0"
"229","D18","Aposentado","0.125","116","16","87","29","14","2"
"230","D19","Aposentado","0.285714285714286","125","7","96","29","5","2"
"231","D2","Aposentado","0.25","124","8","95","29","6","2"
"232","D20","Aposentado","0.25","124","8","95","29","6","2"
"233","D21","Aposentado","0.285714285714286","125","7","96","29","5","2"
"234","D22","Aposentado","0.5","130","2","100","30","1","1"
"235","D23","Aposentado","0.5","130","2","100","30","1","1"
"236","D24","Aposentado","0.153846153846154","106","26","79","27","22","4"
"237","D25","Aposentado","0.5","128","4","99","29","2","2"
"238","D26","Aposentado","0.5","130","2","100","30","1","1"
"239","D27","Aposentado","0.4","127","5","98","29","3","2"
"240","D28","Aposentado","0.333333333333333","126","6","97","29","4","2"
"241","D29","Aposentado","0.30952380952381","90","42","72","18","29","13"
"242","D3","Aposentado","0","130","2","99","31","2","0"
"243","D30","Aposentado","0.32258064516129","70","62","59","11","42","20"
"244","D31","Aposentado","0.1875","116","16","88","28","13","3"
"245","D32","Aposentado","0.27027027027027","95","37","74","21","27","10"
"246","D33","Aposentado","0.0909090909090909","121","11","91","30","10","1"
"247","D34","Aposentado","0.333333333333333","129","3","99","30","2","1"
"248","D35","Aposentado","0.5","130","2","100","30","1","1"
"249","D36","Aposentado","0.285714285714286","125","7","96","29","5","2"
"250","D37","Aposentado","0.409090909090909","110","22","88","22","13","9"
"251","D38","Aposentado","0","130","2","99","31","2","0"
"252","D39","Aposentado","0.466666666666667","117","15","93","24","8","7"
"253","D4","Aposentado","0.25","128","4","98","30","3","1"
"254","D40","Aposentado","0","128","4","97","31","4","0"
"255","D41","Aposentado","0.285714285714286","125","7","96","29","5","2"
"256","D42","Aposentado","0.333333333333333","129","3","99","30","2","1"
"257","D43","Aposentado","0.333333333333333","129","3","99","30","2","1"
"258","D44","Aposentado","0.315789473684211","94","38","75","19","26","12"
"259","D45","Aposentado","0.181818181818182","121","11","92","29","9","2"
"260","D46","Aposentado","0.289473684210526","94","38","74","20","27","11"
"261","D47","Aposentado","0.0909090909090909","121","11","91","30","10","1"
"262","D48","Aposentado","0.384615384615385","106","26","85","21","16","10"
"263","D49","Aposentado","0.0833333333333333","120","12","90","30","11","1"
"264","D5","Aposentado","0.666666666666667","129","3","100","29","1","2"
"265","D50","Aposentado","0","130","2","99","31","2","0"
"266","D51","Aposentado","1","131","1","101","30","0","1"
"267","D52","Aposentado","0","130","2","99","31","2","0"
"268","D53","Aposentado","0","130","2","99","31","2","0"
"269","D9","Aposentado","1","131","1","101","30","0","1"
"270","RMDQ1_v1","Aposentado","0.202898550724638","113","69","94","19","55","14"
"271","RMDQ2_v1","Aposentado","0.202702702702703","108","74","90","18","59","15"
"272","RMDQ3_v1","Aposentado","0.217391304347826","115","69","96","19","54","15"
"273","RMDQ4_v1","Aposentado","0.28","134","50","114","20","36","14"
"274","RMDQ5_v1","Aposentado","0.241935483870968","122","62","103","19","47","15"
"275","RMDQ6_v1","Aposentado","0.224489795918367","135","49","112","23","38","11"
"276","RMDQ7_v1","Aposentado","0.212121212121212","150","33","124","26","26","7"
"277","RMDQ8_v1","Aposentado","0.375","175","8","145","30","5","3"
"278","RMDQ9_v1","Aposentado","0.178571428571429","155","28","127","28","23","5"
"279","RMDQ10_v1","Aposentado","0.205882352941176","149","34","123","26","27","7"
"280","RMDQ11_v1","Aposentado","0.2","148","35","122","26","28","7"
"281","RMDQ12_v1","Aposentado","0.184210526315789","145","38","119","26","31","7"
"282","RMDQ13_v1","Aposentado","0.256410256410256","144","39","121","23","29","10"
"283","RMDQ14_v1","Aposentado","0.219512195121951","142","41","118","24","32","9"
"284","RMDQ15_v1","Aposentado","0.125","159","24","129","30","21","3"
"285","RMDQ16_v1","Aposentado","0.266666666666667","153","30","128","25","22","8"
"286","RMDQ17_v1","Aposentado","0.2","143","40","118","25","32","8"
"287","RMDQ18_v1","Aposentado","0.2","153","30","126","27","24","6"
"288","RMDQ19_v1","Aposentado","0.192307692307692","157","26","129","28","21","5"
"289","RMDQ20_v1","Aposentado","0.225806451612903","152","31","126","26","24","7"
"290","RMDQ21_v1","Aposentado","0.25","143","40","120","23","30","10"
"291","RMDQ22_v1","Aposentado","0.25","151","32","126","25","24","8"
"292","RMDQ23_v1","Aposentado","0.193548387096774","152","31","125","27","25","6"
"293","RMDQ24_v1","Aposentado","0.206896551724138","154","29","127","27","23","6"
"294","DN4_1a_v1","Aposentado","0.123456790123457","103","81","80","23","71","10"
"295","DN4_1b_v1","Aposentado","0.162790697674419","140","43","114","26","36","7"
"296","DN4_1c_v1","Aposentado","0.229166666666667","138","48","116","22","37","11"
"297","DN4_2a_v1","Aposentado","0.155555555555556","141","45","115","26","38","7"
"298","DN4_2b_v1","Aposentado","0.173076923076923","134","52","110","24","43","9"
"299","DN4_2c_v1","Aposentado","0.192307692307692","132","52","109","23","42","10"
"300","DN4_2d_v1","Aposentado","0.5","180","6","150","30","3","3"
"301","DN4_3a_v1","Aposentado","0.333333333333333","180","6","149","31","4","2"
"302","DN4_3b_v1","Aposentado","0.285714285714286","179","7","148","31","5","2"
"303","DN4_4_v1","Aposentado","0.4","181","5","150","31","3","2"
"304","Fuma","Desempregado","0.244444444444444","140","45","123","17","34","11"
"305","Cirurgia_coluna","Desempregado","0.208333333333333","108","72","99","9","57","15"
"306","Aposentado","Desempregado","0.305555555555556","161","36","142","19","25","11"
"307","Desempregado","Desempregado","1","167","30","167","0","0","30"
"308","Licenca_Medica","Desempregado","0.421052631578947","177","19","155","22","11","8"
"309","Aposentado_Invalidez","Desempregado","0.375","183","8","157","26","5","3"
"310","Analg.e9.sicos","Desempregado","0.144","64","125","54","10","107","18"
"311","OutraDoenca","Desempregado","0.2","121","70","105","16","56","14"
"312","Dor_costas","Desempregado","0.234782608695652","75","115","72","3","88","27"
"313","Dor_pernas","Desempregado","0.166666666666667","128","60","108","20","50","10"
"314","Retornar_trabalho","Desempregado","0.368421052631579","154","19","135","19","12","7"
"315","Masc","Desempregado","0.140625","69","128","57","12","110","18"
"316","Fem","Desempregado","0.173913043478261","128","69","110","18","57","12"
"317","Casado_Amasiado","Desempregado","0.109756097560976","104","82","87","17","73","9"
"318","Solteiro","Desempregado","0.177215189873418","107","79","95","12","65","14"
"319","Separado_Divorciado","Desempregado","0.142857142857143","179","7","154","25","6","1"
"320","X4","Desempregado","0","183","3","157","26","3","0"
"321","X5","Desempregado","0.25","182","4","157","25","3","1"
"322","X6","Desempregado","0.0909090909090909","175","11","150","25","10","1"
"323","Livrar_costas","Desempregado","0.211538461538462","14","104","10","4","82","22"
"324","Livrar_perna","Desempregado","0.307692307692308","105","13","83","22","9","4"
"325","Livrar_perda_sens","Desempregado","0","117","1","91","26","1","0"
"326","D1","Desempregado","0","129","1","104","25","1","0"
"327","D15","Desempregado","0.333333333333333","124","6","101","23","4","2"
"328","D16","Desempregado","0.1","110","20","87","23","18","2"
"329","D17","Desempregado","0.2","125","5","101","24","4","1"
"330","D18","Desempregado","0.25","114","16","93","21","12","4"
"331","D19","Desempregado","0.285714285714286","123","7","100","23","5","2"
"332","D2","Desempregado","0.375","122","8","100","22","5","3"
"333","D20","Desempregado","0.25","122","8","99","23","6","2"
"334","D21","Desempregado","0.142857142857143","123","7","99","24","6","1"
"335","D22","Desempregado","0.5","128","2","104","24","1","1"
"336","D23","Desempregado","0.5","128","2","104","24","1","1"
"337","D24","Desempregado","0.269230769230769","104","26","86","18","19","7"
"338","D25","Desempregado","0.5","126","4","103","23","2","2"
"339","D26","Desempregado","0.5","128","2","104","24","1","1"
"340","D27","Desempregado","0.2","125","5","101","24","4","1"
"341","D28","Desempregado","0.333333333333333","124","6","101","23","4","2"
"342","D29","Desempregado","0.166666666666667","88","42","70","18","35","7"
"343","D3","Desempregado","0.5","128","2","104","24","1","1"
"344","D30","Desempregado","0.209677419354839","68","62","56","12","49","13"
"345","D31","Desempregado","0.25","114","16","93","21","12","4"
"346","D32","Desempregado","0.0810810810810811","93","37","71","22","34","3"
"347","D33","Desempregado","0.0909090909090909","119","11","95","24","10","1"
"348","D34","Desempregado","0.666666666666667","127","3","104","23","1","2"
"349","D35","Desempregado","1","128","2","105","23","0","2"
"350","D36","Desempregado","0.285714285714286","123","7","100","23","5","2"
"351","D37","Desempregado","0.136363636363636","108","22","86","22","19","3"
"352","D38","Desempregado","0","128","2","103","25","2","0"
"353","D39","Desempregado","0.0666666666666667","115","15","91","24","14","1"
"354","D4","Desempregado","0.75","126","4","104","22","1","3"
"355","D40","Desempregado","0.25","126","4","102","24","3","1"
"356","D41","Desempregado","0.142857142857143","123","7","99","24","6","1"
"357","D42","Desempregado","0.333333333333333","127","3","103","24","2","1"
"358","D43","Desempregado","0.333333333333333","127","3","103","24","2","1"
"359","D44","Desempregado","0.0789473684210526","92","38","70","22","35","3"
"360","D45","Desempregado","0.0909090909090909","119","11","95","24","10","1"
"361","D46","Desempregado","0.105263157894737","92","38","71","21","34","4"
"362","D47","Desempregado","0.181818181818182","119","11","96","23","9","2"
"363","D48","Desempregado","0.115384615384615","104","26","82","22","23","3"
"364","D49","Desempregado","0.0833333333333333","118","12","94","24","11","1"
"365","D5","Desempregado","0.666666666666667","127","3","104","23","1","2"
"366","D50","Desempregado","0.5","128","2","104","24","1","1"
"367","D51","Desempregado","1","129","1","105","24","0","1"
"368","D52","Desempregado","0","128","2","103","25","2","0"
"369","D53","Desempregado","0","128","2","103","25","2","0"
"370","D9","Desempregado","1","129","1","105","24","0","1"
"371","RMDQ1_v1","Desempregado","0.194029850746269","111","67","98","13","54","13"
"372","RMDQ2_v1","Desempregado","0.208333333333333","106","72","95","11","57","15"
"373","RMDQ3_v1","Desempregado","0.115942028985507","111","69","93","18","61","8"
"374","RMDQ4_v1","Desempregado","0.12","130","50","110","20","44","6"
"375","RMDQ5_v1","Desempregado","0.112903225806452","118","62","99","19","55","7"
"376","RMDQ6_v1","Desempregado","0.122448979591837","131","49","111","20","43","6"
"377","RMDQ7_v1","Desempregado","0.151515151515152","146","33","125","21","28","5"
"378","RMDQ8_v1","Desempregado","0","171","8","145","26","8","0"
"379","RMDQ9_v1","Desempregado","0.142857142857143","151","28","129","22","24","4"
"380","RMDQ10_v1","Desempregado","0.205882352941176","145","34","126","19","27","7"
"381","RMDQ11_v1","Desempregado","0.171428571428571","144","35","124","20","29","6"
"382","RMDQ12_v1","Desempregado","0.184210526315789","141","38","122","19","31","7"
"383","RMDQ13_v1","Desempregado","0.179487179487179","140","39","121","19","32","7"
"384","RMDQ14_v1","Desempregado","0.219512195121951","138","41","121","17","32","9"
"385","RMDQ15_v1","Desempregado","0.166666666666667","155","24","133","22","20","4"
"386","RMDQ16_v1","Desempregado","0.166666666666667","149","30","128","21","25","5"
"387","RMDQ17_v1","Desempregado","0.179487179487179","140","39","121","19","32","7"
"388","RMDQ18_v1","Desempregado","0.233333333333333","149","30","130","19","23","7"
"389","RMDQ19_v1","Desempregado","0.115384615384615","153","26","130","23","23","3"
"390","RMDQ20_v1","Desempregado","0.161290322580645","148","31","127","21","26","5"
"391","RMDQ21_v1","Desempregado","0.179487179487179","140","39","121","19","32","7"
"392","RMDQ22_v1","Desempregado","0.15625","147","32","126","21","27","5"
"393","RMDQ23_v1","Desempregado","0.193548387096774","148","31","128","20","25","6"
"394","RMDQ24_v1","Desempregado","0.172413793103448","150","29","129","21","24","5"
"395","DN4_1a_v1","Desempregado","0.126582278481013","102","79","86","16","69","10"
"396","DN4_1b_v1","Desempregado","0.119047619047619","138","42","117","21","37","5"
"397","DN4_1c_v1","Desempregado","0.0851063829787234","136","47","114","22","43","4"
"398","DN4_2a_v1","Desempregado","0.113636363636364","139","44","118","21","39","5"
"399","DN4_2b_v1","Desempregado","0.1","133","50","112","21","45","5"
"400","DN4_2c_v1","Desempregado","0.0784313725490196","130","51","108","22","47","4"
"401","DN4_2d_v1","Desempregado","0.333333333333333","177","6","153","24","4","2"
"402","DN4_3a_v1","Desempregado","0.6","178","5","155","23","2","3"
"403","DN4_3b_v1","Desempregado","0.5","177","6","154","23","3","3"
"404","DN4_4_v1","Desempregado","0.75","179","4","156","23","1","3"
"405","Fuma","Licenca_Medica","0.2","142","45","133","9","36","9"
"406","Cirurgia_coluna","Licenca_Medica","0.138888888888889","110","72","107","3","62","10"
"407","Aposentado","Licenca_Medica","0.138888888888889","163","36","149","14","31","5"
"408","Desempregado","Licenca_Medica","0.266666666666667","166","30","155","11","22","8"
"409","Licenca_Medica","Licenca_Medica","1","180","19","180","0","0","19"
"410","Aposentado_Invalidez","Licenca_Medica","0.375","184","8","169","15","5","3"
"411","Analg.e9.sicos","Licenca_Medica","0.088","66","125","58","8","114","11"
"412","OutraDoenca","Licenca_Medica","0.0985915492957746","122","71","110","12","64","7"
"413","Dor_costas","Licenca_Medica","0.137931034482759","75","116","72","3","100","16"
"414","Dor_pernas","Licenca_Medica","0.2","129","60","122","7","48","12"
"415","Retornar_trabalho","Licenca_Medica","0.15","155","20","141","14","17","3"
"416","Masc","Licenca_Medica","0.0923076923076923","69","130","62","7","118","12"
"417","Fem","Licenca_Medica","0.101449275362319","130","69","118","12","62","7"
"418","Casado_Amasiado","Licenca_Medica","0.0617283950617284","107","81","93","14","76","5"
"419","Solteiro","Licenca_Medica","0.148148148148148","107","81","100","7","69","12"
"420","Separado_Divorciado","Licenca_Medica","0.125","180","8","162","18","7","1"
"421","X4","Licenca_Medica","0","185","3","166","19","3","0"
"422","X5","Licenca_Medica","0","184","4","165","19","4","0"
"423","X6","Licenca_Medica","0.0909090909090909","177","11","159","18","10","1"
"424","Livrar_costas","Licenca_Medica","0.142857142857143","14","105","13","1","90","15"
"425","Livrar_perna","Licenca_Medica","0.0769230769230769","106","13","91","15","12","1"
"426","Livrar_perda_sens","Licenca_Medica","0","118","1","102","16","1","0"
"427","D1","Licenca_Medica","0","131","1","113","18","1","0"
"428","D15","Licenca_Medica","0.5","126","6","111","15","3","3"
"429","D16","Licenca_Medica","0.15","112","20","97","15","17","3"
"430","D17","Licenca_Medica","0.4","127","5","111","16","3","2"
"431","D18","Licenca_Medica","0.1875","116","16","101","15","13","3"
"432","D19","Licenca_Medica","0.142857142857143","125","7","108","17","6","1"
"433","D2","Licenca_Medica","0.25","124","8","108","16","6","2"
"434","D20","Licenca_Medica","0.25","124","8","108","16","6","2"
"435","D21","Licenca_Medica","0.142857142857143","125","7","108","17","6","1"
"436","D22","Licenca_Medica","0.5","130","2","113","17","1","1"
"437","D23","Licenca_Medica","0","130","2","112","18","2","0"
"438","D24","Licenca_Medica","0.153846153846154","106","26","92","14","22","4"
"439","D25","Licenca_Medica","0","128","4","110","18","4","0"
"440","D26","Licenca_Medica","0.5","130","2","113","17","1","1"
"441","D27","Licenca_Medica","0.2","127","5","110","17","4","1"
"442","D28","Licenca_Medica","0.166666666666667","126","6","109","17","5","1"
"443","D29","Licenca_Medica","0.19047619047619","90","42","80","10","34","8"
"444","D3","Licenca_Medica","0","130","2","112","18","2","0"
"445","D30","Licenca_Medica","0.161290322580645","70","62","62","8","52","10"
"446","D31","Licenca_Medica","0.25","116","16","102","14","12","4"
"447","D32","Licenca_Medica","0.162162162162162","95","37","83","12","31","6"
"448","D33","Licenca_Medica","0","121","11","103","18","11","0"
"449","D34","Licenca_Medica","0.666666666666667","129","3","113","16","1","2"
"450","D35","Licenca_Medica","0.5","130","2","113","17","1","1"
"451","D36","Licenca_Medica","0.428571428571429","125","7","110","15","4","3"
"452","D37","Licenca_Medica","0.272727272727273","110","22","98","12","16","6"
"453","D38","Licenca_Medica","0.5","130","2","113","17","1","1"
"454","D39","Licenca_Medica","0.0666666666666667","117","15","100","17","14","1"
"455","D4","Licenca_Medica","0.25","128","4","111","17","3","1"
"456","D40","Licenca_Medica","0.75","128","4","113","15","1","3"
"457","D41","Licenca_Medica","0.428571428571429","125","7","110","15","4","3"
"458","D42","Licenca_Medica","0.333333333333333","129","3","112","17","2","1"
"459","D43","Licenca_Medica","0.333333333333333","129","3","112","17","2","1"
"460","D44","Licenca_Medica","0.157894736842105","94","38","82","12","32","6"
"461","D45","Licenca_Medica","0.0909090909090909","121","11","104","17","10","1"
"462","D46","Licenca_Medica","0.105263157894737","94","38","80","14","34","4"
"463","D47","Licenca_Medica","0.0909090909090909","121","11","104","17","10","1"
"464","D48","Licenca_Medica","0.115384615384615","106","26","91","15","23","3"
"465","D49","Licenca_Medica","0.0833333333333333","120","12","103","17","11","1"
"466","D5","Licenca_Medica","0.666666666666667","129","3","113","16","1","2"
"467","D50","Licenca_Medica","0.5","130","2","113","17","1","1"
"468","D51","Licenca_Medica","1","131","1","114","17","0","1"
"469","D52","Licenca_Medica","0","130","2","112","18","2","0"
"470","D53","Licenca_Medica","0","130","2","112","18","2","0"
"471","D9","Licenca_Medica","1","131","1","114","17","0","1"
"472","RMDQ1_v1","Licenca_Medica","0.072463768115942","111","69","97","14","64","5"
"473","RMDQ2_v1","Licenca_Medica","0.0810810810810811","106","74","93","13","68","6"
"474","RMDQ3_v1","Licenca_Medica","0.0579710144927536","113","69","98","15","65","4"
"475","RMDQ4_v1","Licenca_Medica","0.04","132","50","115","17","48","2"
"476","RMDQ5_v1","Licenca_Medica","0.0645161290322581","120","62","105","15","58","4"
"477","RMDQ6_v1","Licenca_Medica","0.0816326530612245","133","49","118","15","45","4"
"478","RMDQ7_v1","Licenca_Medica","0.0909090909090909","148","33","132","16","30","3"
"479","RMDQ8_v1","Licenca_Medica","0.125","173","8","155","18","7","1"
"480","RMDQ9_v1","Licenca_Medica","0.107142857142857","153","28","137","16","25","3"
"481","RMDQ10_v1","Licenca_Medica","0.117647058823529","147","34","132","15","30","4"
"482","RMDQ11_v1","Licenca_Medica","0.114285714285714","146","35","131","15","31","4"
"483","RMDQ12_v1","Licenca_Medica","0.105263157894737","143","38","128","15","34","4"
"484","RMDQ13_v1","Licenca_Medica","0.0789473684210526","143","38","127","16","35","3"
"485","RMDQ14_v1","Licenca_Medica","0.0975609756097561","140","41","125","15","37","4"
"486","RMDQ15_v1","Licenca_Medica","0.125","157","24","141","16","21","3"
"487","RMDQ16_v1","Licenca_Medica","0.1","151","30","135","16","27","3"
"488","RMDQ17_v1","Licenca_Medica","0.1","141","40","126","15","36","4"
"489","RMDQ18_v1","Licenca_Medica","0.133333333333333","151","30","136","15","26","4"
"490","RMDQ19_v1","Licenca_Medica","0.153846153846154","155","26","140","15","22","4"
"491","RMDQ20_v1","Licenca_Medica","0.129032258064516","150","31","135","15","27","4"
"492","RMDQ21_v1","Licenca_Medica","0.1","141","40","126","15","36","4"
"493","RMDQ22_v1","Licenca_Medica","0.125","149","32","134","15","28","4"
"494","RMDQ23_v1","Licenca_Medica","0.129032258064516","150","31","135","15","27","4"
"495","RMDQ24_v1","Licenca_Medica","0.137931034482759","152","29","137","15","25","4"
"496","DN4_1a_v1","Licenca_Medica","0.125","102","80","95","7","70","10"
"497","DN4_1b_v1","Licenca_Medica","0.0476190476190476","139","42","124","15","40","2"
"498","DN4_1c_v1","Licenca_Medica","0.170212765957447","137","47","128","9","39","8"
"499","DN4_2a_v1","Licenca_Medica","0.0909090909090909","140","44","127","13","40","4"
"500","DN4_2b_v1","Licenca_Medica","0.176470588235294","133","51","125","8","42","9"
"501","DN4_2c_v1","Licenca_Medica","0.0980392156862745","131","51","119","12","46","5"
"502","DN4_2d_v1","Licenca_Medica","0.5","178","6","164","14","3","3"
"503","DN4_3a_v1","Licenca_Medica","0.4","179","5","164","15","3","2"
"504","DN4_3b_v1","Licenca_Medica","0.333333333333333","178","6","163","15","4","2"
"505","DN4_4_v1","Licenca_Medica","0.5","180","4","165","15","2","2"
"506","Fuma","Aposentado_Invalidez","0.113636363636364","138","44","135","3","39","5"
"507","Cirurgia_coluna","Aposentado_Invalidez","0.028169014084507","110","71","107","3","69","2"
"508","Aposentado","Aposentado_Invalidez","0.0285714285714286","159","35","152","7","34","1"
"509","Desempregado","Aposentado_Invalidez","0.103448275862069","162","29","157","5","26","3"
"510","Licenca_Medica","Aposentado_Invalidez","0.166666666666667","174","18","169","5","15","3"
"511","Aposentado_Invalidez","Aposentado_Invalidez","1","189","8","189","0","0","8"
"512","Analg.e9.sicos","Aposentado_Invalidez","0.0555555555555556","64","126","63","1","119","7"
"513","OutraDoenca","Aposentado_Invalidez","0.0694444444444444","120","72","117","3","67","5"
"514","Dor_costas","Aposentado_Invalidez","0.0608695652173913","75","115","74","1","108","7"
"515","Dor_pernas","Aposentado_Invalidez","0.11864406779661","129","59","128","1","52","7"
"516","Retornar_trabalho","Aposentado_Invalidez","0.19047619047619","153","21","150","3","17","4"
"517","Masc","Aposentado_Invalidez","0.03125","69","128","65","4","124","4"
"518","Fem","Aposentado_Invalidez","0.0579710144927536","128","69","124","4","65","4"
"519","Casado_Amasiado","Aposentado_Invalidez","0.036144578313253","103","83","98","5","80","3"
"520","Solteiro","Aposentado_Invalidez","0.051948051948052","109","77","105","4","73","4"
"521","Separado_Divorciado","Aposentado_Invalidez","0","178","8","170","8","8","0"
"522","X4","Aposentado_Invalidez","0","183","3","175","8","3","0"
"523","X5","Aposentado_Invalidez","0","182","4","174","8","4","0"
"524","X6","Aposentado_Invalidez","0.0909090909090909","175","11","168","7","10","1"
"525","Livrar_costas","Aposentado_Invalidez","0.0588235294117647","15","102","13","2","96","6"
"526","Livrar_perna","Aposentado_Invalidez","0.153846153846154","104","13","98","6","11","2"
"527","Livrar_perda_sens","Aposentado_Invalidez","0","115","2","107","8","2","0"
"528","D1","Aposentado_Invalidez","0","130","1","122","8","1","0"
"529","D15","Aposentado_Invalidez","0.166666666666667","125","6","118","7","5","1"
"530","D16","Aposentado_Invalidez","0.157894736842105","112","19","107","5","16","3"
"531","D17","Aposentado_Invalidez","0","126","5","118","8","5","0"
"532","D18","Aposentado_Invalidez","0.0625","115","16","108","7","15","1"
"533","D19","Aposentado_Invalidez","0.142857142857143","124","7","117","7","6","1"
"534","D2","Aposentado_Invalidez","0.125","123","8","116","7","7","1"
"535","D20","Aposentado_Invalidez","0.125","123","8","116","7","7","1"
"536","D21","Aposentado_Invalidez","0","124","7","116","8","7","0"
"537","D22","Aposentado_Invalidez","0","129","2","121","8","2","0"
"538","D23","Aposentado_Invalidez","0","129","2","121","8","2","0"
"539","D24","Aposentado_Invalidez","0.115384615384615","105","26","100","5","23","3"
"540","D25","Aposentado_Invalidez","0","127","4","119","8","4","0"
"541","D26","Aposentado_Invalidez","0","129","2","121","8","2","0"
"542","D27","Aposentado_Invalidez","0.2","126","5","119","7","4","1"
"543","D28","Aposentado_Invalidez","0","125","6","117","8","6","0"
"544","D29","Aposentado_Invalidez","0.119047619047619","89","42","86","3","37","5"
"545","D3","Aposentado_Invalidez","0.5","129","2","122","7","1","1"
"546","D30","Aposentado_Invalidez","0.114754098360656","70","61","69","1","54","7"
"547","D31","Aposentado_Invalidez","0.0625","115","16","108","7","15","1"
"548","D32","Aposentado_Invalidez","0.111111111111111","95","36","91","4","32","4"
"549","D33","Aposentado_Invalidez","0","121","10","113","8","10","0"
"550","D34","Aposentado_Invalidez","0","128","3","120","8","3","0"
"551","D35","Aposentado_Invalidez","0","129","2","121","8","2","0"
"552","D36","Aposentado_Invalidez","0","124","7","116","8","7","0"
"553","D37","Aposentado_Invalidez","0.0909090909090909","109","22","103","6","20","2"
"554","D38","Aposentado_Invalidez","0","129","2","121","8","2","0"
"555","D39","Aposentado_Invalidez","0.0666666666666667","116","15","109","7","14","1"
"556","D4","Aposentado_Invalidez","0.25","127","4","120","7","3","1"
"557","D40","Aposentado_Invalidez","0","127","4","119","8","4","0"
"558","D41","Aposentado_Invalidez","0.142857142857143","124","7","117","7","6","1"
"559","D42","Aposentado_Invalidez","0","128","3","120","8","3","0"
"560","D43","Aposentado_Invalidez","0","128","3","120","8","3","0"
"561","D44","Aposentado_Invalidez","0.108108108108108","94","37","90","4","33","4"
"562","D45","Aposentado_Invalidez","0.1","121","10","114","7","9","1"
"563","D46","Aposentado_Invalidez","0.131578947368421","93","38","90","3","33","5"
"564","D47","Aposentado_Invalidez","0.181818181818182","120","11","114","6","9","2"
"565","D48","Aposentado_Invalidez","0.0769230769230769","105","26","99","6","24","2"
"566","D49","Aposentado_Invalidez","0","119","12","111","8","12","0"
"567","D5","Aposentado_Invalidez","0","128","3","120","8","3","0"
"568","D50","Aposentado_Invalidez","0","129","2","121","8","2","0"
"569","D51","Aposentado_Invalidez","0","130","1","122","8","1","0"
"570","D52","Aposentado_Invalidez","0","129","2","121","8","2","0"
"571","D53","Aposentado_Invalidez","0","129","2","121","8","2","0"
"572","D9","Aposentado_Invalidez","0","130","1","122","8","1","0"
"573","RMDQ1_v1","Aposentado_Invalidez","0.0895522388059701","111","67","109","2","61","6"
"574","RMDQ2_v1","Aposentado_Invalidez","0.0684931506849315","105","73","102","3","68","5"
"575","RMDQ3_v1","Aposentado_Invalidez","0.0434782608695652","111","69","106","5","66","3"
"576","RMDQ4_v1","Aposentado_Invalidez","0","129","51","121","8","51","0"
"577","RMDQ5_v1","Aposentado_Invalidez","0.0634920634920635","117","63","113","4","59","4"
"578","RMDQ6_v1","Aposentado_Invalidez","0.08","130","50","126","4","46","4"
"579","RMDQ7_v1","Aposentado_Invalidez","0.121212121212121","146","33","142","4","29","4"
"580","RMDQ8_v1","Aposentado_Invalidez","0","171","8","163","8","8","0"
"581","RMDQ9_v1","Aposentado_Invalidez","0.142857142857143","151","28","147","4","24","4"
"582","RMDQ10_v1","Aposentado_Invalidez","0.117647058823529","145","34","141","4","30","4"
"583","RMDQ11_v1","Aposentado_Invalidez","0.111111111111111","143","36","139","4","32","4"
"584","RMDQ12_v1","Aposentado_Invalidez","0.105263157894737","141","38","137","4","34","4"
"585","RMDQ13_v1","Aposentado_Invalidez","0.1","139","40","135","4","36","4"
"586","RMDQ14_v1","Aposentado_Invalidez","0.0731707317073171","138","41","133","5","38","3"
"587","RMDQ15_v1","Aposentado_Invalidez","0.12","154","25","149","5","22","3"
"588","RMDQ16_v1","Aposentado_Invalidez","0.0967741935483871","148","31","143","5","28","3"
"589","RMDQ17_v1","Aposentado_Invalidez","0.075","139","40","134","5","37","3"
"590","RMDQ18_v1","Aposentado_Invalidez","0.1","149","30","144","5","27","3"
"591","RMDQ19_v1","Aposentado_Invalidez","0.153846153846154","153","26","149","4","22","4"
"592","RMDQ20_v1","Aposentado_Invalidez","0.129032258064516","148","31","144","4","27","4"
"593","RMDQ21_v1","Aposentado_Invalidez","0.102564102564103","140","39","136","4","35","4"
"594","RMDQ22_v1","Aposentado_Invalidez","0.125","147","32","143","4","28","4"
"595","RMDQ23_v1","Aposentado_Invalidez","0.129032258064516","148","31","144","4","27","4"
"596","RMDQ24_v1","Aposentado_Invalidez","0.137931034482759","150","29","146","4","25","4"
"597","DN4_1a_v1","Aposentado_Invalidez","0.0632911392405063","101","79","98","3","74","5"
"598","DN4_1b_v1","Aposentado_Invalidez","0.0238095238095238","136","42","129","7","41","1"
"599","DN4_1c_v1","Aposentado_Invalidez","0.0625","134","48","129","5","45","3"
"600","DN4_2a_v1","Aposentado_Invalidez","0.0217391304347826","136","46","129","7","45","1"
"601","DN4_2b_v1","Aposentado_Invalidez","0.0769230769230769","130","52","126","4","48","4"
"602","DN4_2c_v1","Aposentado_Invalidez","0.0784313725490196","129","51","125","4","47","4"
"603","DN4_2d_v1","Aposentado_Invalidez","0.333333333333333","176","6","170","6","4","2"
"604","DN4_3a_v1","Aposentado_Invalidez","0.333333333333333","176","6","170","6","4","2"
"605","DN4_3b_v1","Aposentado_Invalidez","0.285714285714286","175","7","169","6","5","2"
"606","DN4_4_v1","Aposentado_Invalidez","0.4","177","5","171","6","3","2"
"607","Fuma","Analg.e9.sicos","0.688888888888889","141","45","49","92","14","31"
"608","Cirurgia_coluna","Analg.e9.sicos","0.684210526315789","122","76","39","83","24","52"
"609","Aposentado","Analg.e9.sicos","0.657142857142857","158","35","54","104","12","23"
"610","Desempregado","Analg.e9.sicos","0.642857142857143","161","28","54","107","10","18"
"611","Licenca_Medica","Analg.e9.sicos","0.578947368421053","172","19","58","114","8","11"
"612","Aposentado_Invalidez","Analg.e9.sicos","0.875","182","8","63","119","1","7"
"613","Analg.e9.sicos","Analg.e9.sicos","1","68","147","68","0","0","147"
"614","OutraDoenca","Analg.e9.sicos","0.706666666666667","124","75","45","79","22","53"
"615","Dor_costas","Analg.e9.sicos","0.811475409836066","78","122","41","37","23","99"
"616","Dor_pernas","Analg.e9.sicos","0.84375","134","64","54","80","10","54"
"617","Retornar_trabalho","Analg.e9.sicos","0.857142857142857","171","21","56","115","3","18"
"618","Masc","Analg.e9.sicos","0.713286713286713","72","143","27","45","41","102"
"619","Fem","Analg.e9.sicos","0.625","143","72","41","102","27","45"
"620","Casado_Amasiado","Analg.e9.sicos","0.691358024691358","106","81","40","66","25","56"
"621","Solteiro","Analg.e9.sicos","0.6","107","80","33","74","32","48"
"622","Separado_Divorciado","Analg.e9.sicos","0.75","179","8","63","116","2","6"
"623","X4","Analg.e9.sicos","0.666666666666667","184","3","64","120","1","2"
"624","X5","Analg.e9.sicos","0.25","183","4","62","121","3","1"
"625","X6","Analg.e9.sicos","0.818181818181818","176","11","63","113","2","9"
"626","Livrar_costas","Analg.e9.sicos","0.796296296296296","15","108","4","11","22","86"
"627","Livrar_perna","Analg.e9.sicos","0.785714285714286","109","14","23","86","3","11"
"628","Livrar_perda_sens","Analg.e9.sicos","0","122","1","25","97","1","0"
"629","D1","Analg.e9.sicos","1","129","1","42","87","0","1"
"630","D15","Analg.e9.sicos","0.428571428571429","123","7","38","85","4","3"
"631","D16","Analg.e9.sicos","0.9","110","20","40","70","2","18"
"632","D17","Analg.e9.sicos","0.8","125","5","41","84","1","4"
"633","D18","Analg.e9.sicos","0.866666666666667","115","15","40","75","2","13"
"634","D19","Analg.e9.sicos","0.833333333333333","124","6","41","83","1","5"
"635","D2","Analg.e9.sicos","0.875","122","8","41","81","1","7"
"636","D20","Analg.e9.sicos","0.857142857142857","123","7","41","82","1","6"
"637","D21","Analg.e9.sicos","0.857142857142857","123","7","41","82","1","6"
"638","D22","Analg.e9.sicos","1","129","1","42","87","0","1"
"639","D23","Analg.e9.sicos","1","128","2","42","86","0","2"
"640","D24","Analg.e9.sicos","0.653846153846154","104","26","33","71","9","17"
"641","D25","Analg.e9.sicos","0.75","126","4","41","85","1","3"
"642","D26","Analg.e9.sicos","1","128","2","42","86","0","2"
"643","D27","Analg.e9.sicos","0.8","125","5","41","84","1","4"
"644","D28","Analg.e9.sicos","0.666666666666667","124","6","40","84","2","4"
"645","D29","Analg.e9.sicos","0.833333333333333","88","42","35","53","7","35"
"646","D3","Analg.e9.sicos","1","128","2","42","86","0","2"
"647","D30","Analg.e9.sicos","0.854838709677419","68","62","33","35","9","53"
"648","D31","Analg.e9.sicos","0.529411764705882","113","17","34","79","8","9"
"649","D32","Analg.e9.sicos","0.891891891891892","93","37","38","55","4","33"
"650","D33","Analg.e9.sicos","0.666666666666667","118","12","38","80","4","8"
"651","D34","Analg.e9.sicos","0.666666666666667","127","3","41","86","1","2"
"652","D35","Analg.e9.sicos","1","128","2","42","86","0","2"
"653","D36","Analg.e9.sicos","0.375","122","8","37","85","5","3"
"654","D37","Analg.e9.sicos","0.818181818181818","108","22","38","70","4","18"
"655","D38","Analg.e9.sicos","0.333333333333333","127","3","40","87","2","1"
"656","D39","Analg.e9.sicos","0.933333333333333","115","15","41","74","1","14"
"657","D4","Analg.e9.sicos","1","126","4","42","84","0","4"
"658","D40","Analg.e9.sicos","0.4","125","5","39","86","3","2"
"659","D41","Analg.e9.sicos","0.714285714285714","123","7","40","83","2","5"
"660","D42","Analg.e9.sicos","0.5","128","2","41","87","1","1"
"661","D43","Analg.e9.sicos","1","127","3","42","85","0","3"
"662","D44","Analg.e9.sicos","0.868421052631579","92","38","37","55","5","33"
"663","D45","Analg.e9.sicos","0.75","118","12","39","79","3","9"
"664","D46","Analg.e9.sicos","0.868421052631579","92","38","37","55","5","33"
"665","D47","Analg.e9.sicos","0.666666666666667","118","12","38","80","4","8"
"666","D48","Analg.e9.sicos","0.846153846153846","104","26","38","66","4","22"
"667","D49","Analg.e9.sicos","0.615384615384615","117","13","37","80","5","8"
"668","D5","Analg.e9.sicos","0.666666666666667","127","3","41","86","1","2"
"669","D50","Analg.e9.sicos","0.5","128","2","41","87","1","1"
"670","D51","Analg.e9.sicos","1","129","1","42","87","0","1"
"671","D52","Analg.e9.sicos","0.5","128","2","41","87","1","1"
"672","D53","Analg.e9.sicos","1","128","2","42","86","0","2"
"673","D9","Analg.e9.sicos","1","129","1","42","87","0","1"
"674","RMDQ1_v1","Analg.e9.sicos","0.783783783783784","123","74","41","82","16","58"
"675","RMDQ2_v1","Analg.e9.sicos","0.79746835443038","118","79","41","77","16","63"
"676","RMDQ3_v1","Analg.e9.sicos","0.830985915492958","128","71","45","83","12","59"
"677","RMDQ4_v1","Analg.e9.sicos","0.816326530612245","150","49","48","102","9","40"
"678","RMDQ5_v1","Analg.e9.sicos","0.846153846153846","134","65","47","87","10","55"
"679","RMDQ6_v1","Analg.e9.sicos","0.823529411764706","148","51","48","100","9","42"
"680","RMDQ7_v1","Analg.e9.sicos","0.888888888888889","162","36","53","109","4","32"
"681","RMDQ8_v1","Analg.e9.sicos","0.875","190","8","56","134","1","7"
"682","RMDQ9_v1","Analg.e9.sicos","0.903225806451613","167","31","54","113","3","28"
"683","RMDQ10_v1","Analg.e9.sicos","0.891891891891892","161","37","53","108","4","33"
"684","RMDQ11_v1","Analg.e9.sicos","0.894736842105263","160","38","53","107","4","34"
"685","RMDQ12_v1","Analg.e9.sicos","0.853658536585366","157","41","51","106","6","35"
"686","RMDQ13_v1","Analg.e9.sicos","0.785714285714286","156","42","48","108","9","33"
"687","RMDQ14_v1","Analg.e9.sicos","0.866666666666667","153","45","51","102","6","39"
"688","RMDQ15_v1","Analg.e9.sicos","0.888888888888889","171","27","54","117","3","24"
"689","RMDQ16_v1","Analg.e9.sicos","0.852941176470588","164","34","52","112","5","29"
"690","RMDQ17_v1","Analg.e9.sicos","0.813953488372093","155","43","49","106","8","35"
"691","RMDQ18_v1","Analg.e9.sicos","0.909090909090909","165","33","54","111","3","30"
"692","RMDQ19_v1","Analg.e9.sicos","0.896551724137931","169","29","54","115","3","26"
"693","RMDQ20_v1","Analg.e9.sicos","0.911764705882353","164","34","54","110","3","31"
"694","RMDQ21_v1","Analg.e9.sicos","0.928571428571429","156","42","54","102","3","39"
"695","RMDQ22_v1","Analg.e9.sicos","0.852941176470588","164","34","52","112","5","29"
"696","RMDQ23_v1","Analg.e9.sicos","0.882352941176471","164","34","53","111","4","30"
"697","RMDQ24_v1","Analg.e9.sicos","0.90625","166","32","54","112","3","29"
"698","DN4_1a_v1","Analg.e9.sicos","0.795698924731183","105","93","44","61","19","74"
"699","DN4_1b_v1","Analg.e9.sicos","0.8","153","45","55","98","9","36"
"700","DN4_1c_v1","Analg.e9.sicos","0.696428571428571","145","56","47","98","17","39"
"701","DN4_2a_v1","Analg.e9.sicos","0.725490196078431","150","51","50","100","14","37"
"702","DN4_2b_v1","Analg.e9.sicos","0.7","141","60","46","95","18","42"
"703","DN4_2c_v1","Analg.e9.sicos","0.711864406779661","139","59","46","93","17","42"
"704","DN4_2d_v1","Analg.e9.sicos","0.9","191","10","63","128","1","9"
"705","DN4_3a_v1","Analg.e9.sicos","1","194","7","64","130","0","7"
"706","DN4_3b_v1","Analg.e9.sicos","1","193","8","64","129","0","8"
"707","DN4_4_v1","Analg.e9.sicos","1","195","6","64","131","0","6"
"708","Fuma","OutraDoenca","0.288888888888889","143","45","87","56","32","13"
"709","Cirurgia_coluna","OutraDoenca","0.373333333333333","114","75","69","45","47","28"
"710","Aposentado","OutraDoenca","0.513513513513513","158","37","106","52","18","19"
"711","Desempregado","OutraDoenca","0.466666666666667","161","30","105","56","16","14"
"712","Licenca_Medica","OutraDoenca","0.368421052631579","174","19","110","64","12","7"
"713","Aposentado_Invalidez","OutraDoenca","0.625","184","8","117","67","3","5"
"714","Analg.e9.sicos","OutraDoenca","0.401515151515151","67","132","45","22","79","53"
"715","OutraDoenca","OutraDoenca","1","127","80","127","0","0","80"
"716","Dor_costas","OutraDoenca","0.415254237288136","78","118","53","25","69","49"
"717","Dor_pernas","OutraDoenca","0.444444444444444","133","63","87","46","35","28"
"718","Retornar_trabalho","OutraDoenca","0.571428571428571","162","21","105","57","9","12"
"719","Masc","OutraDoenca","0.391304347826087","69","138","43","26","84","54"
"720","Fem","OutraDoenca","0.376811594202899","138","69","84","54","43","26"
"721","Casado_Amasiado","OutraDoenca","0.333333333333333","105","84","64","41","56","28"
"722","Solteiro","OutraDoenca","0.375","109","80","70","39","50","30"
"723","Separado_Divorciado","OutraDoenca","0.714285714285714","182","7","118","64","2","5"
"724","X4","OutraDoenca","0.333333333333333","186","3","118","68","2","1"
"725","X5","OutraDoenca","0","185","4","116","69","4","0"
"726","X6","OutraDoenca","0.454545454545455","178","11","114","64","6","5"
"727","Livrar_costas","OutraDoenca","0.411214953271028","14","107","7","7","63","44"
"728","Livrar_perna","OutraDoenca","0.538461538461538","108","13","64","44","6","7"
"729","Livrar_perda_sens","OutraDoenca","0","120","1","69","51","1","0"
"730","D1","OutraDoenca","0","129","1","79","50","1","0"
"731","D15","OutraDoenca","0.285714285714286","123","7","75","48","5","2"
"732","D16","OutraDoenca","0.35","110","20","67","43","13","7"
"733","D17","OutraDoenca","0","125","5","75","50","5","0"
"734","D18","OutraDoenca","0.3125","114","16","69","45","11","5"
"735","D19","OutraDoenca","0.428571428571429","123","7","76","47","4","3"
"736","D2","OutraDoenca","0.5","122","8","76","46","4","4"
"737","D20","OutraDoenca","0.25","122","8","74","48","6","2"
"738","D21","OutraDoenca","0.142857142857143","123","7","74","49","6","1"
"739","D22","OutraDoenca","0","128","2","78","50","2","0"
"740","D23","OutraDoenca","0","128","2","78","50","2","0"
"741","D24","OutraDoenca","0.384615384615385","104","26","64","40","16","10"
"742","D25","OutraDoenca","0.25","126","4","77","49","3","1"
"743","D26","OutraDoenca","0.5","128","2","79","49","1","1"
"744","D27","OutraDoenca","0.2","125","5","76","49","4","1"
"745","D28","OutraDoenca","0.5","124","6","77","47","3","3"
"746","D29","OutraDoenca","0.439024390243902","89","41","57","32","23","18"
"747","D3","OutraDoenca","1","128","2","80","48","0","2"
"748","D30","OutraDoenca","0.426229508196721","69","61","45","24","35","26"
"749","D31","OutraDoenca","0.470588235294118","113","17","71","42","9","8"
"750","D32","OutraDoenca","0.416666666666667","94","36","59","35","21","15"
"751","D33","OutraDoenca","0.333333333333333","118","12","72","46","8","4"
"752","D34","OutraDoenca","0.333333333333333","127","3","78","49","2","1"
"753","D35","OutraDoenca","0.5","128","2","79","49","1","1"
"754","D36","OutraDoenca","0.375","122","8","75","47","5","3"
"755","D37","OutraDoenca","0.363636363636364","108","22","66","42","14","8"
"756","D38","OutraDoenca","0.333333333333333","127","3","78","49","2","1"
"757","D39","OutraDoenca","0.466666666666667","115","15","72","43","8","7"
"758","D4","OutraDoenca","0.75","126","4","79","47","1","3"
"759","D40","OutraDoenca","0.2","125","5","76","49","4","1"
"760","D41","OutraDoenca","0.285714285714286","123","7","75","48","5","2"
"761","D42","OutraDoenca","0","127","3","77","50","3","0"
"762","D43","OutraDoenca","0","127","3","77","50","3","0"
"763","D44","OutraDoenca","0.378378378378378","93","37","57","36","23","14"
"764","D45","OutraDoenca","0.416666666666667","118","12","73","45","7","5"
"765","D46","OutraDoenca","0.459459459459459","93","37","60","33","20","17"
"766","D47","OutraDoenca","0.416666666666667","118","12","73","45","7","5"
"767","D48","OutraDoenca","0.538461538461538","104","26","68","36","12","14"
"768","D49","OutraDoenca","0.307692307692308","117","13","71","46","9","4"
"769","D5","OutraDoenca","0.666666666666667","127","3","79","48","1","2"
"770","D50","OutraDoenca","0.5","128","2","79","49","1","1"
"771","D51","OutraDoenca","0","129","1","79","50","1","0"
"772","D52","OutraDoenca","0","128","2","78","50","2","0"
"773","D53","OutraDoenca","0","128","2","78","50","2","0"
"774","D9","OutraDoenca","0","129","1","79","50","1","0"
"775","RMDQ1_v1","OutraDoenca","0.445945945945946","114","74","72","42","41","33"
"776","RMDQ2_v1","OutraDoenca","0.443037974683544","109","79","69","40","44","35"
"777","RMDQ3_v1","OutraDoenca","0.442857142857143","120","70","75","45","39","31"
"778","RMDQ4_v1","OutraDoenca","0.48","140","50","88","52","26","24"
"779","RMDQ5_v1","OutraDoenca","0.46875","126","64","80","46","34","30"
"780","RMDQ6_v1","OutraDoenca","0.5","140","50","89","51","25","25"
"781","RMDQ7_v1","OutraDoenca","0.485714285714286","154","35","96","58","18","17"
"782","RMDQ8_v1","OutraDoenca","0.75","181","8","112","69","2","6"
"783","RMDQ9_v1","OutraDoenca","0.533333333333333","159","30","100","59","14","16"
"784","RMDQ10_v1","OutraDoenca","0.472222222222222","153","36","95","58","19","17"
"785","RMDQ11_v1","OutraDoenca","0.5","151","38","95","56","19","19"
"786","RMDQ12_v1","OutraDoenca","0.475","149","40","93","56","21","19"
"787","RMDQ13_v1","OutraDoenca","0.5","147","42","93","54","21","21"
"788","RMDQ14_v1","OutraDoenca","0.418604651162791","146","43","89","57","25","18"
"789","RMDQ15_v1","OutraDoenca","0.461538461538462","163","26","100","63","14","12"
"790","RMDQ16_v1","OutraDoenca","0.515151515151515","156","33","98","58","16","17"
"791","RMDQ17_v1","OutraDoenca","0.619047619047619","147","42","98","49","16","26"
"792","RMDQ18_v1","OutraDoenca","0.53125","157","32","99","58","15","17"
"793","RMDQ19_v1","OutraDoenca","0.5","161","28","100","61","14","14"
"794","RMDQ20_v1","OutraDoenca","0.5","157","32","98","59","16","16"
"795","RMDQ21_v1","OutraDoenca","0.5","147","42","93","54","21","21"
"796","RMDQ22_v1","OutraDoenca","0.515151515151515","156","33","98","58","16","17"
"797","RMDQ23_v1","OutraDoenca","0.484848484848485","156","33","97","59","17","16"
"798","RMDQ24_v1","OutraDoenca","0.516129032258065","158","31","99","59","15","16"
"799","DN4_1a_v1","OutraDoenca","0.36046511627907","104","86","62","42","55","31"
"800","DN4_1b_v1","OutraDoenca","0.357142857142857","146","42","90","56","27","15"
"801","DN4_1c_v1","OutraDoenca","0.4","137","55","86","51","33","22"
"802","DN4_2a_v1","OutraDoenca","0.365384615384615","140","52","86","54","33","19"
"803","DN4_2b_v1","OutraDoenca","0.491525423728814","133","59","89","44","30","29"
"804","DN4_2c_v1","OutraDoenca","0.410714285714286","134","56","84","50","33","23"
"805","DN4_2d_v1","OutraDoenca","0.636363636363636","181","11","115","66","4","7"
"806","DN4_3a_v1","OutraDoenca","0.428571428571429","185","7","115","70","4","3"
"807","DN4_3b_v1","OutraDoenca","0.375","184","8","114","70","5","3"
"808","DN4_4_v1","OutraDoenca","0.333333333333333","186","6","115","71","4","2"
"809","Fuma","Dor_costas","0.673913043478261","138","46","60","78","15","31"
"810","Cirurgia_coluna","Dor_costas","0.64","115","75","48","67","27","48"
"811","Aposentado","Dor_costas","0.694444444444444","157","36","65","92","11","25"
"812","Desempregado","Dor_costas","0.9","160","30","72","88","3","27"
"813","Licenca_Medica","Dor_costas","0.842105263157895","172","19","72","100","3","16"
"814","Aposentado_Invalidez","Dor_costas","0.875","182","8","74","108","1","7"
"815","Analg.e9.sicos","Dor_costas","0.727941176470588","64","136","41","23","37","99"
"816","OutraDoenca","Dor_costas","0.662162162162162","122","74","53","69","25","49"
"817","Dor_costas","Dor_costas","1","79","128","79","0","0","128"
"818","Dor_pernas","Dor_costas","0.84375","139","64","68","71","10","54"
"819","Retornar_trabalho","Dor_costas","0.9","165","20","66","99","2","18"
"820","Masc","Dor_costas","0.652173913043478","69","138","31","38","48","90"
"821","Fem","Dor_costas","0.550724637681159","138","69","48","90","31","38"
"822","Casado_Amasiado","Dor_costas","0.614457831325301","103","83","45","58","32","51"
"823","Solteiro","Dor_costas","0.558441558441558","109","77","43","66","34","43"
"824","Separado_Divorciado","Dor_costas","0.75","178","8","75","103","2","6"
"825","X4","Dor_costas","0.666666666666667","183","3","76","107","1","2"
"826","X5","Dor_costas","0.25","182","4","74","108","3","1"
"827","X6","Dor_costas","0.545454545454545","175","11","72","103","5","6"
"828","Livrar_costas","Dor_costas","0.918918918918919","16","111","7","9","9","102"
"829","Livrar_perna","Dor_costas","0.571428571428571","113","14","10","103","6","8"
"830","Livrar_perda_sens","Dor_costas","0.5","125","2","15","110","1","1"
"831","D1","Dor_costas","1","127","1","37","90","0","1"
"832","D15","Dor_costas","0.714285714285714","121","7","35","86","2","5"
"833","D16","Dor_costas","0.95","108","20","36","72","1","19"
"834","D17","Dor_costas","1","123","5","37","86","0","5"
"835","D18","Dor_costas","0.9375","112","16","36","76","1","15"
"836","D19","Dor_costas","1","121","7","37","84","0","7"
"837","D2","Dor_costas","1","120","8","37","83","0","8"
"838","D20","Dor_costas","1","120","8","37","83","0","8"
"839","D21","Dor_costas","1","121","7","37","84","0","7"
"840","D22","Dor_costas","1","126","2","37","89","0","2"
"841","D23","Dor_costas","1","126","2","37","89","0","2"
"842","D24","Dor_costas","0.846153846153846","102","26","33","69","4","22"
"843","D25","Dor_costas","1","124","4","37","87","0","4"
"844","D26","Dor_costas","1","126","2","37","89","0","2"
"845","D27","Dor_costas","0.8","123","5","36","87","1","4"
"846","D28","Dor_costas","0.833333333333333","122","6","36","86","1","5"
"847","D29","Dor_costas","0.902439024390244","87","41","33","54","4","37"
"848","D3","Dor_costas","1","126","2","37","89","0","2"
"849","D30","Dor_costas","0.918032786885246","67","61","32","35","5","56"
"850","D31","Dor_costas","0.823529411764706","111","17","34","77","3","14"
"851","D32","Dor_costas","0.916666666666667","92","36","34","58","3","33"
"852","D33","Dor_costas","0.75","116","12","34","82","3","9"
"853","D34","Dor_costas","0.666666666666667","125","3","36","89","1","2"
"854","D35","Dor_costas","1","126","2","37","89","0","2"
"855","D36","Dor_costas","0.5","120","8","33","87","4","4"
"856","D37","Dor_costas","0.863636363636364","106","22","34","72","3","19"
"857","D38","Dor_costas","0","125","3","34","91","3","0"
"858","D39","Dor_costas","0.8","113","15","34","79","3","12"
"859","D4","Dor_costas","1","124","4","37","87","0","4"
"860","D40","Dor_costas","0.4","123","5","34","89","3","2"
"861","D41","Dor_costas","0.714285714285714","121","7","35","86","2","5"
"862","D42","Dor_costas","1","125","3","37","88","0","3"
"863","D43","Dor_costas","0.666666666666667","125","3","36","89","1","2"
"864","D44","Dor_costas","0.891891891891892","91","37","33","58","4","33"
"865","D45","Dor_costas","0.75","116","12","34","82","3","9"
"866","D46","Dor_costas","0.837837837837838","91","37","31","60","6","31"
"867","D47","Dor_costas","0.666666666666667","116","12","33","83","4","8"
"868","D48","Dor_costas","0.84","103","25","33","70","4","21"
"869","D49","Dor_costas","0.769230769230769","115","13","34","81","3","10"
"870","D5","Dor_costas","1","125","3","37","88","0","3"
"871","D50","Dor_costas","0.5","126","2","36","90","1","1"
"872","D51","Dor_costas","1","127","1","37","90","0","1"
"873","D52","Dor_costas","0.5","126","2","36","90","1","1"
"874","D53","Dor_costas","0.5","126","2","36","90","1","1"
"875","D9","Dor_costas","1","127","1","37","90","0","1"
"876","RMDQ1_v1","Dor_costas","0.689189189189189","115","74","44","71","23","51"
"877","RMDQ2_v1","Dor_costas","0.721518987341772","110","79","45","65","22","57"
"878","RMDQ3_v1","Dor_costas","0.690140845070423","120","71","45","75","22","49"
"879","RMDQ4_v1","Dor_costas","0.647058823529412","140","51","49","91","18","33"
"880","RMDQ5_v1","Dor_costas","0.671875","127","64","46","81","21","43"
"881","RMDQ6_v1","Dor_costas","0.770833333333333","143","48","56","87","11","37"
"882","RMDQ7_v1","Dor_costas","0.823529411764706","156","34","61","95","6","28"
"883","RMDQ8_v1","Dor_costas","0.875","182","8","66","116","1","7"
"884","RMDQ9_v1","Dor_costas","0.827586206896552","161","29","62","99","5","24"
"885","RMDQ10_v1","Dor_costas","0.828571428571429","155","35","61","94","6","29"
"886","RMDQ11_v1","Dor_costas","0.828571428571429","155","35","61","94","6","29"
"887","RMDQ12_v1","Dor_costas","0.794871794871795","151","39","59","92","8","31"
"888","RMDQ13_v1","Dor_costas","0.75","150","40","57","93","10","30"
"889","RMDQ14_v1","Dor_costas","0.813953488372093","147","43","59","88","8","35"
"890","RMDQ15_v1","Dor_costas","0.807692307692308","164","26","62","102","5","21"
"891","RMDQ16_v1","Dor_costas","0.84375","158","32","62","96","5","27"
"892","RMDQ17_v1","Dor_costas","0.738095238095238","148","42","56","92","11","31"
"893","RMDQ18_v1","Dor_costas","0.870967741935484","159","31","63","96","4","27"
"894","RMDQ19_v1","Dor_costas","0.814814814814815","163","27","62","101","5","22"
"895","RMDQ20_v1","Dor_costas","0.84375","158","32","62","96","5","27"
"896","RMDQ21_v1","Dor_costas","0.767441860465116","147","43","57","90","10","33"
"897","RMDQ22_v1","Dor_costas","0.78125","158","32","60","98","7","25"
"898","RMDQ23_v1","Dor_costas","0.8125","158","32","61","97","6","26"
"899","RMDQ24_v1","Dor_costas","0.833333333333333","160","30","62","98","5","25"
"900","DN4_1a_v1","Dor_costas","0.686046511627907","106","86","48","58","27","59"
"901","DN4_1b_v1","Dor_costas","0.636363636363636","148","44","59","89","16","28"
"902","DN4_1c_v1","Dor_costas","0.692307692307692","142","52","60","82","16","36"
"903","DN4_2a_v1","Dor_costas","0.695652173913043","148","46","62","86","14","32"
"904","DN4_2b_v1","Dor_costas","0.654545454545455","139","55","57","82","19","36"
"905","DN4_2c_v1","Dor_costas","0.642857142857143","136","56","55","81","20","36"
"906","DN4_2d_v1","Dor_costas","0.625","186","8","73","113","3","5"
"907","DN4_3a_v1","Dor_costas","0.833333333333333","188","6","75","113","1","5"
"908","DN4_3b_v1","Dor_costas","0.571428571428571","187","7","73","114","3","4"
"909","DN4_4_v1","Dor_costas","0.8","189","5","75","114","1","4"
"910","Fuma","Dor_pernas","0.456521739130435","137","46","97","40","25","21"
"911","Cirurgia_coluna","Dor_pernas","0.410958904109589","113","73","89","24","43","30"
"912","Aposentado","Dor_pernas","0.388888888888889","155","36","108","47","22","14"
"913","Desempregado","Dor_pernas","0.333333333333333","158","30","108","50","20","10"
"914","Licenca_Medica","Dor_pernas","0.631578947368421","170","19","122","48","7","12"
"915","Aposentado_Invalidez","Dor_pernas","0.875","180","8","128","52","1","7"
"916","Analg.e9.sicos","Dor_pernas","0.402985074626866","64","134","54","10","80","54"
"917","OutraDoenca","Dor_pernas","0.378378378378378","122","74","87","35","46","28"
"918","Dor_costas","Dor_pernas","0.432","78","125","68","10","71","54"
"919","Dor_pernas","Dor_pernas","1","139","65","139","0","0","65"
"920","Retornar_trabalho","Dor_pernas","0.65","162","20","116","46","7","13"
"921","Masc","Dor_pernas","0.326086956521739","66","138","46","20","93","45"
"922","Fem","Dor_pernas","0.303030303030303","138","66","93","45","46","20"
"923","Casado_Amasiado","Dor_pernas","0.313253012048193","102","83","66","36","57","26"
"924","Solteiro","Dor_pernas","0.355263157894737","109","76","74","35","49","27"
"925","Separado_Divorciado","Dor_pernas","0.375","177","8","118","59","5","3"
"926","X4","Dor_pernas","0.333333333333333","182","3","121","61","2","1"
"927","X5","Dor_pernas","0","181","4","119","62","4","0"
"928","X6","Dor_pernas","0.454545454545455","174","11","117","57","6","5"
"929","Livrar_costas","Dor_pernas","0.4","15","110","2","13","66","44"
"930","Livrar_perna","Dor_pernas","0.928571428571429","111","14","67","44","1","13"
"931","Livrar_perda_sens","Dor_pernas","0","124","1","67","57","1","0"
"932","D1","Dor_pernas","0","126","1","71","55","1","0"
"933","D15","Dor_pernas","0.857142857142857","120","7","71","49","1","6"
"934","D16","Dor_pernas","0.95","107","20","71","36","1","19"
"935","D17","Dor_pernas","0.4","122","5","69","53","3","2"
"936","D18","Dor_pernas","0.3125","111","16","61","50","11","5"
"937","D19","Dor_pernas","0.428571428571429","120","7","68","52","4","3"
"938","D2","Dor_pernas","0.5","119","8","68","51","4","4"
"939","D20","Dor_pernas","0.25","119","8","66","53","6","2"
"940","D21","Dor_pernas","0.285714285714286","120","7","67","53","5","2"
"941","D22","Dor_pernas","0","125","2","70","55","2","0"
"942","D23","Dor_pernas","0.5","125","2","71","54","1","1"
"943","D24","Dor_pernas","0.269230769230769","101","26","53","48","19","7"
"944","D25","Dor_pernas","0.25","123","4","69","54","3","1"
"945","D26","Dor_pernas","0","125","2","70","55","2","0"
"946","D27","Dor_pernas","0.2","122","5","68","54","4","1"
"947","D28","Dor_pernas","0.166666666666667","121","6","67","54","5","1"
"948","D29","Dor_pernas","0.731707317073171","86","41","61","25","11","30"
"949","D3","Dor_pernas","0.5","125","2","71","54","1","1"
"950","D30","Dor_pernas","0.655737704918033","66","61","51","15","21","40"
"951","D31","Dor_pernas","0.647058823529412","110","17","66","44","6","11"
"952","D32","Dor_pernas","0.833333333333333","91","36","66","25","6","30"
"953","D33","Dor_pernas","0.75","115","12","69","46","3","9"
"954","D34","Dor_pernas","0.333333333333333","124","3","70","54","2","1"
"955","D35","Dor_pernas","0.5","125","2","71","54","1","1"
"956","D36","Dor_pernas","0.625","119","8","69","50","3","5"
"957","D37","Dor_pernas","0.863636363636364","105","22","69","36","3","19"
"958","D38","Dor_pernas","1","124","3","72","52","0","3"
"959","D39","Dor_pernas","0.866666666666667","112","15","70","42","2","13"
"960","D4","Dor_pernas","0.5","123","4","70","53","2","2"
"961","D40","Dor_pernas","0.8","122","5","71","51","1","4"
"962","D41","Dor_pernas","0.857142857142857","120","7","71","49","1","6"
"963","D42","Dor_pernas","0","124","3","69","55","3","0"
"964","D43","Dor_pernas","0","124","3","69","55","3","0"
"965","D44","Dor_pernas","0.837837837837838","90","37","66","24","6","31"
"966","D45","Dor_pernas","1","115","12","72","43","0","12"
"967","D46","Dor_pernas","0.864864864864865","90","37","67","23","5","32"
"968","D47","Dor_pernas","1","115","12","72","43","0","12"
"969","D48","Dor_pernas","0.92","102","25","70","32","2","23"
"970","D49","Dor_pernas","0.769230769230769","114","13","69","45","3","10"
"971","D5","Dor_pernas","0.666666666666667","124","3","71","53","1","2"
"972","D50","Dor_pernas","0","125","2","70","55","2","0"
"973","D51","Dor_pernas","1","126","1","72","54","0","1"
"974","D52","Dor_pernas","0","125","2","70","55","2","0"
"975","D53","Dor_pernas","0","125","2","70","55","2","0"
"976","D9","Dor_pernas","1","126","1","72","54","0","1"
"977","RMDQ1_v1","Dor_pernas","0.364864864864865","113","74","75","38","47","27"
"978","RMDQ2_v1","Dor_pernas","0.367088607594937","108","79","72","36","50","29"
"979","RMDQ3_v1","Dor_pernas","0.328571428571429","119","70","77","42","47","23"
"980","RMDQ4_v1","Dor_pernas","0.235294117647059","138","51","85","53","39","12"
"981","RMDQ5_v1","Dor_pernas","0.34375","125","64","82","43","42","22"
"982","RMDQ6_v1","Dor_pernas","0.375","141","48","94","47","30","18"
"983","RMDQ7_v1","Dor_pernas","0.441176470588235","154","34","104","50","19","15"
"984","RMDQ8_v1","Dor_pernas","0.375","180","8","118","62","5","3"
"985","RMDQ9_v1","Dor_pernas","0.482758620689655","159","29","108","51","15","14"
"986","RMDQ10_v1","Dor_pernas","0.428571428571429","153","35","103","50","20","15"
"987","RMDQ11_v1","Dor_pernas","0.457142857142857","153","35","104","49","19","16"
"988","RMDQ12_v1","Dor_pernas","0.384615384615385","149","39","99","50","24","15"
"989","RMDQ13_v1","Dor_pernas","0.35","148","40","97","51","26","14"
"990","RMDQ14_v1","Dor_pernas","0.357142857142857","146","42","96","50","27","15"
"991","RMDQ15_v1","Dor_pernas","0.44","163","25","109","54","14","11"
"992","RMDQ16_v1","Dor_pernas","0.375","156","32","103","53","20","12"
"993","RMDQ17_v1","Dor_pernas","0.333333333333333","146","42","95","51","28","14"
"994","RMDQ18_v1","Dor_pernas","0.451612903225806","157","31","106","51","17","14"
"995","RMDQ19_v1","Dor_pernas","0.518518518518518","161","27","110","51","13","14"
"996","RMDQ20_v1","Dor_pernas","0.4375","156","32","105","51","18","14"
"997","RMDQ21_v1","Dor_pernas","0.418604651162791","145","43","98","47","25","18"
"998","RMDQ22_v1","Dor_pernas","0.46875","156","32","106","50","17","15"
"999","RMDQ23_v1","Dor_pernas","0.4375","156","32","105","51","18","14"
"1000","RMDQ24_v1","Dor_pernas","0.466666666666667","158","30","107","51","16","14"
"1001","DN4_1a_v1","Dor_pernas","0.458823529411765","105","85","83","22","46","39"
"1002","DN4_1b_v1","Dor_pernas","0.302325581395349","147","43","99","48","30","13"
"1003","DN4_1c_v1","Dor_pernas","0.547169811320755","139","53","106","33","24","29"
"1004","DN4_2a_v1","Dor_pernas","0.51063829787234","145","47","107","38","23","24"
"1005","DN4_2b_v1","Dor_pernas","0.5","136","56","102","34","28","28"
"1006","DN4_2c_v1","Dor_pernas","0.464285714285714","134","56","99","35","30","26"
"1007","DN4_2d_v1","Dor_pernas","0.555555555555556","183","9","126","57","4","5"
"1008","DN4_3a_v1","Dor_pernas","0.833333333333333","186","6","129","57","1","5"
"1009","DN4_3b_v1","Dor_pernas","0.571428571428571","185","7","127","58","3","4"
"1010","DN4_4_v1","Dor_pernas","0.8","187","5","129","58","1","4"
"1011","Fuma","Retornar_trabalho","0.181818181818182","122","44","110","12","36","8"
"1012","Cirurgia_coluna","Retornar_trabalho","0.119402985074627","118","67","110","8","59","8"
"1013","Aposentado","Retornar_trabalho","0.433333333333333","146","30","138","8","17","13"
"1014","Desempregado","Retornar_trabalho","0.269230769230769","147","26","135","12","19","7"
"1015","Licenca_Medica","Retornar_trabalho","0.176470588235294","158","17","141","17","14","3"
"1016","Aposentado_Invalidez","Retornar_trabalho","0.571428571428571","167","7","150","17","3","4"
"1017","Analg.e9.sicos","Retornar_trabalho","0.135338345864662","59","133","56","3","115","18"
"1018","OutraDoenca","Retornar_trabalho","0.173913043478261","114","69","105","9","57","12"
"1019","Dor_costas","Retornar_trabalho","0.153846153846154","68","117","66","2","99","18"
"1020","Dor_pernas","Retornar_trabalho","0.220338983050847","123","59","116","7","46","13"
"1021","Retornar_trabalho","Retornar_trabalho","1","183","21","183","0","0","21"
"1022","Masc","Retornar_trabalho","0.111111111111111","69","135","63","6","120","15"
"1023","Fem","Retornar_trabalho","0.0869565217391304","135","69","120","15","63","6"
"1024","Casado_Amasiado","Retornar_trabalho","0.0985915492957746","96","71","82","14","64","7"
"1025","Solteiro","Retornar_trabalho","0.111111111111111","95","72","82","13","64","8"
"1026","Separado_Divorciado","Retornar_trabalho","0.285714285714286","160","7","141","19","5","2"
"1027","X4","Retornar_trabalho","0","164","3","143","21","3","0"
"1028","X5","Retornar_trabalho","0","162","5","141","21","5","0"
"1029","X6","Retornar_trabalho","0.444444444444444","158","9","141","17","5","4"
"1030","Livrar_costas","Retornar_trabalho","0.168224299065421","14","107","12","2","89","18"
"1031","Livrar_perna","Retornar_trabalho","0.166666666666667","109","12","91","18","10","2"
"1032","Livrar_perda_sens","Retornar_trabalho","0","119","2","99","20","2","0"
"1033","D1","Retornar_trabalho","0","118","1","98","20","1","0"
"1034","D15","Retornar_trabalho","0","112","7","92","20","7","0"
"1035","D16","Retornar_trabalho","0.411764705882353","102","17","89","13","10","7"
"1036","D17","Retornar_trabalho","0","114","5","94","20","5","0"
"1037","D18","Retornar_trabalho","0.125","103","16","85","18","14","2"
"1038","D19","Retornar_trabalho","0.428571428571429","112","7","95","17","4","3"
"1039","D2","Retornar_trabalho","0.25","111","8","93","18","6","2"
"1040","D20","Retornar_trabalho","0.375","111","8","94","17","5","3"
"1041","D21","Retornar_trabalho","0.285714285714286","112","7","94","18","5","2"
"1042","D22","Retornar_trabalho","0.5","117","2","98","19","1","1"
"1043","D23","Retornar_trabalho","0.5","117","2","98","19","1","1"
"1044","D24","Retornar_trabalho","0.291666666666667","95","24","82","13","17","7"
"1045","D25","Retornar_trabalho","0.75","115","4","98","17","1","3"
"1046","D26","Retornar_trabalho","0.5","117","2","98","19","1","1"
"1047","D27","Retornar_trabalho","0.6","114","5","97","17","2","3"
"1048","D28","Retornar_trabalho","0.333333333333333","113","6","95","18","4","2"
"1049","D29","Retornar_trabalho","0.256410256410256","80","39","70","10","29","10"
"1050","D3","Retornar_trabalho","0.5","117","2","98","19","1","1"
"1051","D30","Retornar_trabalho","0.303571428571429","63","56","60","3","39","17"
"1052","D31","Retornar_trabalho","0.1875","103","16","86","17","13","3"
"1053","D32","Retornar_trabalho","0.212121212121212","86","33","73","13","26","7"
"1054","D33","Retornar_trabalho","0.1","109","10","90","19","9","1"
"1055","D34","Retornar_trabalho","0","116","3","96","20","3","0"
"1056","D35","Retornar_trabalho","0","117","2","97","20","2","0"
"1057","D36","Retornar_trabalho","0","111","8","91","20","8","0"
"1058","D37","Retornar_trabalho","0.35","99","20","86","13","13","7"
"1059","D38","Retornar_trabalho","0","116","3","96","20","3","0"
"1060","D39","Retornar_trabalho","0.357142857142857","105","14","90","15","9","5"
"1061","D4","Retornar_trabalho","0.25","115","4","96","19","3","1"
"1062","D40","Retornar_trabalho","0","114","5","94","20","5","0"
"1063","D41","Retornar_trabalho","0.285714285714286","112","7","94","18","5","2"
"1064","D42","Retornar_trabalho","0.333333333333333","116","3","97","19","2","1"
"1065","D43","Retornar_trabalho","0.333333333333333","116","3","97","19","2","1"
"1066","D44","Retornar_trabalho","0.205882352941176","85","34","72","13","27","7"
"1067","D45","Retornar_trabalho","0.2","109","10","91","18","8","2"
"1068","D46","Retornar_trabalho","0.257142857142857","84","35","73","11","26","9"
"1069","D47","Retornar_trabalho","0.272727272727273","108","11","91","17","8","3"
"1070","D48","Retornar_trabalho","0.391304347826087","96","23","85","11","14","9"
"1071","D49","Retornar_trabalho","0.166666666666667","107","12","89","18","10","2"
"1072","D5","Retornar_trabalho","0.333333333333333","116","3","97","19","2","1"
"1073","D50","Retornar_trabalho","0","117","2","97","20","2","0"
"1074","D51","Retornar_trabalho","0","118","1","98","20","1","0"
"1075","D52","Retornar_trabalho","0","117","2","97","20","2","0"
"1076","D53","Retornar_trabalho","0","117","2","97","20","2","0"
"1077","D9","Retornar_trabalho","0","118","1","98","20","1","0"
"1078","RMDQ1_v1","Retornar_trabalho","0.128571428571429","116","70","106","10","61","9"
"1079","RMDQ2_v1","Retornar_trabalho","0.144736842105263","110","76","102","8","65","11"
"1080","RMDQ3_v1","Retornar_trabalho","0.157142857142857","118","70","109","9","59","11"
"1081","RMDQ4_v1","Retornar_trabalho","0.183673469387755","139","49","128","11","40","9"
"1082","RMDQ5_v1","Retornar_trabalho","0.19047619047619","125","63","117","8","51","12"
"1083","RMDQ6_v1","Retornar_trabalho","0.1875","140","48","129","11","39","9"
"1084","RMDQ7_v1","Retornar_trabalho","0.176470588235294","153","34","140","13","28","6"
"1085","RMDQ8_v1","Retornar_trabalho","0.25","179","8","162","17","6","2"
"1086","RMDQ9_v1","Retornar_trabalho","0.166666666666667","157","30","143","14","25","5"
"1087","RMDQ10_v1","Retornar_trabalho","0.194444444444444","151","36","139","12","29","7"
"1088","RMDQ11_v1","Retornar_trabalho","0.189189189189189","150","37","138","12","30","7"
"1089","RMDQ12_v1","Retornar_trabalho","0.179487179487179","148","39","136","12","32","7"
"1090","RMDQ13_v1","Retornar_trabalho","0.184210526315789","149","38","137","12","31","7"
"1091","RMDQ14_v1","Retornar_trabalho","0.136363636363636","143","44","130","13","38","6"
"1092","RMDQ15_v1","Retornar_trabalho","0.0740740740740741","160","27","143","17","25","2"
"1093","RMDQ16_v1","Retornar_trabalho","0.137931034482759","158","29","143","15","25","4"
"1094","RMDQ17_v1","Retornar_trabalho","0.15","147","40","134","13","34","6"
"1095","RMDQ18_v1","Retornar_trabalho","0.1875","155","32","142","13","26","6"
"1096","RMDQ19_v1","Retornar_trabalho","0.148148148148148","160","27","145","15","23","4"
"1097","RMDQ20_v1","Retornar_trabalho","0.1875","155","32","142","13","26","6"
"1098","RMDQ21_v1","Retornar_trabalho","0.232558139534884","144","43","135","9","33","10"
"1099","RMDQ22_v1","Retornar_trabalho","0.181818181818182","154","33","141","13","27","6"
"1100","RMDQ23_v1","Retornar_trabalho","0.181818181818182","154","33","141","13","27","6"
"1101","RMDQ24_v1","Retornar_trabalho","0.193548387096774","156","31","143","13","25","6"
"1102","DN4_1a_v1","Retornar_trabalho","0.0795454545454545","100","88","90","10","81","7"
"1103","DN4_1b_v1","Retornar_trabalho","0.0476190476190476","146","42","131","15","40","2"
"1104","DN4_1c_v1","Retornar_trabalho","0.132075471698113","138","53","128","10","46","7"
"1105","DN4_2a_v1","Retornar_trabalho","0.108695652173913","145","46","133","12","41","5"
"1106","DN4_2b_v1","Retornar_trabalho","0.137931034482759","133","58","124","9","50","8"
"1107","DN4_2c_v1","Retornar_trabalho","0.142857142857143","132","56","123","9","48","8"
"1108","DN4_2d_v1","Retornar_trabalho","0.2","181","10","166","15","8","2"
"1109","DN4_3a_v1","Retornar_trabalho","0.428571428571429","184","7","170","14","4","3"
"1110","DN4_3b_v1","Retornar_trabalho","0.375","183","8","169","14","5","3"
"1111","DN4_4_v1","Retornar_trabalho","0.5","185","6","171","14","3","3"
"1112","Fuma","Masc","0.652173913043478","154","46","49","105","16","30"
"1113","Cirurgia_coluna","Masc","0.708860759493671","134","79","49","85","23","56"
"1114","Aposentado","Masc","0.783783783783784","164","37","61","103","8","29"
"1115","Desempregado","Masc","0.6","167","30","57","110","12","18"
"1116","Licenca_Medica","Masc","0.631578947368421","180","19","62","118","7","12"
"1117","Aposentado_Invalidez","Masc","0.5","189","8","65","124","4","4"
"1118","Analg.e9.sicos","Masc","0.693877551020408","68","147","27","41","45","102"
"1119","OutraDoenca","Masc","0.675","127","80","43","84","26","54"
"1120","Dor_costas","Masc","0.703125","79","128","31","48","38","90"
"1121","Dor_pernas","Masc","0.692307692307692","139","65","46","93","20","45"
"1122","Retornar_trabalho","Masc","0.714285714285714","183","21","63","120","6","15"
"1123","Masc","Masc","1","79","161","79","0","0","161"
"1124","Fem","Masc","0","161","79","0","161","79","0"
"1125","Casado_Amasiado","Masc","0.588235294117647","117","85","33","84","35","50"
"1126","Solteiro","Masc","0.693181818181818","114","88","41","73","27","61"
"1127","Separado_Divorciado","Masc","0.625","194","8","65","129","3","5"
"1128","X4","Masc","0.666666666666667","199","3","67","132","1","2"
"1129","X5","Masc","0.666666666666667","196","6","66","130","2","4"
"1130","X6","Masc","1","190","12","68","122","0","12"
"1131","Livrar_costas","Masc","0.705357142857143","16","112","8","8","33","79"
"1132","Livrar_perna","Masc","0.5","114","14","34","80","7","7"
"1133","Livrar_perda_sens","Masc","0.5","126","2","40","86","1","1"
"1134","D1","Masc","1","135","1","48","87","0","1"
"1135","D15","Masc","0.571428571428571","129","7","45","84","3","4"
"1136","D16","Masc","0.7","116","20","42","74","6","14"
"1137","D17","Masc","1","131","5","48","83","0","5"
"1138","D18","Masc","0.8125","120","16","45","75","3","13"
"1139","D19","Masc","1","129","7","48","81","0","7"
"1140","D2","Masc","0.75","128","8","46","82","2","6"
"1141","D20","Masc","0.625","128","8","45","83","3","5"
"1142","D21","Masc","0.714285714285714","129","7","46","83","2","5"
"1143","D22","Masc","1","134","2","48","86","0","2"
"1144","D23","Masc","0.5","134","2","47","87","1","1"
"1145","D24","Masc","0.615384615384615","110","26","38","72","10","16"
"1146","D25","Masc","0.75","132","4","47","85","1","3"
"1147","D26","Masc","1","134","2","48","86","0","2"
"1148","D27","Masc","0.8","131","5","47","84","1","4"
"1149","D28","Masc","0.5","130","6","45","85","3","3"
"1150","D29","Masc","0.714285714285714","94","42","36","58","12","30"
"1151","D3","Masc","1","134","2","48","86","0","2"
"1152","D30","Masc","0.67741935483871","74","62","28","46","20","42"
"1153","D31","Masc","0.588235294117647","119","17","41","78","7","10"
"1154","D32","Masc","0.756756756756757","99","37","39","60","9","28"
"1155","D33","Masc","0.583333333333333","124","12","43","81","5","7"
"1156","D34","Masc","0.333333333333333","133","3","46","87","2","1"
"1157","D35","Masc","1","134","2","48","86","0","2"
"1158","D36","Masc","0.625","128","8","45","83","3","5"
"1159","D37","Masc","0.772727272727273","114","22","43","71","5","17"
"1160","D38","Masc","0.333333333333333","133","3","46","87","2","1"
"1161","D39","Masc","0.733333333333333","121","15","44","77","4","11"
"1162","D4","Masc","1","132","4","48","84","0","4"
"1163","D40","Masc","0.6","131","5","46","85","2","3"
"1164","D41","Masc","1","129","7","48","81","0","7"
"1165","D42","Masc","1","133","3","48","85","0","3"
"1166","D43","Masc","0.333333333333333","133","3","46","87","2","1"
"1167","D44","Masc","0.763157894736842","98","38","39","59","9","29"
"1168","D45","Masc","0.666666666666667","124","12","44","80","4","8"
"1169","D46","Masc","0.736842105263158","98","38","38","60","10","28"
"1170","D47","Masc","0.666666666666667","124","12","44","80","4","8"
"1171","D48","Masc","0.730769230769231","110","26","41","69","7","19"
"1172","D49","Masc","0.615384615384615","123","13","43","80","5","8"
"1173","D5","Masc","0.666666666666667","133","3","47","86","1","2"
"1174","D50","Masc","0","134","2","46","88","2","0"
"1175","D51","Masc","1","135","1","48","87","0","1"
"1176","D52","Masc","0.5","134","2","47","87","1","1"
"1177","D53","Masc","0","134","2","46","88","2","0"
"1178","D9","Masc","1","135","1","48","87","0","1"
"1179","RMDQ1_v1","Masc","0.705882352941177","134","85","46","88","25","60"
"1180","RMDQ2_v1","Masc","0.711111111111111","129","90","45","84","26","64"
"1181","RMDQ3_v1","Masc","0.7","141","80","47","94","24","56"
"1182","RMDQ4_v1","Masc","0.672727272727273","166","55","53","113","18","37"
"1183","RMDQ5_v1","Masc","0.698630136986301","148","73","49","99","22","51"
"1184","RMDQ6_v1","Masc","0.701754385964912","164","57","54","110","17","40"
"1185","RMDQ7_v1","Masc","0.692307692307692","181","39","59","122","12","27"
"1186","RMDQ8_v1","Masc","0.625","212","8","68","144","3","5"
"1187","RMDQ9_v1","Masc","0.676470588235294","186","34","60","126","11","23"
"1188","RMDQ10_v1","Masc","0.675","180","40","58","122","13","27"
"1189","RMDQ11_v1","Masc","0.666666666666667","178","42","57","121","14","28"
"1190","RMDQ12_v1","Masc","0.681818181818182","176","44","57","119","14","30"
"1191","RMDQ13_v1","Masc","0.695652173913043","174","46","57","117","14","32"
"1192","RMDQ14_v1","Masc","0.653061224489796","171","49","54","117","17","32"
"1193","RMDQ15_v1","Masc","0.741935483870968","189","31","63","126","8","23"
"1194","RMDQ16_v1","Masc","0.675675675675676","183","37","59","124","12","25"
"1195","RMDQ17_v1","Masc","0.755102040816326","171","49","59","112","12","37"
"1196","RMDQ18_v1","Masc","0.666666666666667","184","36","59","125","12","24"
"1197","RMDQ19_v1","Masc","0.6875","188","32","61","127","10","22"
"1198","RMDQ20_v1","Masc","0.710526315789474","182","38","60","122","11","27"
"1199","RMDQ21_v1","Masc","0.666666666666667","172","48","55","117","16","32"
"1200","RMDQ22_v1","Masc","0.710526315789474","182","38","60","122","11","27"
"1201","RMDQ23_v1","Masc","0.702702702702703","183","37","60","123","11","26"
"1202","RMDQ24_v1","Masc","0.685714285714286","185","35","60","125","11","24"
"1203","DN4_1a_v1","Masc","0.643564356435644","119","101","38","81","36","65"
"1204","DN4_1b_v1","Masc","0.666666666666667","171","48","56","115","16","32"
"1205","DN4_1c_v1","Masc","0.754098360655738","162","61","59","103","15","46"
"1206","DN4_2a_v1","Masc","0.701754385964912","166","57","57","109","17","40"
"1207","DN4_2b_v1","Masc","0.692307692307692","158","65","54","104","20","45"
"1208","DN4_2c_v1","Masc","0.661290322580645","158","62","53","105","21","41"
"1209","DN4_2d_v1","Masc","0.818181818181818","212","11","72","140","2","9"
"1210","DN4_3a_v1","Masc","0.75","215","8","72","143","2","6"
"1211","DN4_3b_v1","Masc","0.777777777777778","214","9","72","142","2","7"
"1212","DN4_4_v1","Masc","0.714285714285714","216","7","72","144","2","5"
"1213","Fuma","Fem","0.347826086956522","154","46","105","49","30","16"
"1214","Cirurgia_coluna","Fem","0.291139240506329","134","79","85","49","56","23"
"1215","Aposentado","Fem","0.216216216216216","164","37","103","61","29","8"
"1216","Desempregado","Fem","0.4","167","30","110","57","18","12"
"1217","Licenca_Medica","Fem","0.368421052631579","180","19","118","62","12","7"
"1218","Aposentado_Invalidez","Fem","0.5","189","8","124","65","4","4"
"1219","Analg.e9.sicos","Fem","0.306122448979592","68","147","41","27","102","45"
"1220","OutraDoenca","Fem","0.325","127","80","84","43","54","26"
"1221","Dor_costas","Fem","0.296875","79","128","48","31","90","38"
"1222","Dor_pernas","Fem","0.307692307692308","139","65","93","46","45","20"
"1223","Retornar_trabalho","Fem","0.285714285714286","183","21","120","63","15","6"
"1224","Masc","Fem","0","79","161","0","79","161","0"
"1225","Fem","Fem","1","161","79","161","0","0","79"
"1226","Casado_Amasiado","Fem","0.411764705882353","117","85","84","33","50","35"
"1227","Solteiro","Fem","0.306818181818182","114","88","73","41","61","27"
"1228","Separado_Divorciado","Fem","0.375","194","8","129","65","5","3"
"1229","X4","Fem","0.333333333333333","199","3","132","67","2","1"
"1230","X5","Fem","0.333333333333333","196","6","130","66","4","2"
"1231","X6","Fem","0","190","12","122","68","12","0"
"1232","Livrar_costas","Fem","0.294642857142857","16","112","8","8","79","33"
"1233","Livrar_perna","Fem","0.5","114","14","80","34","7","7"
"1234","Livrar_perda_sens","Fem","0.5","126","2","86","40","1","1"
"1235","D1","Fem","0","135","1","87","48","1","0"
"1236","D15","Fem","0.428571428571429","129","7","84","45","4","3"
"1237","D16","Fem","0.3","116","20","74","42","14","6"
"1238","D17","Fem","0","131","5","83","48","5","0"
"1239","D18","Fem","0.1875","120","16","75","45","13","3"
"1240","D19","Fem","0","129","7","81","48","7","0"
"1241","D2","Fem","0.25","128","8","82","46","6","2"
"1242","D20","Fem","0.375","128","8","83","45","5","3"
"1243","D21","Fem","0.285714285714286","129","7","83","46","5","2"
"1244","D22","Fem","0","134","2","86","48","2","0"
"1245","D23","Fem","0.5","134","2","87","47","1","1"
"1246","D24","Fem","0.384615384615385","110","26","72","38","16","10"
"1247","D25","Fem","0.25","132","4","85","47","3","1"
"1248","D26","Fem","0","134","2","86","48","2","0"
"1249","D27","Fem","0.2","131","5","84","47","4","1"
"1250","D28","Fem","0.5","130","6","85","45","3","3"
"1251","D29","Fem","0.285714285714286","94","42","58","36","30","12"
"1252","D3","Fem","0","134","2","86","48","2","0"
"1253","D30","Fem","0.32258064516129","74","62","46","28","42","20"
"1254","D31","Fem","0.411764705882353","119","17","78","41","10","7"
"1255","D32","Fem","0.243243243243243","99","37","60","39","28","9"
"1256","D33","Fem","0.416666666666667","124","12","81","43","7","5"
"1257","D34","Fem","0.666666666666667","133","3","87","46","1","2"
"1258","D35","Fem","0","134","2","86","48","2","0"
"1259","D36","Fem","0.375","128","8","83","45","5","3"
"1260","D37","Fem","0.227272727272727","114","22","71","43","17","5"
"1261","D38","Fem","0.666666666666667","133","3","87","46","1","2"
"1262","D39","Fem","0.266666666666667","121","15","77","44","11","4"
"1263","D4","Fem","0","132","4","84","48","4","0"
"1264","D40","Fem","0.4","131","5","85","46","3","2"
"1265","D41","Fem","0","129","7","81","48","7","0"
"1266","D42","Fem","0","133","3","85","48","3","0"
"1267","D43","Fem","0.666666666666667","133","3","87","46","1","2"
"1268","D44","Fem","0.236842105263158","98","38","59","39","29","9"
"1269","D45","Fem","0.333333333333333","124","12","80","44","8","4"
"1270","D46","Fem","0.263157894736842","98","38","60","38","28","10"
"1271","D47","Fem","0.333333333333333","124","12","80","44","8","4"
"1272","D48","Fem","0.269230769230769","110","26","69","41","19","7"
"1273","D49","Fem","0.384615384615385","123","13","80","43","8","5"
"1274","D5","Fem","0.333333333333333","133","3","86","47","2","1"
"1275","D50","Fem","1","134","2","88","46","0","2"
"1276","D51","Fem","0","135","1","87","48","1","0"
"1277","D52","Fem","0.5","134","2","87","47","1","1"
"1278","D53","Fem","1","134","2","88","46","0","2"
"1279","D9","Fem","0","135","1","87","48","1","0"
"1280","RMDQ1_v1","Fem","0.294117647058824","134","85","88","46","60","25"
"1281","RMDQ2_v1","Fem","0.288888888888889","129","90","84","45","64","26"
"1282","RMDQ3_v1","Fem","0.3","141","80","94","47","56","24"
"1283","RMDQ4_v1","Fem","0.327272727272727","166","55","113","53","37","18"
"1284","RMDQ5_v1","Fem","0.301369863013699","148","73","99","49","51","22"
"1285","RMDQ6_v1","Fem","0.298245614035088","164","57","110","54","40","17"
"1286","RMDQ7_v1","Fem","0.307692307692308","181","39","122","59","27","12"
"1287","RMDQ8_v1","Fem","0.375","212","8","144","68","5","3"
"1288","RMDQ9_v1","Fem","0.323529411764706","186","34","126","60","23","11"
"1289","RMDQ10_v1","Fem","0.325","180","40","122","58","27","13"
"1290","RMDQ11_v1","Fem","0.333333333333333","178","42","121","57","28","14"
"1291","RMDQ12_v1","Fem","0.318181818181818","176","44","119","57","30","14"
"1292","RMDQ13_v1","Fem","0.304347826086957","174","46","117","57","32","14"
"1293","RMDQ14_v1","Fem","0.346938775510204","171","49","117","54","32","17"
"1294","RMDQ15_v1","Fem","0.258064516129032","189","31","126","63","23","8"
"1295","RMDQ16_v1","Fem","0.324324324324324","183","37","124","59","25","12"
"1296","RMDQ17_v1","Fem","0.244897959183673","171","49","112","59","37","12"
"1297","RMDQ18_v1","Fem","0.333333333333333","184","36","125","59","24","12"
"1298","RMDQ19_v1","Fem","0.3125","188","32","127","61","22","10"
"1299","RMDQ20_v1","Fem","0.289473684210526","182","38","122","60","27","11"
"1300","RMDQ21_v1","Fem","0.333333333333333","172","48","117","55","32","16"
"1301","RMDQ22_v1","Fem","0.289473684210526","182","38","122","60","27","11"
"1302","RMDQ23_v1","Fem","0.297297297297297","183","37","123","60","26","11"
"1303","RMDQ24_v1","Fem","0.314285714285714","185","35","125","60","24","11"
"1304","DN4_1a_v1","Fem","0.356435643564356","119","101","81","38","65","36"
"1305","DN4_1b_v1","Fem","0.333333333333333","171","48","115","56","32","16"
"1306","DN4_1c_v1","Fem","0.245901639344262","162","61","103","59","46","15"
"1307","DN4_2a_v1","Fem","0.298245614035088","166","57","109","57","40","17"
"1308","DN4_2b_v1","Fem","0.307692307692308","158","65","104","54","45","20"
"1309","DN4_2c_v1","Fem","0.338709677419355","158","62","105","53","41","21"
"1310","DN4_2d_v1","Fem","0.181818181818182","212","11","140","72","9","2"
"1311","DN4_3a_v1","Fem","0.25","215","8","143","72","6","2"
"1312","DN4_3b_v1","Fem","0.222222222222222","214","9","142","72","7","2"
"1313","DN4_4_v1","Fem","0.285714285714286","216","7","144","72","5","2"
"1314","Fuma","Casado_Amasiado","0.260869565217391","147","46","75","72","34","12"
"1315","Cirurgia_coluna","Casado_Amasiado","0.402777777777778","106","72","53","53","43","29"
"1316","Aposentado","Casado_Amasiado","0.441176470588235","156","34","88","68","19","15"
"1317","Desempregado","Casado_Amasiado","0.346153846153846","160","26","87","73","17","9"
"1318","Licenca_Medica","Casado_Amasiado","0.263157894736842","169","19","93","76","14","5"
"1319","Aposentado_Invalidez","Casado_Amasiado","0.375","178","8","98","80","5","3"
"1320","Analg.e9.sicos","Casado_Amasiado","0.459016393442623","65","122","40","25","66","56"
"1321","OutraDoenca","Casado_Amasiado","0.405797101449275","120","69","64","56","41","28"
"1322","Dor_costas","Casado_Amasiado","0.467889908256881","77","109","45","32","58","51"
"1323","Dor_pernas","Casado_Amasiado","0.419354838709677","123","62","66","57","36","26"
"1324","Retornar_trabalho","Casado_Amasiado","0.333333333333333","146","21","82","64","14","7"
"1325","Masc","Casado_Amasiado","0.373134328358209","68","134","33","35","84","50"
"1326","Fem","Casado_Amasiado","0.514705882352941","134","68","84","50","33","35"
"1327","Casado_Amasiado","Casado_Amasiado","1","117","85","117","0","0","85"
"1328","Solteiro","Casado_Amasiado","0","114","88","29","85","88","0"
"1329","Separado_Divorciado","Casado_Amasiado","0","194","8","109","85","8","0"
"1330","X4","Casado_Amasiado","0","199","3","114","85","3","0"
"1331","X5","Casado_Amasiado","0","196","6","111","85","6","0"
"1332","X6","Casado_Amasiado","0","190","12","105","85","12","0"
"1333","Livrar_costas","Casado_Amasiado","0.422680412371134","15","97","10","5","56","41"
"1334","Livrar_perna","Casado_Amasiado","0.357142857142857","98","14","57","41","9","5"
"1335","Livrar_perda_sens","Casado_Amasiado","0","111","1","65","46","1","0"
"1336","D1","Casado_Amasiado","1","135","1","81","54","0","1"
"1337","D15","Casado_Amasiado","0.428571428571429","129","7","77","52","4","3"
"1338","D16","Casado_Amasiado","0.5","116","20","71","45","10","10"
"1339","D17","Casado_Amasiado","0.4","131","5","78","53","3","2"
"1340","D18","Casado_Amasiado","0.375","120","16","71","49","10","6"
"1341","D19","Casado_Amasiado","0.428571428571429","129","7","77","52","4","3"
"1342","D2","Casado_Amasiado","0.125","128","8","74","54","7","1"
"1343","D20","Casado_Amasiado","0.5","128","8","77","51","4","4"
"1344","D21","Casado_Amasiado","0.714285714285714","129","7","79","50","2","5"
"1345","D22","Casado_Amasiado","1","134","2","81","53","0","2"
"1346","D23","Casado_Amasiado","0","134","2","79","55","2","0"
"1347","D24","Casado_Amasiado","0.423076923076923","110","26","66","44","15","11"
"1348","D25","Casado_Amasiado","0.25","132","4","78","54","3","1"
"1349","D26","Casado_Amasiado","1","134","2","81","53","0","2"
"1350","D27","Casado_Amasiado","0","131","5","76","55","5","0"
"1351","D28","Casado_Amasiado","0.333333333333333","130","6","77","53","4","2"
"1352","D29","Casado_Amasiado","0.523809523809524","94","42","61","33","20","22"
"1353","D3","Casado_Amasiado","0","134","2","79","55","2","0"
"1354","D30","Casado_Amasiado","0.467741935483871","74","62","48","26","33","29"
"1355","D31","Casado_Amasiado","0.294117647058824","119","17","69","50","12","5"
"1356","D32","Casado_Amasiado","0.486486486486487","99","37","62","37","19","18"
"1357","D33","Casado_Amasiado","0.333333333333333","124","12","73","51","8","4"
"1358","D34","Casado_Amasiado","0.333333333333333","133","3","79","54","2","1"
"1359","D35","Casado_Amasiado","0","134","2","79","55","2","0"
"1360","D36","Casado_Amasiado","0.5","128","8","77","51","4","4"
"1361","D37","Casado_Amasiado","0.5","114","22","70","44","11","11"
"1362","D38","Casado_Amasiado","0","133","3","78","55","3","0"
"1363","D39","Casado_Amasiado","0.533333333333333","121","15","74","47","7","8"
"1364","D4","Casado_Amasiado","0","132","4","77","55","4","0"
"1365","D40","Casado_Amasiado","0.2","131","5","77","54","4","1"
"1366","D41","Casado_Amasiado","0.428571428571429","129","7","77","52","4","3"
"1367","D42","Casado_Amasiado","0.666666666666667","133","3","80","53","1","2"
"1368","D43","Casado_Amasiado","1","133","3","81","52","0","3"
"1369","D44","Casado_Amasiado","0.5","98","38","62","36","19","19"
"1370","D45","Casado_Amasiado","0.166666666666667","124","12","71","53","10","2"
"1371","D46","Casado_Amasiado","0.5","98","38","62","36","19","19"
"1372","D47","Casado_Amasiado","0.166666666666667","124","12","71","53","10","2"
"1373","D48","Casado_Amasiado","0.461538461538462","110","26","67","43","14","12"
"1374","D49","Casado_Amasiado","0.384615384615385","123","13","73","50","8","5"
"1375","D5","Casado_Amasiado","0","133","3","78","55","3","0"
"1376","D50","Casado_Amasiado","0.5","134","2","80","54","1","1"
"1377","D51","Casado_Amasiado","0","135","1","80","55","1","0"
"1378","D52","Casado_Amasiado","0.5","134","2","80","54","1","1"
"1379","D53","Casado_Amasiado","1","134","2","81","53","0","2"
"1380","D9","Casado_Amasiado","0","135","1","80","55","1","0"
"1381","RMDQ1_v1","Casado_Amasiado","0.542857142857143","111","70","68","43","32","38"
"1382","RMDQ2_v1","Casado_Amasiado","0.546666666666667","106","75","66","40","34","41"
"1383","RMDQ3_v1","Casado_Amasiado","0.515151515151515","117","66","70","47","32","34"
"1384","RMDQ4_v1","Casado_Amasiado","0.531914893617021","136","47","80","56","22","25"
"1385","RMDQ5_v1","Casado_Amasiado","0.491803278688525","122","61","71","51","31","30"
"1386","RMDQ6_v1","Casado_Amasiado","0.458333333333333","135","48","76","59","26","22"
"1387","RMDQ7_v1","Casado_Amasiado","0.484848484848485","149","33","84","65","17","16"
"1388","RMDQ8_v1","Casado_Amasiado","0.375","174","8","96","78","5","3"
"1389","RMDQ9_v1","Casado_Amasiado","0.517241379310345","153","29","87","66","14","15"
"1390","RMDQ10_v1","Casado_Amasiado","0.5","148","34","84","64","17","17"
"1391","RMDQ11_v1","Casado_Amasiado","0.5","146","36","83","63","18","18"
"1392","RMDQ12_v1","Casado_Amasiado","0.472222222222222","146","36","82","64","19","17"
"1393","RMDQ13_v1","Casado_Amasiado","0.526315789473684","144","38","83","61","18","20"
"1394","RMDQ14_v1","Casado_Amasiado","0.55","142","40","83","59","18","22"
"1395","RMDQ15_v1","Casado_Amasiado","0.541666666666667","158","24","90","68","11","13"
"1396","RMDQ16_v1","Casado_Amasiado","0.516129032258065","151","31","86","65","15","16"
"1397","RMDQ17_v1","Casado_Amasiado","0.461538461538462","143","39","80","63","21","18"
"1398","RMDQ18_v1","Casado_Amasiado","0.516129032258065","151","31","86","65","15","16"
"1399","RMDQ19_v1","Casado_Amasiado","0.518518518518518","155","27","88","67","13","14"
"1400","RMDQ20_v1","Casado_Amasiado","0.5","150","32","85","65","16","16"
"1401","RMDQ21_v1","Casado_Amasiado","0.5","142","40","81","61","20","20"
"1402","RMDQ22_v1","Casado_Amasiado","0.484848484848485","149","33","84","65","17","16"
"1403","RMDQ23_v1","Casado_Amasiado","0.483870967741935","151","31","85","66","16","15"
"1404","RMDQ24_v1","Casado_Amasiado","0.5","152","30","86","66","15","15"
"1405","DN4_1a_v1","Casado_Amasiado","0.469135802469136","102","81","59","43","43","38"
"1406","DN4_1b_v1","Casado_Amasiado","0.675","142","40","90","52","13","27"
"1407","DN4_1c_v1","Casado_Amasiado","0.403846153846154","133","52","73","60","31","21"
"1408","DN4_2a_v1","Casado_Amasiado","0.446808510638298","138","47","78","60","26","21"
"1409","DN4_2b_v1","Casado_Amasiado","0.327272727272727","130","55","67","63","37","18"
"1410","DN4_2c_v1","Casado_Amasiado","0.407407407407407","129","54","70","59","32","22"
"1411","DN4_2d_v1","Casado_Amasiado","0.285714285714286","178","7","99","79","5","2"
"1412","DN4_3a_v1","Casado_Amasiado","0.5","179","6","101","78","3","3"
"1413","DN4_3b_v1","Casado_Amasiado","0.285714285714286","178","7","99","79","5","2"
"1414","DN4_4_v1","Casado_Amasiado","0.4","180","5","101","79","3","2"
"1415","Fuma","Solteiro","0.521739130434783","147","46","88","59","22","24"
"1416","Cirurgia_coluna","Solteiro","0.430555555555556","106","72","64","42","41","31"
"1417","Aposentado","Solteiro","0.264705882352941","156","34","84","72","25","9"
"1418","Desempregado","Solteiro","0.538461538461538","160","26","95","65","12","14"
"1419","Licenca_Medica","Solteiro","0.631578947368421","169","19","100","69","7","12"
"1420","Aposentado_Invalidez","Solteiro","0.5","178","8","105","73","4","4"
"1421","Analg.e9.sicos","Solteiro","0.39344262295082","65","122","33","32","74","48"
"1422","OutraDoenca","Solteiro","0.434782608695652","120","69","70","50","39","30"
"1423","Dor_costas","Solteiro","0.394495412844037","77","109","43","34","66","43"
"1424","Dor_pernas","Solteiro","0.435483870967742","123","62","74","49","35","27"
"1425","Retornar_trabalho","Solteiro","0.380952380952381","146","21","82","64","13","8"
"1426","Masc","Solteiro","0.455223880597015","68","134","41","27","73","61"
"1427","Fem","Solteiro","0.397058823529412","134","68","73","61","41","27"
"1428","Casado_Amasiado","Solteiro","0","117","85","29","88","85","0"
"1429","Solteiro","Solteiro","1","114","88","114","0","0","88"
"1430","Separado_Divorciado","Solteiro","0","194","8","106","88","8","0"
"1431","X4","Solteiro","0","199","3","111","88","3","0"
"1432","X5","Solteiro","0","196","6","108","88","6","0"
"1433","X6","Solteiro","0","190","12","102","88","12","0"
"1434","Livrar_costas","Solteiro","0.45360824742268","15","97","9","6","53","44"
"1435","Livrar_perna","Solteiro","0.428571428571429","98","14","54","44","8","6"
"1436","Livrar_perda_sens","Solteiro","0","111","1","61","50","1","0"
"1437","D1","Solteiro","0","135","1","76","59","1","0"
"1438","D15","Solteiro","0.428571428571429","129","7","73","56","4","3"
"1439","D16","Solteiro","0.3","116","20","63","53","14","6"
"1440","D17","Solteiro","0.4","131","5","74","57","3","2"
"1441","D18","Solteiro","0.5","120","16","69","51","8","8"
"1442","D19","Solteiro","0.428571428571429","129","7","73","56","4","3"
"1443","D2","Solteiro","0.5","128","8","73","55","4","4"
"1444","D20","Solteiro","0.5","128","8","73","55","4","4"
"1445","D21","Solteiro","0.285714285714286","129","7","72","57","5","2"
"1446","D22","Solteiro","0","134","2","75","59","2","0"
"1447","D23","Solteiro","1","134","2","77","57","0","2"
"1448","D24","Solteiro","0.5","110","26","64","46","13","13"
"1449","D25","Solteiro","0.75","132","4","76","56","1","3"
"1450","D26","Solteiro","0","134","2","75","59","2","0"
"1451","D27","Solteiro","1","131","5","77","54","0","5"
"1452","D28","Solteiro","0.666666666666667","130","6","75","55","2","4"
"1453","D29","Solteiro","0.30952380952381","94","42","48","46","29","13"
"1454","D3","Solteiro","0.5","134","2","76","58","1","1"
"1455","D30","Solteiro","0.387096774193548","74","62","39","35","38","24"
"1456","D31","Solteiro","0.588235294117647","119","17","70","49","7","10"
"1457","D32","Solteiro","0.351351351351351","99","37","53","46","24","13"
"1458","D33","Solteiro","0.583333333333333","124","12","72","52","5","7"
"1459","D34","Solteiro","0.666666666666667","133","3","76","57","1","2"
"1460","D35","Solteiro","1","134","2","77","57","0","2"
"1461","D36","Solteiro","0.375","128","8","72","56","5","3"
"1462","D37","Solteiro","0.318181818181818","114","22","62","52","15","7"
"1463","D38","Solteiro","0.666666666666667","133","3","76","57","1","2"
"1464","D39","Solteiro","0.2","121","15","65","56","12","3"
"1465","D4","Solteiro","0.75","132","4","76","56","1","3"
"1466","D40","Solteiro","0.6","131","5","75","56","2","3"
"1467","D41","Solteiro","0.428571428571429","129","7","73","56","4","3"
"1468","D42","Solteiro","0.333333333333333","133","3","75","58","2","1"
"1469","D43","Solteiro","0","133","3","74","59","3","0"
"1470","D44","Solteiro","0.315789473684211","98","38","51","47","26","12"
"1471","D45","Solteiro","0.75","124","12","74","50","3","9"
"1472","D46","Solteiro","0.289473684210526","98","38","50","48","27","11"
"1473","D47","Solteiro","0.666666666666667","124","12","73","51","4","8"
"1474","D48","Solteiro","0.307692307692308","110","26","59","51","18","8"
"1475","D49","Solteiro","0.461538461538462","123","13","70","53","7","6"
"1476","D5","Solteiro","0.666666666666667","133","3","76","57","1","2"
"1477","D50","Solteiro","0.5","134","2","76","58","1","1"
"1478","D51","Solteiro","1","135","1","77","58","0","1"
"1479","D52","Solteiro","0.5","134","2","76","58","1","1"
"1480","D53","Solteiro","0","134","2","75","59","2","0"
"1481","D9","Solteiro","1","135","1","77","58","0","1"
"1482","RMDQ1_v1","Solteiro","0.342857142857143","111","70","61","50","46","24"
"1483","RMDQ2_v1","Solteiro","0.346666666666667","106","75","58","48","49","26"
"1484","RMDQ3_v1","Solteiro","0.348484848484849","117","66","65","52","43","23"
"1485","RMDQ4_v1","Solteiro","0.340425531914894","136","47","77","59","31","16"
"1486","RMDQ5_v1","Solteiro","0.344262295081967","122","61","68","54","40","21"
"1487","RMDQ6_v1","Solteiro","0.333333333333333","135","48","76","59","32","16"
"1488","RMDQ7_v1","Solteiro","0.363636363636364","149","33","86","63","21","12"
"1489","RMDQ8_v1","Solteiro","0.5","174","8","103","71","4","4"
"1490","RMDQ9_v1","Solteiro","0.344827586206897","153","29","88","65","19","10"
"1491","RMDQ10_v1","Solteiro","0.382352941176471","148","34","86","62","21","13"
"1492","RMDQ11_v1","Solteiro","0.361111111111111","146","36","84","62","23","13"
"1493","RMDQ12_v1","Solteiro","0.388888888888889","146","36","85","61","22","14"
"1494","RMDQ13_v1","Solteiro","0.342105263157895","144","38","82","62","25","13"
"1495","RMDQ14_v1","Solteiro","0.35","142","40","81","61","26","14"
"1496","RMDQ15_v1","Solteiro","0.333333333333333","158","24","91","67","16","8"
"1497","RMDQ16_v1","Solteiro","0.32258064516129","151","31","86","65","21","10"
"1498","RMDQ17_v1","Solteiro","0.384615384615385","143","39","83","60","24","15"
"1499","RMDQ18_v1","Solteiro","0.387096774193548","151","31","88","63","19","12"
"1500","RMDQ19_v1","Solteiro","0.37037037037037","155","27","90","65","17","10"
"1501","RMDQ20_v1","Solteiro","0.34375","150","32","86","64","21","11"
"1502","RMDQ21_v1","Solteiro","0.375","142","40","82","60","25","15"
"1503","RMDQ22_v1","Solteiro","0.363636363636364","149","33","86","63","21","12"
"1504","RMDQ23_v1","Solteiro","0.387096774193548","151","31","88","63","19","12"
"1505","RMDQ24_v1","Solteiro","0.366666666666667","152","30","88","64","19","11"
"1506","DN4_1a_v1","Solteiro","0.37037037037037","102","81","56","46","51","30"
"1507","DN4_1b_v1","Solteiro","0.25","142","40","74","68","30","10"
"1508","DN4_1c_v1","Solteiro","0.403846153846154","133","52","76","57","31","21"
"1509","DN4_2a_v1","Solteiro","0.340425531914894","138","47","76","62","31","16"
"1510","DN4_2b_v1","Solteiro","0.490909090909091","130","55","79","51","28","27"
"1511","DN4_2c_v1","Solteiro","0.37037037037037","129","54","73","56","34","20"
"1512","DN4_2d_v1","Solteiro","0.285714285714286","178","7","102","76","5","2"
"1513","DN4_3a_v1","Solteiro","0.5","179","6","104","75","3","3"
"1514","DN4_3b_v1","Solteiro","0.714285714285714","178","7","105","73","2","5"
"1515","DN4_4_v1","Solteiro","0.6","180","5","105","75","2","3"
"1516","Fuma","Separado_Divorciado","0.0217391304347826","147","46","140","7","45","1"
"1517","Cirurgia_coluna","Separado_Divorciado","0.0416666666666667","106","72","101","5","69","3"
"1518","Aposentado","Separado_Divorciado","0.0882352941176471","156","34","151","5","31","3"
"1519","Desempregado","Separado_Divorciado","0.0384615384615385","160","26","154","6","25","1"
"1520","Licenca_Medica","Separado_Divorciado","0.0526315789473684","169","19","162","7","18","1"
"1521","Aposentado_Invalidez","Separado_Divorciado","0","178","8","170","8","8","0"
"1522","Analg.e9.sicos","Separado_Divorciado","0.0491803278688525","65","122","63","2","116","6"
"1523","OutraDoenca","Separado_Divorciado","0.072463768115942","120","69","118","2","64","5"
"1524","Dor_costas","Separado_Divorciado","0.055045871559633","77","109","75","2","103","6"
"1525","Dor_pernas","Separado_Divorciado","0.0483870967741935","123","62","118","5","59","3"
"1526","Retornar_trabalho","Separado_Divorciado","0.0952380952380952","146","21","141","5","19","2"
"1527","Masc","Separado_Divorciado","0.0373134328358209","68","134","65","3","129","5"
"1528","Fem","Separado_Divorciado","0.0441176470588235","134","68","129","5","65","3"
"1529","Casado_Amasiado","Separado_Divorciado","0","117","85","109","8","85","0"
"1530","Solteiro","Separado_Divorciado","0","114","88","106","8","88","0"
"1531","Separado_Divorciado","Separado_Divorciado","1","194","8","194","0","0","8"
"1532","X4","Separado_Divorciado","0","199","3","191","8","3","0"
"1533","X5","Separado_Divorciado","0","196","6","188","8","6","0"
"1534","X6","Separado_Divorciado","0","190","12","182","8","12","0"
"1535","Livrar_costas","Separado_Divorciado","0.0412371134020619","15","97","14","1","93","4"
"1536","Livrar_perna","Separado_Divorciado","0.0714285714285714","98","14","94","4","13","1"
"1537","Livrar_perda_sens","Separado_Divorciado","0","111","1","106","5","1","0"
"1538","D1","Separado_Divorciado","0","135","1","128","7","1","0"
"1539","D15","Separado_Divorciado","0","129","7","122","7","7","0"
"1540","D16","Separado_Divorciado","0.05","116","20","110","6","19","1"
"1541","D17","Separado_Divorciado","0","131","5","124","7","5","0"
"1542","D18","Separado_Divorciado","0","120","16","113","7","16","0"
"1543","D19","Separado_Divorciado","0","129","7","122","7","7","0"
"1544","D2","Separado_Divorciado","0","128","8","121","7","8","0"
"1545","D20","Separado_Divorciado","0","128","8","121","7","8","0"
"1546","D21","Separado_Divorciado","0","129","7","122","7","7","0"
"1547","D22","Separado_Divorciado","0","134","2","127","7","2","0"
"1548","D23","Separado_Divorciado","0","134","2","127","7","2","0"
"1549","D24","Separado_Divorciado","0","110","26","103","7","26","0"
"1550","D25","Separado_Divorciado","0","132","4","125","7","4","0"
"1551","D26","Separado_Divorciado","0","134","2","127","7","2","0"
"1552","D27","Separado_Divorciado","0","131","5","124","7","5","0"
"1553","D28","Separado_Divorciado","0","130","6","123","7","6","0"
"1554","D29","Separado_Divorciado","0.0476190476190476","94","42","89","5","40","2"
"1555","D3","Separado_Divorciado","0","134","2","127","7","2","0"
"1556","D30","Separado_Divorciado","0.0483870967741935","74","62","70","4","59","3"
"1557","D31","Separado_Divorciado","0","119","17","112","7","17","0"
"1558","D32","Separado_Divorciado","0.0540540540540541","99","37","94","5","35","2"
"1559","D33","Separado_Divorciado","0","124","12","117","7","12","0"
"1560","D34","Separado_Divorciado","0","133","3","126","7","3","0"
"1561","D35","Separado_Divorciado","0","134","2","127","7","2","0"
"1562","D36","Separado_Divorciado","0","128","8","121","7","8","0"
"1563","D37","Separado_Divorciado","0.0454545454545455","114","22","108","6","21","1"
"1564","D38","Separado_Divorciado","0","133","3","126","7","3","0"
"1565","D39","Separado_Divorciado","0.0666666666666667","121","15","115","6","14","1"
"1566","D4","Separado_Divorciado","0","132","4","125","7","4","0"
"1567","D40","Separado_Divorciado","0","131","5","124","7","5","0"
"1568","D41","Separado_Divorciado","0","129","7","122","7","7","0"
"1569","D42","Separado_Divorciado","0","133","3","126","7","3","0"
"1570","D43","Separado_Divorciado","0","133","3","126","7","3","0"
"1571","D44","Separado_Divorciado","0.0526315789473684","98","38","93","5","36","2"
"1572","D45","Separado_Divorciado","0","124","12","117","7","12","0"
"1573","D46","Separado_Divorciado","0.0526315789473684","98","38","93","5","36","2"
"1574","D47","Separado_Divorciado","0","124","12","117","7","12","0"
"1575","D48","Separado_Divorciado","0.0384615384615385","110","26","104","6","25","1"
"1576","D49","Separado_Divorciado","0","123","13","116","7","13","0"
"1577","D5","Separado_Divorciado","0","133","3","126","7","3","0"
"1578","D50","Separado_Divorciado","0","134","2","127","7","2","0"
"1579","D51","Separado_Divorciado","0","135","1","128","7","1","0"
"1580","D52","Separado_Divorciado","0","134","2","127","7","2","0"
"1581","D53","Separado_Divorciado","0","134","2","127","7","2","0"
"1582","D9","Separado_Divorciado","0","135","1","128","7","1","0"
"1583","RMDQ1_v1","Separado_Divorciado","0.0285714285714286","111","70","106","5","68","2"
"1584","RMDQ2_v1","Separado_Divorciado","0.0266666666666667","106","75","101","5","73","2"
"1585","RMDQ3_v1","Separado_Divorciado","0.0303030303030303","117","66","111","6","64","2"
"1586","RMDQ4_v1","Separado_Divorciado","0.0425531914893617","136","47","130","6","45","2"
"1587","RMDQ5_v1","Separado_Divorciado","0.0327868852459016","122","61","116","6","59","2"
"1588","RMDQ6_v1","Separado_Divorciado","0.0416666666666667","135","48","129","6","46","2"
"1589","RMDQ7_v1","Separado_Divorciado","0","149","33","142","7","33","0"
"1590","RMDQ8_v1","Separado_Divorciado","0","174","8","167","7","8","0"
"1591","RMDQ9_v1","Separado_Divorciado","0","153","29","146","7","29","0"
"1592","RMDQ10_v1","Separado_Divorciado","0","148","34","141","7","34","0"
"1593","RMDQ11_v1","Separado_Divorciado","0","146","36","139","7","36","0"
"1594","RMDQ12_v1","Separado_Divorciado","0","146","36","139","7","36","0"
"1595","RMDQ13_v1","Separado_Divorciado","0.0263157894736842","144","38","138","6","37","1"
"1596","RMDQ14_v1","Separado_Divorciado","0","142","40","135","7","40","0"
"1597","RMDQ15_v1","Separado_Divorciado","0","158","24","151","7","24","0"
"1598","RMDQ16_v1","Separado_Divorciado","0.032258064516129","151","31","145","6","30","1"
"1599","RMDQ17_v1","Separado_Divorciado","0.0512820512820513","143","39","138","5","37","2"
"1600","RMDQ18_v1","Separado_Divorciado","0","151","31","144","7","31","0"
"1601","RMDQ19_v1","Separado_Divorciado","0","155","27","148","7","27","0"
"1602","RMDQ20_v1","Separado_Divorciado","0","150","32","143","7","32","0"
"1603","RMDQ21_v1","Separado_Divorciado","0.025","142","40","136","6","39","1"
"1604","RMDQ22_v1","Separado_Divorciado","0.0303030303030303","149","33","143","6","32","1"
"1605","RMDQ23_v1","Separado_Divorciado","0","151","31","144","7","31","0"
"1606","RMDQ24_v1","Separado_Divorciado","0","152","30","145","7","30","0"
"1607","DN4_1a_v1","Separado_Divorciado","0.0493827160493827","102","81","99","3","77","4"
"1608","DN4_1b_v1","Separado_Divorciado","0.05","142","40","137","5","38","2"
"1609","DN4_1c_v1","Separado_Divorciado","0.0384615384615385","133","52","128","5","50","2"
"1610","DN4_2a_v1","Separado_Divorciado","0.0425531914893617","138","47","133","5","45","2"
"1611","DN4_2b_v1","Separado_Divorciado","0.0181818181818182","130","55","124","6","54","1"
"1612","DN4_2c_v1","Separado_Divorciado","0.0740740740740741","129","54","126","3","50","4"
"1613","DN4_2d_v1","Separado_Divorciado","0","178","7","171","7","7","0"
"1614","DN4_3a_v1","Separado_Divorciado","0","179","6","172","7","6","0"
"1615","DN4_3b_v1","Separado_Divorciado","0","178","7","171","7","7","0"
"1616","DN4_4_v1","Separado_Divorciado","0","180","5","173","7","5","0"
"1617","Fuma","X4","0.0652173913043478","147","46","147","0","43","3"
"1618","Cirurgia_coluna","X4","0","106","72","105","1","72","0"
"1619","Aposentado","X4","0","156","34","153","3","34","0"
"1620","Desempregado","X4","0","160","26","157","3","26","0"
"1621","Licenca_Medica","X4","0","169","19","166","3","19","0"
"1622","Aposentado_Invalidez","X4","0","178","8","175","3","8","0"
"1623","Analg.e9.sicos","X4","0.0163934426229508","65","122","64","1","120","2"
"1624","OutraDoenca","X4","0.0144927536231884","120","69","118","2","68","1"
"1625","Dor_costas","X4","0.018348623853211","77","109","76","1","107","2"
"1626","Dor_pernas","X4","0.0161290322580645","123","62","121","2","61","1"
"1627","Retornar_trabalho","X4","0","146","21","143","3","21","0"
"1628","Masc","X4","0.0149253731343284","68","134","67","1","132","2"
"1629","Fem","X4","0.0147058823529412","134","68","132","2","67","1"
"1630","Casado_Amasiado","X4","0","117","85","114","3","85","0"
"1631","Solteiro","X4","0","114","88","111","3","88","0"
"1632","Separado_Divorciado","X4","0","194","8","191","3","8","0"
"1633","X4","X4","1","199","3","199","0","0","3"
"1634","X5","X4","0","196","6","193","3","6","0"
"1635","X6","X4","0","190","12","187","3","12","0"
"1636","Livrar_costas","X4","0.0103092783505155","15","97","14","1","96","1"
"1637","Livrar_perna","X4","0.0714285714285714","98","14","97","1","13","1"
"1638","Livrar_perda_sens","X4","0","111","1","109","2","1","0"
"1639","D1","X4","0","135","1","132","3","1","0"
"1640","D15","X4","0.142857142857143","129","7","127","2","6","1"
"1641","D16","X4","0","116","20","113","3","20","0"
"1642","D17","X4","0.2","131","5","129","2","4","1"
"1643","D18","X4","0.0625","120","16","118","2","15","1"
"1644","D19","X4","0.142857142857143","129","7","127","2","6","1"
"1645","D2","X4","0.25","128","8","127","1","6","2"
"1646","D20","X4","0","128","8","125","3","8","0"
"1647","D21","X4","0","129","7","126","3","7","0"
"1648","D22","X4","0","134","2","131","3","2","0"
"1649","D23","X4","0","134","2","131","3","2","0"
"1650","D24","X4","0","110","26","107","3","26","0"
"1651","D25","X4","0","132","4","129","3","4","0"
"1652","D26","X4","0","134","2","131","3","2","0"
"1653","D27","X4","0","131","5","128","3","5","0"
"1654","D28","X4","0","130","6","127","3","6","0"
"1655","D29","X4","0","94","42","91","3","42","0"
"1656","D3","X4","0.5","134","2","132","2","1","1"
"1657","D30","X4","0","74","62","71","3","62","0"
"1658","D31","X4","0.0588235294117647","119","17","117","2","16","1"
"1659","D32","X4","0","99","37","96","3","37","0"
"1660","D33","X4","0.0833333333333333","124","12","122","2","11","1"
"1661","D34","X4","0","133","3","130","3","3","0"
"1662","D35","X4","0","134","2","131","3","2","0"
"1663","D36","X4","0.125","128","8","126","2","7","1"
"1664","D37","X4","0","114","22","111","3","22","0"
"1665","D38","X4","0.333333333333333","133","3","131","2","2","1"
"1666","D39","X4","0","121","15","118","3","15","0"
"1667","D4","X4","0.25","132","4","130","2","3","1"
"1668","D40","X4","0.2","131","5","129","2","4","1"
"1669","D41","X4","0","129","7","126","3","7","0"
"1670","D42","X4","0","133","3","130","3","3","0"
"1671","D43","X4","0","133","3","130","3","3","0"
"1672","D44","X4","0","98","38","95","3","38","0"
"1673","D45","X4","0","124","12","121","3","12","0"
"1674","D46","X4","0","98","38","95","3","38","0"
"1675","D47","X4","0.0833333333333333","124","12","122","2","11","1"
"1676","D48","X4","0","110","26","107","3","26","0"
"1677","D49","X4","0.0769230769230769","123","13","121","2","12","1"
"1678","D5","X4","0","133","3","130","3","3","0"
"1679","D50","X4","0","134","2","131","3","2","0"
"1680","D51","X4","0","135","1","132","3","1","0"
"1681","D52","X4","0","134","2","131","3","2","0"
"1682","D53","X4","0","134","2","131","3","2","0"
"1683","D9","X4","0","135","1","132","3","1","0"
"1684","RMDQ1_v1","X4","0","111","70","108","3","70","0"
"1685","RMDQ2_v1","X4","0","106","75","103","3","75","0"
"1686","RMDQ3_v1","X4","0","117","66","114","3","66","0"
"1687","RMDQ4_v1","X4","0","136","47","133","3","47","0"
"1688","RMDQ5_v1","X4","0","122","61","119","3","61","0"
"1689","RMDQ6_v1","X4","0","135","48","132","3","48","0"
"1690","RMDQ7_v1","X4","0","149","33","146","3","33","0"
"1691","RMDQ8_v1","X4","0","174","8","171","3","8","0"
"1692","RMDQ9_v1","X4","0","153","29","150","3","29","0"
"1693","RMDQ10_v1","X4","0","148","34","145","3","34","0"
"1694","RMDQ11_v1","X4","0","146","36","143","3","36","0"
"1695","RMDQ12_v1","X4","0","146","36","143","3","36","0"
"1696","RMDQ13_v1","X4","0","144","38","141","3","38","0"
"1697","RMDQ14_v1","X4","0","142","40","139","3","40","0"
"1698","RMDQ15_v1","X4","0","158","24","155","3","24","0"
"1699","RMDQ16_v1","X4","0","151","31","148","3","31","0"
"1700","RMDQ17_v1","X4","0","143","39","140","3","39","0"
"1701","RMDQ18_v1","X4","0","151","31","148","3","31","0"
"1702","RMDQ19_v1","X4","0","155","27","152","3","27","0"
"1703","RMDQ20_v1","X4","0","150","32","147","3","32","0"
"1704","RMDQ21_v1","X4","0","142","40","139","3","40","0"
"1705","RMDQ22_v1","X4","0","149","33","146","3","33","0"
"1706","RMDQ23_v1","X4","0","151","31","148","3","31","0"
"1707","RMDQ24_v1","X4","0","152","30","149","3","30","0"
"1708","DN4_1a_v1","X4","0.0246913580246914","102","81","101","1","79","2"
"1709","DN4_1b_v1","X4","0","142","40","139","3","40","0"
"1710","DN4_1c_v1","X4","0.0384615384615385","133","52","132","1","50","2"
"1711","DN4_2a_v1","X4","0.0425531914893617","138","47","137","1","45","2"
"1712","DN4_2b_v1","X4","0.0545454545454545","130","55","130","0","52","3"
"1713","DN4_2c_v1","X4","0.037037037037037","129","54","128","1","52","2"
"1714","DN4_2d_v1","X4","0.142857142857143","178","7","176","2","6","1"
"1715","DN4_3a_v1","X4","0","179","6","176","3","6","0"
"1716","DN4_3b_v1","X4","0","178","7","175","3","7","0"
"1717","DN4_4_v1","X4","0","180","5","177","3","5","0"
"1718","Fuma","X5","0.0217391304347826","147","46","144","3","45","1"
"1719","Cirurgia_coluna","X5","0.0277777777777778","106","72","104","2","70","2"
"1720","Aposentado","X5","0","156","34","152","4","34","0"
"1721","Desempregado","X5","0.0384615384615385","160","26","157","3","25","1"
"1722","Licenca_Medica","X5","0","169","19","165","4","19","0"
"1723","Aposentado_Invalidez","X5","0","178","8","174","4","8","0"
"1724","Analg.e9.sicos","X5","0.00819672131147541","65","122","62","3","121","1"
"1725","OutraDoenca","X5","0","120","69","116","4","69","0"
"1726","Dor_costas","X5","0.00917431192660551","77","109","74","3","108","1"
"1727","Dor_pernas","X5","0","123","62","119","4","62","0"
"1728","Retornar_trabalho","X5","0","146","21","141","5","21","0"
"1729","Masc","X5","0.0298507462686567","68","134","66","2","130","4"
"1730","Fem","X5","0.0294117647058824","134","68","130","4","66","2"
"1731","Casado_Amasiado","X5","0","117","85","111","6","85","0"
"1732","Solteiro","X5","0","114","88","108","6","88","0"
"1733","Separado_Divorciado","X5","0","194","8","188","6","8","0"
"1734","X4","X5","0","199","3","193","6","3","0"
"1735","X5","X5","1","196","6","196","0","0","6"
"1736","X6","X5","0","190","12","184","6","12","0"
"1737","Livrar_costas","X5","0.0103092783505155","15","97","14","1","96","1"
"1738","Livrar_perna","X5","0","98","14","96","2","14","0"
"1739","Livrar_perda_sens","X5","1","111","1","110","1","0","1"
"1740","D1","X5","0","135","1","133","2","1","0"
"1741","D15","X5","0","129","7","127","2","7","0"
"1742","D16","X5","0","116","20","114","2","20","0"
"1743","D17","X5","0","131","5","129","2","5","0"
"1744","D18","X5","0.0625","120","16","119","1","15","1"
"1745","D19","X5","0","129","7","127","2","7","0"
"1746","D2","X5","0","128","8","126","2","8","0"
"1747","D20","X5","0","128","8","126","2","8","0"
"1748","D21","X5","0","129","7","127","2","7","0"
"1749","D22","X5","0","134","2","132","2","2","0"
"1750","D23","X5","0","134","2","132","2","2","0"
"1751","D24","X5","0.0384615384615385","110","26","109","1","25","1"
"1752","D25","X5","0","132","4","130","2","4","0"
"1753","D26","X5","0","134","2","132","2","2","0"
"1754","D27","X5","0","131","5","129","2","5","0"
"1755","D28","X5","0","130","6","128","2","6","0"
"1756","D29","X5","0","94","42","92","2","42","0"
"1757","D3","X5","0","134","2","132","2","2","0"
"1758","D30","X5","0","74","62","72","2","62","0"
"1759","D31","X5","0","119","17","117","2","17","0"
"1760","D32","X5","0","99","37","97","2","37","0"
"1761","D33","X5","0","124","12","122","2","12","0"
"1762","D34","X5","0","133","3","131","2","3","0"
"1763","D35","X5","0","134","2","132","2","2","0"
"1764","D36","X5","0","128","8","126","2","8","0"
"1765","D37","X5","0","114","22","112","2","22","0"
"1766","D38","X5","0","133","3","131","2","3","0"
"1767","D39","X5","0","121","15","119","2","15","0"
"1768","D4","X5","0","132","4","130","2","4","0"
"1769","D40","X5","0","131","5","129","2","5","0"
"1770","D41","X5","0","129","7","127","2","7","0"
"1771","D42","X5","0","133","3","131","2","3","0"
"1772","D43","X5","0","133","3","131","2","3","0"
"1773","D44","X5","0","98","38","96","2","38","0"
"1774","D45","X5","0","124","12","122","2","12","0"
"1775","D46","X5","0","98","38","96","2","38","0"
"1776","D47","X5","0","124","12","122","2","12","0"
"1777","D48","X5","0","110","26","108","2","26","0"
"1778","D49","X5","0","123","13","121","2","13","0"
"1779","D5","X5","0","133","3","131","2","3","0"
"1780","D50","X5","0","134","2","132","2","2","0"
"1781","D51","X5","0","135","1","133","2","1","0"
"1782","D52","X5","0","134","2","132","2","2","0"
"1783","D53","X5","0","134","2","132","2","2","0"
"1784","D9","X5","0","135","1","133","2","1","0"
"1785","RMDQ1_v1","X5","0.0428571428571429","111","70","110","1","67","3"
"1786","RMDQ2_v1","X5","0.04","106","75","105","1","72","3"
"1787","RMDQ3_v1","X5","0.0151515151515152","117","66","114","3","65","1"
"1788","RMDQ4_v1","X5","0","136","47","132","4","47","0"
"1789","RMDQ5_v1","X5","0.0163934426229508","122","61","119","3","60","1"
"1790","RMDQ6_v1","X5","0.0208333333333333","135","48","132","3","47","1"
"1791","RMDQ7_v1","X5","0.0303030303030303","149","33","146","3","32","1"
"1792","RMDQ8_v1","X5","0","174","8","170","4","8","0"
"1793","RMDQ9_v1","X5","0.0344827586206897","153","29","150","3","28","1"
"1794","RMDQ10_v1","X5","0.0294117647058824","148","34","145","3","33","1"
"1795","RMDQ11_v1","X5","0.0277777777777778","146","36","143","3","35","1"
"1796","RMDQ12_v1","X5","0.0277777777777778","146","36","143","3","35","1"
"1797","RMDQ13_v1","X5","0.0263157894736842","144","38","141","3","37","1"
"1798","RMDQ14_v1","X5","0.05","142","40","140","2","38","2"
"1799","RMDQ15_v1","X5","0.0416666666666667","158","24","155","3","23","1"
"1800","RMDQ16_v1","X5","0.032258064516129","151","31","148","3","30","1"
"1801","RMDQ17_v1","X5","0.0256410256410256","143","39","140","3","38","1"
"1802","RMDQ18_v1","X5","0.032258064516129","151","31","148","3","30","1"
"1803","RMDQ19_v1","X5","0.037037037037037","155","27","152","3","26","1"
"1804","RMDQ20_v1","X5","0.03125","150","32","147","3","31","1"
"1805","RMDQ21_v1","X5","0.025","142","40","139","3","39","1"
"1806","RMDQ22_v1","X5","0.0303030303030303","149","33","146","3","32","1"
"1807","RMDQ23_v1","X5","0.032258064516129","151","31","148","3","30","1"
"1808","RMDQ24_v1","X5","0.0333333333333333","152","30","149","3","29","1"
"1809","DN4_1a_v1","X5","0.037037037037037","102","81","100","2","78","3"
"1810","DN4_1b_v1","X5","0","142","40","137","5","40","0"
"1811","DN4_1c_v1","X5","0.0384615384615385","133","52","130","3","50","2"
"1812","DN4_2a_v1","X5","0.0425531914893617","138","47","135","3","45","2"
"1813","DN4_2b_v1","X5","0.0363636363636364","130","55","127","3","53","2"
"1814","DN4_2c_v1","X5","0.0740740740740741","129","54","128","1","50","4"
"1815","DN4_2d_v1","X5","0","178","7","173","5","7","0"
"1816","DN4_3a_v1","X5","0","179","6","174","5","6","0"
"1817","DN4_3b_v1","X5","0","178","7","173","5","7","0"
"1818","DN4_4_v1","X5","0","180","5","175","5","5","0"
"1819","Fuma","X6","0.108695652173913","147","46","141","6","41","5"
"1820","Cirurgia_coluna","X6","0.0972222222222222","106","72","103","3","65","7"
"1821","Aposentado","X6","0.205882352941176","156","34","152","4","27","7"
"1822","Desempregado","X6","0.0384615384615385","160","26","150","10","25","1"
"1823","Licenca_Medica","X6","0.0526315789473684","169","19","159","10","18","1"
"1824","Aposentado_Invalidez","X6","0.125","178","8","168","10","7","1"
"1825","Analg.e9.sicos","X6","0.0737704918032787","65","122","63","2","113","9"
"1826","OutraDoenca","X6","0.072463768115942","120","69","114","6","64","5"
"1827","Dor_costas","X6","0.055045871559633","77","109","72","5","103","6"
"1828","Dor_pernas","X6","0.0806451612903226","123","62","117","6","57","5"
"1829","Retornar_trabalho","X6","0.19047619047619","146","21","141","5","17","4"
"1830","Masc","X6","0.0895522388059701","68","134","68","0","122","12"
"1831","Fem","X6","0","134","68","122","12","68","0"
"1832","Casado_Amasiado","X6","0","117","85","105","12","85","0"
"1833","Solteiro","X6","0","114","88","102","12","88","0"
"1834","Separado_Divorciado","X6","0","194","8","182","12","8","0"
"1835","X4","X6","0","199","3","187","12","3","0"
"1836","X5","X6","0","196","6","184","12","6","0"
"1837","X6","X6","1","190","12","190","0","0","12"
"1838","Livrar_costas","X6","0.0618556701030928","15","97","14","1","91","6"
"1839","Livrar_perna","X6","0.0714285714285714","98","14","92","6","13","1"
"1840","Livrar_perda_sens","X6","0","111","1","104","7","1","0"
"1841","D1","X6","0","135","1","125","10","1","0"
"1842","D15","X6","0","129","7","119","10","7","0"
"1843","D16","X6","0.15","116","20","109","7","17","3"
"1844","D17","X6","0","131","5","121","10","5","0"
"1845","D18","X6","0","120","16","110","10","16","0"
"1846","D19","X6","0","129","7","119","10","7","0"
"1847","D2","X6","0.125","128","8","119","9","7","1"
"1848","D20","X6","0","128","8","118","10","8","0"
"1849","D21","X6","0","129","7","119","10","7","0"
"1850","D22","X6","0","134","2","124","10","2","0"
"1851","D23","X6","0","134","2","124","10","2","0"
"1852","D24","X6","0.0384615384615385","110","26","101","9","25","1"
"1853","D25","X6","0","132","4","122","10","4","0"
"1854","D26","X6","0","134","2","124","10","2","0"
"1855","D27","X6","0","131","5","121","10","5","0"
"1856","D28","X6","0","130","6","120","10","6","0"
"1857","D29","X6","0.119047619047619","94","42","89","5","37","5"
"1858","D3","X6","0","134","2","124","10","2","0"
"1859","D30","X6","0.0967741935483871","74","62","70","4","56","6"
"1860","D31","X6","0.0588235294117647","119","17","110","9","16","1"
"1861","D32","X6","0.108108108108108","99","37","93","6","33","4"
"1862","D33","X6","0","124","12","114","10","12","0"
"1863","D34","X6","0","133","3","123","10","3","0"
"1864","D35","X6","0","134","2","124","10","2","0"
"1865","D36","X6","0","128","8","118","10","8","0"
"1866","D37","X6","0.136363636363636","114","22","107","7","19","3"
"1867","D38","X6","0","133","3","123","10","3","0"
"1868","D39","X6","0.2","121","15","114","7","12","3"
"1869","D4","X6","0","132","4","122","10","4","0"
"1870","D40","X6","0","131","5","121","10","5","0"
"1871","D41","X6","0.142857142857143","129","7","120","9","6","1"
"1872","D42","X6","0","133","3","123","10","3","0"
"1873","D43","X6","0","133","3","123","10","3","0"
"1874","D44","X6","0.131578947368421","98","38","93","5","33","5"
"1875","D45","X6","0.0833333333333333","124","12","115","9","11","1"
"1876","D46","X6","0.157894736842105","98","38","94","4","32","6"
"1877","D47","X6","0.0833333333333333","124","12","115","9","11","1"
"1878","D48","X6","0.192307692307692","110","26","105","5","21","5"
"1879","D49","X6","0.0769230769230769","123","13","114","9","12","1"
"1880","D5","X6","0.333333333333333","133","3","124","9","2","1"
"1881","D50","X6","0","134","2","124","10","2","0"
"1882","D51","X6","0","135","1","125","10","1","0"
"1883","D52","X6","0","134","2","124","10","2","0"
"1884","D53","X6","0","134","2","124","10","2","0"
"1885","D9","X6","0","135","1","125","10","1","0"
"1886","RMDQ1_v1","X6","0.0428571428571429","111","70","102","9","67","3"
"1887","RMDQ2_v1","X6","0.04","106","75","97","9","72","3"
"1888","RMDQ3_v1","X6","0.0909090909090909","117","66","111","6","60","6"
"1889","RMDQ4_v1","X6","0.0851063829787234","136","47","128","8","43","4"
"1890","RMDQ5_v1","X6","0.114754098360656","122","61","117","5","54","7"
"1891","RMDQ6_v1","X6","0.145833333333333","135","48","130","5","41","7"
"1892","RMDQ7_v1","X6","0.121212121212121","149","33","141","8","29","4"
"1893","RMDQ8_v1","X6","0.125","174","8","163","11","7","1"
"1894","RMDQ9_v1","X6","0.103448275862069","153","29","144","9","26","3"
"1895","RMDQ10_v1","X6","0.0882352941176471","148","34","139","9","31","3"
"1896","RMDQ11_v1","X6","0.111111111111111","146","36","138","8","32","4"
"1897","RMDQ12_v1","X6","0.111111111111111","146","36","138","8","32","4"
"1898","RMDQ13_v1","X6","0.0789473684210526","144","38","135","9","35","3"
"1899","RMDQ14_v1","X6","0.05","142","40","132","10","38","2"
"1900","RMDQ15_v1","X6","0.0833333333333333","158","24","148","10","22","2"
"1901","RMDQ16_v1","X6","0.0967741935483871","151","31","142","9","28","3"
"1902","RMDQ17_v1","X6","0.0769230769230769","143","39","134","9","36","3"
"1903","RMDQ18_v1","X6","0.0645161290322581","151","31","141","10","29","2"
"1904","RMDQ19_v1","X6","0.0740740740740741","155","27","145","10","25","2"
"1905","RMDQ20_v1","X6","0.125","150","32","142","8","28","4"
"1906","RMDQ21_v1","X6","0.075","142","40","133","9","37","3"
"1907","RMDQ22_v1","X6","0.0909090909090909","149","33","140","9","30","3"
"1908","RMDQ23_v1","X6","0.0967741935483871","151","31","142","9","28","3"
"1909","RMDQ24_v1","X6","0.1","152","30","143","9","27","3"
"1910","DN4_1a_v1","X6","0.0493827160493827","102","81","95","7","77","4"
"1911","DN4_1b_v1","X6","0.025","142","40","133","9","39","1"
"1912","DN4_1c_v1","X6","0.0769230769230769","133","52","126","7","48","4"
"1913","DN4_2a_v1","X6","0.0851063829787234","138","47","131","7","43","4"
"1914","DN4_2b_v1","X6","0.0727272727272727","130","55","123","7","51","4"
"1915","DN4_2c_v1","X6","0.037037037037037","129","54","120","9","52","2"
"1916","DN4_2d_v1","X6","0.285714285714286","178","7","169","9","5","2"
"1917","DN4_3a_v1","X6","0","179","6","168","11","6","0"
"1918","DN4_3b_v1","X6","0","178","7","167","11","7","0"
"1919","DN4_4_v1","X6","0","180","5","169","11","5","0"
"1920","Fuma","Livrar_costas","0.818181818181818","79","33","9","70","6","27"
"1921","Cirurgia_coluna","Livrar_costas","0.86","63","50","8","55","7","43"
"1922","Aposentado","Livrar_costas","0.961538461538462","93","26","13","80","1","25"
"1923","Desempregado","Livrar_costas","0.846153846153846","92","26","10","82","4","22"
"1924","Licenca_Medica","Livrar_costas","0.9375","103","16","13","90","1","15"
"1925","Aposentado_Invalidez","Livrar_costas","0.75","109","8","13","96","2","6"
"1926","Analg.e9.sicos","Livrar_costas","0.88659793814433","26","97","4","22","11","86"
"1927","OutraDoenca","Livrar_costas","0.862745098039216","70","51","7","63","7","44"
"1928","Dor_costas","Livrar_costas","0.918918918918919","16","111","7","9","9","102"
"1929","Dor_pernas","Livrar_costas","0.771929824561403","68","57","2","66","13","44"
"1930","Retornar_trabalho","Livrar_costas","0.9","101","20","12","89","2","18"
"1931","Masc","Livrar_costas","0.908045977011494","41","87","8","33","8","79"
"1932","Fem","Livrar_costas","0.804878048780488","87","41","8","79","8","33"
"1933","Casado_Amasiado","Livrar_costas","0.891304347826087","66","46","10","56","5","41"
"1934","Solteiro","Livrar_costas","0.88","62","50","9","53","6","44"
"1935","Separado_Divorciado","Livrar_costas","0.8","107","5","14","93","1","4"
"1936","X4","Livrar_costas","0.5","110","2","14","96","1","1"
"1937","X5","Livrar_costas","0.5","110","2","14","96","1","1"
"1938","X6","Livrar_costas","0.857142857142857","105","7","14","91","1","6"
"1939","Livrar_costas","Livrar_costas","1","16","112","16","0","0","112"
"1940","Livrar_perna","Livrar_costas","0","114","14","2","112","14","0"
"1941","Livrar_perda_sens","Livrar_costas","0","126","2","14","112","2","0"
"1942","D1","Livrar_costas","1","99","1","14","85","0","1"
"1943","D15","Livrar_costas","0.666666666666667","94","6","12","82","2","4"
"1944","D16","Livrar_costas","0.894736842105263","81","19","12","69","2","17"
"1945","D17","Livrar_costas","1","96","4","14","82","0","4"
"1946","D18","Livrar_costas","1","88","12","14","74","0","12"
"1947","D19","Livrar_costas","1","95","5","14","81","0","5"
"1948","D2","Livrar_costas","1","93","7","14","79","0","7"
"1949","D20","Livrar_costas","1","93","7","14","79","0","7"
"1950","D21","Livrar_costas","1","93","7","14","79","0","7"
"1951","D22","Livrar_costas","1","99","1","14","85","0","1"
"1952","D23","Livrar_costas","1","98","2","14","84","0","2"
"1953","D24","Livrar_costas","1","75","25","14","61","0","25"
"1954","D25","Livrar_costas","1","96","4","14","82","0","4"
"1955","D26","Livrar_costas","1","98","2","14","84","0","2"
"1956","D27","Livrar_costas","1","95","5","14","81","0","5"
"1957","D28","Livrar_costas","1","94","6","14","80","0","6"
"1958","D29","Livrar_costas","0.825","60","40","7","53","7","33"
"1959","D3","Livrar_costas","1","99","1","14","85","0","1"
"1960","D30","Livrar_costas","0.836065573770492","39","61","4","35","10","51"
"1961","D31","Livrar_costas","0.764705882352941","83","17","10","73","4","13"
"1962","D32","Livrar_costas","0.805555555555556","64","36","7","57","7","29"
"1963","D33","Livrar_costas","0.666666666666667","88","12","10","78","4","8"
"1964","D34","Livrar_costas","1","98","2","14","84","0","2"
"1965","D35","Livrar_costas","1","99","1","14","85","0","1"
"1966","D36","Livrar_costas","0.571428571428571","93","7","11","82","3","4"
"1967","D37","Livrar_costas","0.85","80","20","11","69","3","17"
"1968","D38","Livrar_costas","0","97","3","11","86","3","0"
"1969","D39","Livrar_costas","0.785714285714286","86","14","11","75","3","11"
"1970","D4","Livrar_costas","1","98","2","14","84","0","2"
"1971","D40","Livrar_costas","0.25","96","4","11","85","3","1"
"1972","D41","Livrar_costas","0.833333333333333","94","6","13","81","1","5"
"1973","D42","Livrar_costas","1","98","2","14","84","0","2"
"1974","D43","Livrar_costas","1","98","2","14","84","0","2"
"1975","D44","Livrar_costas","0.777777777777778","64","36","6","58","8","28"
"1976","D45","Livrar_costas","0.666666666666667","88","12","10","78","4","8"
"1977","D46","Livrar_costas","0.75","64","36","5","59","9","27"
"1978","D47","Livrar_costas","0.583333333333333","88","12","9","79","5","7"
"1979","D48","Livrar_costas","0.75","76","24","8","68","6","18"
"1980","D49","Livrar_costas","0.692307692307692","87","13","10","77","4","9"
"1981","D5","Livrar_costas","1","97","3","14","83","0","3"
"1982","D50","Livrar_costas","1","99","1","14","85","0","1"
"1983","D51","Livrar_costas","1","99","1","14","85","0","1"
"1984","D52","Livrar_costas","1","99","1","14","85","0","1"
"1985","D53","Livrar_costas","1","99","1","14","85","0","1"
"1986","D9","Livrar_costas","1","99","1","14","85","0","1"
"1987","RMDQ1_v1","Livrar_costas","0.882352941176471","71","51","10","61","6","45"
"1988","RMDQ2_v1","Livrar_costas","0.892857142857143","66","56","10","56","6","50"
"1989","RMDQ3_v1","Livrar_costas","0.936170212765957","77","47","13","64","3","44"
"1990","RMDQ4_v1","Livrar_costas","0.96969696969697","91","33","15","76","1","32"
"1991","RMDQ5_v1","Livrar_costas","0.926829268292683","83","41","13","70","3","38"
"1992","RMDQ6_v1","Livrar_costas","0.909090909090909","91","33","13","78","3","30"
"1993","RMDQ7_v1","Livrar_costas","0.923076923076923","97","26","14","83","2","24"
"1994","RMDQ8_v1","Livrar_costas","1","116","7","16","100","0","7"
"1995","RMDQ9_v1","Livrar_costas","0.909090909090909","101","22","14","87","2","20"
"1996","RMDQ10_v1","Livrar_costas","0.925925925925926","96","27","14","82","2","25"
"1997","RMDQ11_v1","Livrar_costas","0.925925925925926","96","27","14","82","2","25"
"1998","RMDQ12_v1","Livrar_costas","0.931034482758621","94","29","14","80","2","27"
"1999","RMDQ13_v1","Livrar_costas","0.928571428571429","95","28","14","81","2","26"
"2000","RMDQ14_v1","Livrar_costas","0.90625","91","32","13","78","3","29"
"2001","RMDQ15_v1","Livrar_costas","0.833333333333333","105","18","13","92","3","15"
"2002","RMDQ16_v1","Livrar_costas","0.91304347826087","100","23","14","86","2","21"
"2003","RMDQ17_v1","Livrar_costas","0.923076923076923","97","26","14","83","2","24"
"2004","RMDQ18_v1","Livrar_costas","0.875","99","24","13","86","3","21"
"2005","RMDQ19_v1","Livrar_costas","0.9","103","20","14","89","2","18"
"2006","RMDQ20_v1","Livrar_costas","0.916666666666667","99","24","14","85","2","22"
"2007","RMDQ21_v1","Livrar_costas","0.9375","91","32","14","77","2","30"
"2008","RMDQ22_v1","Livrar_costas","0.909090909090909","101","22","14","87","2","20"
"2009","RMDQ23_v1","Livrar_costas","0.916666666666667","99","24","14","85","2","22"
"2010","RMDQ24_v1","Livrar_costas","0.91304347826087","100","23","14","86","2","21"
"2011","DN4_1a_v1","Livrar_costas","0.824561403508772","61","57","5","56","10","47"
"2012","DN4_1b_v1","Livrar_costas","0.869565217391304","96","23","13","83","3","20"
"2013","DN4_1c_v1","Livrar_costas","0.828571428571429","85","35","10","75","6","29"
"2014","DN4_2a_v1","Livrar_costas","0.774193548387097","89","31","9","80","7","24"
"2015","DN4_2b_v1","Livrar_costas","0.875","80","40","11","69","5","35"
"2016","DN4_2c_v1","Livrar_costas","0.789473684210526","80","38","7","73","8","30"
"2017","DN4_2d_v1","Livrar_costas","1","115","5","16","99","0","5"
"2018","DN4_3a_v1","Livrar_costas","1","116","4","16","100","0","4"
"2019","DN4_3b_v1","Livrar_costas","1","116","4","16","100","0","4"
"2020","DN4_4_v1","Livrar_costas","1","117","3","16","101","0","3"
"2021","Fuma","Livrar_perna","0.181818181818182","79","33","71","8","27","6"
"2022","Cirurgia_coluna","Livrar_perna","0.12","63","50","56","7","44","6"
"2023","Aposentado","Livrar_perna","0.0384615384615385","93","26","81","12","25","1"
"2024","Desempregado","Livrar_perna","0.153846153846154","92","26","83","9","22","4"
"2025","Licenca_Medica","Livrar_perna","0.0625","103","16","91","12","15","1"
"2026","Aposentado_Invalidez","Livrar_perna","0.25","109","8","98","11","6","2"
"2027","Analg.e9.sicos","Livrar_perna","0.11340206185567","26","97","23","3","86","11"
"2028","OutraDoenca","Livrar_perna","0.137254901960784","70","51","64","6","44","7"
"2029","Dor_costas","Livrar_perna","0.0720720720720721","16","111","10","6","103","8"
"2030","Dor_pernas","Livrar_perna","0.228070175438596","68","57","67","1","44","13"
"2031","Retornar_trabalho","Livrar_perna","0.1","101","20","91","10","18","2"
"2032","Masc","Livrar_perna","0.0804597701149425","41","87","34","7","80","7"
"2033","Fem","Livrar_perna","0.170731707317073","87","41","80","7","34","7"
"2034","Casado_Amasiado","Livrar_perna","0.108695652173913","66","46","57","9","41","5"
"2035","Solteiro","Livrar_perna","0.12","62","50","54","8","44","6"
"2036","Separado_Divorciado","Livrar_perna","0.2","107","5","94","13","4","1"
"2037","X4","Livrar_perna","0.5","110","2","97","13","1","1"
"2038","X5","Livrar_perna","0","110","2","96","14","2","0"
"2039","X6","Livrar_perna","0.142857142857143","105","7","92","13","6","1"
"2040","Livrar_costas","Livrar_perna","0","16","112","2","14","112","0"
"2041","Livrar_perna","Livrar_perna","1","114","14","114","0","0","14"
"2042","Livrar_perda_sens","Livrar_perna","0","126","2","112","14","2","0"
"2043","D1","Livrar_perna","0","99","1","85","14","1","0"
"2044","D15","Livrar_perna","0.333333333333333","94","6","82","12","4","2"
"2045","D16","Livrar_perna","0.105263157894737","81","19","69","12","17","2"
"2046","D17","Livrar_perna","0","96","4","82","14","4","0"
"2047","D18","Livrar_perna","0","88","12","74","14","12","0"
"2048","D19","Livrar_perna","0","95","5","81","14","5","0"
"2049","D2","Livrar_perna","0","93","7","79","14","7","0"
"2050","D20","Livrar_perna","0","93","7","79","14","7","0"
"2051","D21","Livrar_perna","0","93","7","79","14","7","0"
"2052","D22","Livrar_perna","0","99","1","85","14","1","0"
"2053","D23","Livrar_perna","0","98","2","84","14","2","0"
"2054","D24","Livrar_perna","0","75","25","61","14","25","0"
"2055","D25","Livrar_perna","0","96","4","82","14","4","0"
"2056","D26","Livrar_perna","0","98","2","84","14","2","0"
"2057","D27","Livrar_perna","0","95","5","81","14","5","0"
"2058","D28","Livrar_perna","0","94","6","80","14","6","0"
"2059","D29","Livrar_perna","0.175","60","40","53","7","33","7"
"2060","D3","Livrar_perna","0","99","1","85","14","1","0"
"2061","D30","Livrar_perna","0.163934426229508","39","61","35","4","51","10"
"2062","D31","Livrar_perna","0.235294117647059","83","17","73","10","13","4"
"2063","D32","Livrar_perna","0.194444444444444","64","36","57","7","29","7"
"2064","D33","Livrar_perna","0.333333333333333","88","12","78","10","8","4"
"2065","D34","Livrar_perna","0","98","2","84","14","2","0"
"2066","D35","Livrar_perna","0","99","1","85","14","1","0"
"2067","D36","Livrar_perna","0.428571428571429","93","7","82","11","4","3"
"2068","D37","Livrar_perna","0.15","80","20","69","11","17","3"
"2069","D38","Livrar_perna","1","97","3","86","11","0","3"
"2070","D39","Livrar_perna","0.214285714285714","86","14","75","11","11","3"
"2071","D4","Livrar_perna","0","98","2","84","14","2","0"
"2072","D40","Livrar_perna","0.75","96","4","85","11","1","3"
"2073","D41","Livrar_perna","0.166666666666667","94","6","81","13","5","1"
"2074","D42","Livrar_perna","0","98","2","84","14","2","0"
"2075","D43","Livrar_perna","0","98","2","84","14","2","0"
"2076","D44","Livrar_perna","0.222222222222222","64","36","58","6","28","8"
"2077","D45","Livrar_perna","0.333333333333333","88","12","78","10","8","4"
"2078","D46","Livrar_perna","0.25","64","36","59","5","27","9"
"2079","D47","Livrar_perna","0.416666666666667","88","12","79","9","7","5"
"2080","D48","Livrar_perna","0.25","76","24","68","8","18","6"
"2081","D49","Livrar_perna","0.307692307692308","87","13","77","10","9","4"
"2082","D5","Livrar_perna","0","97","3","83","14","3","0"
"2083","D50","Livrar_perna","0","99","1","85","14","1","0"
"2084","D51","Livrar_perna","0","99","1","85","14","1","0"
"2085","D52","Livrar_perna","0","99","1","85","14","1","0"
"2086","D53","Livrar_perna","0","99","1","85","14","1","0"
"2087","D9","Livrar_perna","0","99","1","85","14","1","0"
"2088","RMDQ1_v1","Livrar_perna","0.0980392156862745","71","51","62","9","46","5"
"2089","RMDQ2_v1","Livrar_perna","0.0892857142857143","66","56","57","9","51","5"
"2090","RMDQ3_v1","Livrar_perna","0.0638297872340425","77","47","66","11","44","3"
"2091","RMDQ4_v1","Livrar_perna","0.0303030303030303","91","33","78","13","32","1"
"2092","RMDQ5_v1","Livrar_perna","0.0731707317073171","83","41","72","11","38","3"
"2093","RMDQ6_v1","Livrar_perna","0.0909090909090909","91","33","80","11","30","3"
"2094","RMDQ7_v1","Livrar_perna","0.0769230769230769","97","26","85","12","24","2"
"2095","RMDQ8_v1","Livrar_perna","0","116","7","102","14","7","0"
"2096","RMDQ9_v1","Livrar_perna","0.0909090909090909","101","22","89","12","20","2"
"2097","RMDQ10_v1","Livrar_perna","0.0740740740740741","96","27","84","12","25","2"
"2098","RMDQ11_v1","Livrar_perna","0.0740740740740741","96","27","84","12","25","2"
"2099","RMDQ12_v1","Livrar_perna","0.0689655172413793","94","29","82","12","27","2"
"2100","RMDQ13_v1","Livrar_perna","0.0714285714285714","95","28","83","12","26","2"
"2101","RMDQ14_v1","Livrar_perna","0.0625","91","32","79","12","30","2"
"2102","RMDQ15_v1","Livrar_perna","0.111111111111111","105","18","93","12","16","2"
"2103","RMDQ16_v1","Livrar_perna","0.0869565217391304","100","23","88","12","21","2"
"2104","RMDQ17_v1","Livrar_perna","0.0769230769230769","97","26","85","12","24","2"
"2105","RMDQ18_v1","Livrar_perna","0.125","99","24","88","11","21","3"
"2106","RMDQ19_v1","Livrar_perna","0.1","103","20","91","12","18","2"
"2107","RMDQ20_v1","Livrar_perna","0.0833333333333333","99","24","87","12","22","2"
"2108","RMDQ21_v1","Livrar_perna","0.0625","91","32","79","12","30","2"
"2109","RMDQ22_v1","Livrar_perna","0.0909090909090909","101","22","89","12","20","2"
"2110","RMDQ23_v1","Livrar_perna","0.0833333333333333","99","24","87","12","22","2"
"2111","RMDQ24_v1","Livrar_perna","0.0869565217391304","100","23","88","12","21","2"
"2112","DN4_1a_v1","Livrar_perna","0.157894736842105","61","57","57","4","48","9"
"2113","DN4_1b_v1","Livrar_perna","0.130434782608696","96","23","85","11","20","3"
"2114","DN4_1c_v1","Livrar_perna","0.171428571428571","85","35","77","8","29","6"
"2115","DN4_2a_v1","Livrar_perna","0.225806451612903","89","31","82","7","24","7"
"2116","DN4_2b_v1","Livrar_perna","0.125","80","40","71","9","35","5"
"2117","DN4_2c_v1","Livrar_perna","0.184210526315789","80","38","74","6","31","7"
"2118","DN4_2d_v1","Livrar_perna","0","115","5","101","14","5","0"
"2119","DN4_3a_v1","Livrar_perna","0","116","4","102","14","4","0"
"2120","DN4_3b_v1","Livrar_perna","0","116","4","102","14","4","0"
"2121","DN4_4_v1","Livrar_perna","0","117","3","103","14","3","0"
"2122","Fuma","Livrar_perda_sens","0","79","33","78","1","33","0"
"2123","Cirurgia_coluna","Livrar_perda_sens","0.02","63","50","62","1","49","1"
"2124","Aposentado","Livrar_perda_sens","0","93","26","92","1","26","0"
"2125","Desempregado","Livrar_perda_sens","0","92","26","91","1","26","0"
"2126","Licenca_Medica","Livrar_perda_sens","0","103","16","102","1","16","0"
"2127","Aposentado_Invalidez","Livrar_perda_sens","0","109","8","107","2","8","0"
"2128","Analg.e9.sicos","Livrar_perda_sens","0","26","97","25","1","97","0"
"2129","OutraDoenca","Livrar_perda_sens","0","70","51","69","1","51","0"
"2130","Dor_costas","Livrar_perda_sens","0.00900900900900901","16","111","15","1","110","1"
"2131","Dor_pernas","Livrar_perda_sens","0","68","57","67","1","57","0"
"2132","Retornar_trabalho","Livrar_perda_sens","0","101","20","99","2","20","0"
"2133","Masc","Livrar_perda_sens","0.0114942528735632","41","87","40","1","86","1"
"2134","Fem","Livrar_perda_sens","0.024390243902439","87","41","86","1","40","1"
"2135","Casado_Amasiado","Livrar_perda_sens","0","66","46","65","1","46","0"
"2136","Solteiro","Livrar_perda_sens","0","62","50","61","1","50","0"
"2137","Separado_Divorciado","Livrar_perda_sens","0","107","5","106","1","5","0"
"2138","X4","Livrar_perda_sens","0","110","2","109","1","2","0"
"2139","X5","Livrar_perda_sens","0.5","110","2","110","0","1","1"
"2140","X6","Livrar_perda_sens","0","105","7","104","1","7","0"
"2141","Livrar_costas","Livrar_perda_sens","0","16","112","14","2","112","0"
"2142","Livrar_perna","Livrar_perda_sens","0","114","14","112","2","14","0"
"2143","Livrar_perda_sens","Livrar_perda_sens","1","126","2","126","0","0","2"
"2144","D1","Livrar_perda_sens","0","99","1","99","0","1","0"
"2145","D15","Livrar_perda_sens","0","94","6","94","0","6","0"
"2146","D16","Livrar_perda_sens","0","81","19","81","0","19","0"
"2147","D17","Livrar_perda_sens","0","96","4","96","0","4","0"
"2148","D18","Livrar_perda_sens","0","88","12","88","0","12","0"
"2149","D19","Livrar_perda_sens","0","95","5","95","0","5","0"
"2150","D2","Livrar_perda_sens","0","93","7","93","0","7","0"
"2151","D20","Livrar_perda_sens","0","93","7","93","0","7","0"
"2152","D21","Livrar_perda_sens","0","93","7","93","0","7","0"
"2153","D22","Livrar_perda_sens","0","99","1","99","0","1","0"
"2154","D23","Livrar_perda_sens","0","98","2","98","0","2","0"
"2155","D24","Livrar_perda_sens","0","75","25","75","0","25","0"
"2156","D25","Livrar_perda_sens","0","96","4","96","0","4","0"
"2157","D26","Livrar_perda_sens","0","98","2","98","0","2","0"
"2158","D27","Livrar_perda_sens","0","95","5","95","0","5","0"
"2159","D28","Livrar_perda_sens","0","94","6","94","0","6","0"
"2160","D29","Livrar_perda_sens","0","60","40","60","0","40","0"
"2161","D3","Livrar_perda_sens","0","99","1","99","0","1","0"
"2162","D30","Livrar_perda_sens","0","39","61","39","0","61","0"
"2163","D31","Livrar_perda_sens","0","83","17","83","0","17","0"
"2164","D32","Livrar_perda_sens","0","64","36","64","0","36","0"
"2165","D33","Livrar_perda_sens","0","88","12","88","0","12","0"
"2166","D34","Livrar_perda_sens","0","98","2","98","0","2","0"
"2167","D35","Livrar_perda_sens","0","99","1","99","0","1","0"
"2168","D36","Livrar_perda_sens","0","93","7","93","0","7","0"
"2169","D37","Livrar_perda_sens","0","80","20","80","0","20","0"
"2170","D38","Livrar_perda_sens","0","97","3","97","0","3","0"
"2171","D39","Livrar_perda_sens","0","86","14","86","0","14","0"
"2172","D4","Livrar_perda_sens","0","98","2","98","0","2","0"
"2173","D40","Livrar_perda_sens","0","96","4","96","0","4","0"
"2174","D41","Livrar_perda_sens","0","94","6","94","0","6","0"
"2175","D42","Livrar_perda_sens","0","98","2","98","0","2","0"
"2176","D43","Livrar_perda_sens","0","98","2","98","0","2","0"
"2177","D44","Livrar_perda_sens","0","64","36","64","0","36","0"
"2178","D45","Livrar_perda_sens","0","88","12","88","0","12","0"
"2179","D46","Livrar_perda_sens","0","64","36","64","0","36","0"
"2180","D47","Livrar_perda_sens","0","88","12","88","0","12","0"
"2181","D48","Livrar_perda_sens","0","76","24","76","0","24","0"
"2182","D49","Livrar_perda_sens","0","87","13","87","0","13","0"
"2183","D5","Livrar_perda_sens","0","97","3","97","0","3","0"
"2184","D50","Livrar_perda_sens","0","99","1","99","0","1","0"
"2185","D51","Livrar_perda_sens","0","99","1","99","0","1","0"
"2186","D52","Livrar_perda_sens","0","99","1","99","0","1","0"
"2187","D53","Livrar_perda_sens","0","99","1","99","0","1","0"
"2188","D9","Livrar_perda_sens","0","99","1","99","0","1","0"
"2189","RMDQ1_v1","Livrar_perda_sens","0.0196078431372549","71","51","70","1","50","1"
"2190","RMDQ2_v1","Livrar_perda_sens","0.0178571428571429","66","56","65","1","55","1"
"2191","RMDQ3_v1","Livrar_perda_sens","0","77","47","75","2","47","0"
"2192","RMDQ4_v1","Livrar_perda_sens","0","91","33","89","2","33","0"
"2193","RMDQ5_v1","Livrar_perda_sens","0","83","41","81","2","41","0"
"2194","RMDQ6_v1","Livrar_perda_sens","0","91","33","89","2","33","0"
"2195","RMDQ7_v1","Livrar_perda_sens","0","97","26","95","2","26","0"
"2196","RMDQ8_v1","Livrar_perda_sens","0","116","7","114","2","7","0"
"2197","RMDQ9_v1","Livrar_perda_sens","0","101","22","99","2","22","0"
"2198","RMDQ10_v1","Livrar_perda_sens","0","96","27","94","2","27","0"
"2199","RMDQ11_v1","Livrar_perda_sens","0","96","27","94","2","27","0"
"2200","RMDQ12_v1","Livrar_perda_sens","0","94","29","92","2","29","0"
"2201","RMDQ13_v1","Livrar_perda_sens","0","95","28","93","2","28","0"
"2202","RMDQ14_v1","Livrar_perda_sens","0.03125","91","32","90","1","31","1"
"2203","RMDQ15_v1","Livrar_perda_sens","0.0555555555555556","105","18","104","1","17","1"
"2204","RMDQ16_v1","Livrar_perda_sens","0","100","23","98","2","23","0"
"2205","RMDQ17_v1","Livrar_perda_sens","0","97","26","95","2","26","0"
"2206","RMDQ18_v1","Livrar_perda_sens","0","99","24","97","2","24","0"
"2207","RMDQ19_v1","Livrar_perda_sens","0","103","20","101","2","20","0"
"2208","RMDQ20_v1","Livrar_perda_sens","0","99","24","97","2","24","0"
"2209","RMDQ21_v1","Livrar_perda_sens","0","91","32","89","2","32","0"
"2210","RMDQ22_v1","Livrar_perda_sens","0","101","22","99","2","22","0"
"2211","RMDQ23_v1","Livrar_perda_sens","0","99","24","97","2","24","0"
"2212","RMDQ24_v1","Livrar_perda_sens","0","100","23","98","2","23","0"
"2213","DN4_1a_v1","Livrar_perda_sens","0.0175438596491228","61","57","60","1","56","1"
"2214","DN4_1b_v1","Livrar_perda_sens","0","96","23","94","2","23","0"
"2215","DN4_1c_v1","Livrar_perda_sens","0","85","35","83","2","35","0"
"2216","DN4_2a_v1","Livrar_perda_sens","0","89","31","87","2","31","0"
"2217","DN4_2b_v1","Livrar_perda_sens","0","80","40","78","2","40","0"
"2218","DN4_2c_v1","Livrar_perda_sens","0.0263157894736842","80","38","79","1","37","1"
"2219","DN4_2d_v1","Livrar_perda_sens","0","115","5","113","2","5","0"
"2220","DN4_3a_v1","Livrar_perda_sens","0","116","4","114","2","4","0"
"2221","DN4_3b_v1","Livrar_perda_sens","0","116","4","114","2","4","0"
"2222","DN4_4_v1","Livrar_perda_sens","0","117","3","115","2","3","0"
"2223","Fuma","D1","0","82","46","81","1","46","0"
"2224","Cirurgia_coluna","D1","0","63","55","62","1","55","0"
"2225","Aposentado","D1","0","101","31","100","1","31","0"
"2226","Desempregado","D1","0","105","25","104","1","25","0"
"2227","Licenca_Medica","D1","0","114","18","113","1","18","0"
"2228","Aposentado_Invalidez","D1","0","123","8","122","1","8","0"
"2229","Analg.e9.sicos","D1","0.0113636363636364","42","88","42","0","87","1"
"2230","OutraDoenca","D1","0","80","50","79","1","50","0"
"2231","Dor_costas","D1","0.010989010989011","37","91","37","0","90","1"
"2232","Dor_pernas","D1","0","72","55","71","1","55","0"
"2233","Retornar_trabalho","D1","0","99","20","98","1","20","0"
"2234","Masc","D1","0.0113636363636364","48","88","48","0","87","1"
"2235","Fem","D1","0","88","48","87","1","48","0"
"2236","Casado_Amasiado","D1","0.0181818181818182","81","55","81","0","54","1"
"2237","Solteiro","D1","0","77","59","76","1","59","0"
"2238","Separado_Divorciado","D1","0","129","7","128","1","7","0"
"2239","X4","D1","0","133","3","132","1","3","0"
"2240","X5","D1","0","134","2","133","1","2","0"
"2241","X6","D1","0","126","10","125","1","10","0"
"2242","Livrar_costas","D1","0.0116279069767442","14","86","14","0","85","1"
"2243","Livrar_perna","D1","0","86","14","85","1","14","0"
"2244","Livrar_perda_sens","D1","NaN","100","0","99","1","0","0"
"2245","D1","D1","1","135","1","135","0","0","1"
"2246","D15","D1","0","129","7","128","1","7","0"
"2247","D16","D1","0","116","20","115","1","20","0"
"2248","D17","D1","0.2","131","5","131","0","4","1"
"2249","D18","D1","0.0625","120","16","120","0","15","1"
"2250","D19","D1","0","129","7","128","1","7","0"
"2251","D2","D1","0","128","8","127","1","8","0"
"2252","D20","D1","0","128","8","127","1","8","0"
"2253","D21","D1","0","129","7","128","1","7","0"
"2254","D22","D1","0","134","2","133","1","2","0"
"2255","D23","D1","0","134","2","133","1","2","0"
"2256","D24","D1","0","110","26","109","1","26","0"
"2257","D25","D1","0","132","4","131","1","4","0"
"2258","D26","D1","0","134","2","133","1","2","0"
"2259","D27","D1","0","131","5","130","1","5","0"
"2260","D28","D1","0","130","6","129","1","6","0"
"2261","D29","D1","0","94","42","93","1","42","0"
"2262","D3","D1","0","134","2","133","1","2","0"
"2263","D30","D1","0","74","62","73","1","62","0"
"2264","D31","D1","0","119","17","118","1","17","0"
"2265","D32","D1","0","99","37","98","1","37","0"
"2266","D33","D1","0","124","12","123","1","12","0"
"2267","D34","D1","0","133","3","132","1","3","0"
"2268","D35","D1","0","134","2","133","1","2","0"
"2269","D36","D1","0","128","8","127","1","8","0"
"2270","D37","D1","0","114","22","113","1","22","0"
"2271","D38","D1","0","133","3","132","1","3","0"
"2272","D39","D1","0","121","15","120","1","15","0"
"2273","D4","D1","0","132","4","131","1","4","0"
"2274","D40","D1","0","131","5","130","1","5","0"
"2275","D41","D1","0","129","7","128","1","7","0"
"2276","D42","D1","0","133","3","132","1","3","0"
"2277","D43","D1","0","133","3","132","1","3","0"
"2278","D44","D1","0","98","38","97","1","38","0"
"2279","D45","D1","0","124","12","123","1","12","0"
"2280","D46","D1","0","98","38","97","1","38","0"
"2281","D47","D1","0","124","12","123","1","12","0"
"2282","D48","D1","0","110","26","109","1","26","0"
"2283","D49","D1","0","123","13","122","1","13","0"
"2284","D5","D1","0","133","3","132","1","3","0"
"2285","D50","D1","0","134","2","133","1","2","0"
"2286","D51","D1","0","135","1","134","1","1","0"
"2287","D52","D1","0","134","2","133","1","2","0"
"2288","D53","D1","0","134","2","133","1","2","0"
"2289","D9","D1","0","135","1","134","1","1","0"
"2290","RMDQ1_v1","D1","0.0232558139534884","73","43","73","0","42","1"
"2291","RMDQ2_v1","D1","0.0212765957446809","69","47","69","0","46","1"
"2292","RMDQ3_v1","D1","0.0277777777777778","82","36","82","0","35","1"
"2293","RMDQ4_v1","D1","0.0384615384615385","92","26","92","0","25","1"
"2294","RMDQ5_v1","D1","0","85","33","84","1","33","0"
"2295","RMDQ6_v1","D1","0","89","29","88","1","29","0"
"2296","RMDQ7_v1","D1","0","97","20","96","1","20","0"
"2297","RMDQ8_v1","D1","0","113","4","112","1","4","0"
"2298","RMDQ9_v1","D1","0","99","18","98","1","18","0"
"2299","RMDQ10_v1","D1","0","95","22","94","1","22","0"
"2300","RMDQ11_v1","D1","0","94","23","93","1","23","0"
"2301","RMDQ12_v1","D1","0","95","22","94","1","22","0"
"2302","RMDQ13_v1","D1","0.0454545454545455","95","22","95","0","21","1"
"2303","RMDQ14_v1","D1","0","92","25","91","1","25","0"
"2304","RMDQ15_v1","D1","0","102","15","101","1","15","0"
"2305","RMDQ16_v1","D1","0","98","19","97","1","19","0"
"2306","RMDQ17_v1","D1","0","95","22","94","1","22","0"
"2307","RMDQ18_v1","D1","0","97","20","96","1","20","0"
"2308","RMDQ19_v1","D1","0","101","16","100","1","16","0"
"2309","RMDQ20_v1","D1","0","96","21","95","1","21","0"
"2310","RMDQ21_v1","D1","0","93","24","92","1","24","0"
"2311","RMDQ22_v1","D1","0","97","20","96","1","20","0"
"2312","RMDQ23_v1","D1","0","98","19","97","1","19","0"
"2313","RMDQ24_v1","D1","0","98","19","97","1","19","0"
"2314","DN4_1a_v1","D1","0.0188679245283019","65","53","65","0","52","1"
"2315","DN4_1b_v1","D1","0.0416666666666667","94","24","94","0","23","1"
"2316","DN4_1c_v1","D1","0","83","36","82","1","36","0"
"2317","DN4_2a_v1","D1","0.032258064516129","88","31","88","0","30","1"
"2318","DN4_2b_v1","D1","0","83","36","82","1","36","0"
"2319","DN4_2c_v1","D1","0","85","33","84","1","33","0"
"2320","DN4_2d_v1","D1","0","113","6","112","1","6","0"
"2321","DN4_3a_v1","D1","0","114","5","113","1","5","0"
"2322","DN4_3b_v1","D1","0","114","5","113","1","5","0"
"2323","DN4_4_v1","D1","0","115","4","114","1","4","0"
"2324","Fuma","D15","0.108695652173913","82","46","82","0","41","5"
"2325","Cirurgia_coluna","D15","0.0909090909090909","63","55","63","0","50","5"
"2326","Aposentado","D15","0.032258064516129","101","31","96","5","30","1"
"2327","Desempregado","D15","0.08","105","25","101","4","23","2"
"2328","Licenca_Medica","D15","0.166666666666667","114","18","111","3","15","3"
"2329","Aposentado_Invalidez","D15","0.125","123","8","118","5","7","1"
"2330","Analg.e9.sicos","D15","0.0340909090909091","42","88","38","4","85","3"
"2331","OutraDoenca","D15","0.04","80","50","75","5","48","2"
"2332","Dor_costas","D15","0.0549450549450549","37","91","35","2","86","5"
"2333","Dor_pernas","D15","0.109090909090909","72","55","71","1","49","6"
"2334","Retornar_trabalho","D15","0","99","20","92","7","20","0"
"2335","Masc","D15","0.0454545454545455","48","88","45","3","84","4"
"2336","Fem","D15","0.0625","88","48","84","4","45","3"
"2337","Casado_Amasiado","D15","0.0545454545454545","81","55","77","4","52","3"
"2338","Solteiro","D15","0.0508474576271186","77","59","73","4","56","3"
"2339","Separado_Divorciado","D15","0","129","7","122","7","7","0"
"2340","X4","D15","0.333333333333333","133","3","127","6","2","1"
"2341","X5","D15","0","134","2","127","7","2","0"
"2342","X6","D15","0","126","10","119","7","10","0"
"2343","Livrar_costas","D15","0.0465116279069767","14","86","12","2","82","4"
"2344","Livrar_perna","D15","0.142857142857143","86","14","82","4","12","2"
"2345","Livrar_perda_sens","D15","NaN","100","0","94","6","0","0"
"2346","D1","D15","0","135","1","128","7","1","0"
"2347","D15","D15","1","129","7","129","0","0","7"
"2348","D16","D15","0.15","116","20","112","4","17","3"
"2349","D17","D15","0.4","131","5","126","5","3","2"
"2350","D18","D15","0.125","120","16","115","5","14","2"
"2351","D19","D15","0","129","7","122","7","7","0"
"2352","D2","D15","0.125","128","8","122","6","7","1"
"2353","D20","D15","0","128","8","121","7","8","0"
"2354","D21","D15","0","129","7","122","7","7","0"
"2355","D22","D15","0","134","2","127","7","2","0"
"2356","D23","D15","0","134","2","127","7","2","0"
"2357","D24","D15","0","110","26","103","7","26","0"
"2358","D25","D15","0","132","4","125","7","4","0"
"2359","D26","D15","0","134","2","127","7","2","0"
"2360","D27","D15","0","131","5","124","7","5","0"
"2361","D28","D15","0","130","6","123","7","6","0"
"2362","D29","D15","0.0952380952380952","94","42","91","3","38","4"
"2363","D3","D15","0","134","2","127","7","2","0"
"2364","D30","D15","0.032258064516129","74","62","69","5","60","2"
"2365","D31","D15","0.235294117647059","119","17","116","3","13","4"
"2366","D32","D15","0.027027027027027","99","37","93","6","36","1"
"2367","D33","D15","0.166666666666667","124","12","119","5","10","2"
"2368","D34","D15","0.333333333333333","133","3","127","6","2","1"
"2369","D35","D15","0.5","134","2","128","6","1","1"
"2370","D36","D15","0.625","128","8","126","2","3","5"
"2371","D37","D15","0.181818181818182","114","22","111","3","18","4"
"2372","D38","D15","0.666666666666667","133","3","128","5","1","2"
"2373","D39","D15","0","121","15","114","7","15","0"
"2374","D4","D15","0.25","132","4","126","6","3","1"
"2375","D40","D15","0.8","131","5","128","3","1","4"
"2376","D41","D15","0.428571428571429","129","7","125","4","4","3"
"2377","D42","D15","0","133","3","126","7","3","0"
"2378","D43","D15","0","133","3","126","7","3","0"
"2379","D44","D15","0.0526315789473684","98","38","93","5","36","2"
"2380","D45","D15","0.166666666666667","124","12","119","5","10","2"
"2381","D46","D15","0.0526315789473684","98","38","93","5","36","2"
"2382","D47","D15","0.25","124","12","120","4","9","3"
"2383","D48","D15","0.0384615384615385","110","26","104","6","25","1"
"2384","D49","D15","0.153846153846154","123","13","118","5","11","2"
"2385","D5","D15","0.333333333333333","133","3","127","6","2","1"
"2386","D50","D15","0","134","2","127","7","2","0"
"2387","D51","D15","1","135","1","129","6","0","1"
"2388","D52","D15","0","134","2","127","7","2","0"
"2389","D53","D15","0","134","2","127","7","2","0"
"2390","D9","D15","1","135","1","129","6","0","1"
"2391","RMDQ1_v1","D15","0.0697674418604651","73","43","69","4","40","3"
"2392","RMDQ2_v1","D15","0.0638297872340425","69","47","65","4","44","3"
"2393","RMDQ3_v1","D15","0.0277777777777778","82","36","76","6","35","1"
"2394","RMDQ4_v1","D15","0","92","26","85","7","26","0"
"2395","RMDQ5_v1","D15","0.0303030303030303","85","33","79","6","32","1"
"2396","RMDQ6_v1","D15","0.0344827586206897","89","29","83","6","28","1"
"2397","RMDQ7_v1","D15","0.05","97","20","91","6","19","1"
"2398","RMDQ8_v1","D15","0","113","4","106","7","4","0"
"2399","RMDQ9_v1","D15","0.0555555555555556","99","18","93","6","17","1"
"2400","RMDQ10_v1","D15","0.0454545454545455","95","22","89","6","21","1"
"2401","RMDQ11_v1","D15","0.0434782608695652","94","23","88","6","22","1"
"2402","RMDQ12_v1","D15","0.0454545454545455","95","22","89","6","21","1"
"2403","RMDQ13_v1","D15","0.0454545454545455","95","22","89","6","21","1"
"2404","RMDQ14_v1","D15","0.04","92","25","86","6","24","1"
"2405","RMDQ15_v1","D15","0.0666666666666667","102","15","96","6","14","1"
"2406","RMDQ16_v1","D15","0.0526315789473684","98","19","92","6","18","1"
"2407","RMDQ17_v1","D15","0.0454545454545455","95","22","89","6","21","1"
"2408","RMDQ18_v1","D15","0.05","97","20","91","6","19","1"
"2409","RMDQ19_v1","D15","0.0625","101","16","95","6","15","1"
"2410","RMDQ20_v1","D15","0.0476190476190476","96","21","90","6","20","1"
"2411","RMDQ21_v1","D15","0.0416666666666667","93","24","87","6","23","1"
"2412","RMDQ22_v1","D15","0.05","97","20","91","6","19","1"
"2413","RMDQ23_v1","D15","0.0526315789473684","98","19","92","6","18","1"
"2414","RMDQ24_v1","D15","0.0526315789473684","98","19","92","6","18","1"
"2415","DN4_1a_v1","D15","0.0754716981132075","65","53","62","3","49","4"
"2416","DN4_1b_v1","D15","0","94","24","87","7","24","0"
"2417","DN4_1c_v1","D15","0.138888888888889","83","36","81","2","31","5"
"2418","DN4_2a_v1","D15","0.129032258064516","88","31","85","3","27","4"
"2419","DN4_2b_v1","D15","0.138888888888889","83","36","81","2","31","5"
"2420","DN4_2c_v1","D15","0.0909090909090909","85","33","81","4","30","3"
"2421","DN4_2d_v1","D15","0.166666666666667","113","6","107","6","5","1"
"2422","DN4_3a_v1","D15","0.2","114","5","108","6","4","1"
"2423","DN4_3b_v1","D15","0.2","114","5","108","6","4","1"
"2424","DN4_4_v1","D15","0.25","115","4","109","6","3","1"
"2425","Fuma","D16","0.173913043478261","82","46","71","11","38","8"
"2426","Cirurgia_coluna","D16","0.145454545454545","63","55","54","9","47","8"
"2427","Aposentado","D16","0.290322580645161","101","31","90","11","22","9"
"2428","Desempregado","D16","0.08","105","25","87","18","23","2"
"2429","Licenca_Medica","D16","0.166666666666667","114","18","97","17","15","3"
"2430","Aposentado_Invalidez","D16","0.375","123","8","107","16","5","3"
"2431","Analg.e9.sicos","D16","0.204545454545455","42","88","40","2","70","18"
"2432","OutraDoenca","D16","0.14","80","50","67","13","43","7"
"2433","Dor_costas","D16","0.208791208791209","37","91","36","1","72","19"
"2434","Dor_pernas","D16","0.345454545454545","72","55","71","1","36","19"
"2435","Retornar_trabalho","D16","0.35","99","20","89","10","13","7"
"2436","Masc","D16","0.159090909090909","48","88","42","6","74","14"
"2437","Fem","D16","0.125","88","48","74","14","42","6"
"2438","Casado_Amasiado","D16","0.181818181818182","81","55","71","10","45","10"
"2439","Solteiro","D16","0.101694915254237","77","59","63","14","53","6"
"2440","Separado_Divorciado","D16","0.142857142857143","129","7","110","19","6","1"
"2441","X4","D16","0","133","3","113","20","3","0"
"2442","X5","D16","0","134","2","114","20","2","0"
"2443","X6","D16","0.3","126","10","109","17","7","3"
"2444","Livrar_costas","D16","0.197674418604651","14","86","12","2","69","17"
"2445","Livrar_perna","D16","0.142857142857143","86","14","69","17","12","2"
"2446","Livrar_perda_sens","D16","NaN","100","0","81","19","0","0"
"2447","D1","D16","0","135","1","115","20","1","0"
"2448","D15","D16","0.428571428571429","129","7","112","17","4","3"
"2449","D16","D16","1","116","20","116","0","0","20"
"2450","D17","D16","0.2","131","5","112","19","4","1"
"2451","D18","D16","0.0625","120","16","101","19","15","1"
"2452","D19","D16","0.142857142857143","129","7","110","19","6","1"
"2453","D2","D16","0.125","128","8","109","19","7","1"
"2454","D20","D16","0","128","8","108","20","8","0"
"2455","D21","D16","0.142857142857143","129","7","110","19","6","1"
"2456","D22","D16","0","134","2","114","20","2","0"
"2457","D23","D16","0","134","2","114","20","2","0"
"2458","D24","D16","0.0769230769230769","110","26","92","18","24","2"
"2459","D25","D16","0","132","4","112","20","4","0"
"2460","D26","D16","0","134","2","114","20","2","0"
"2461","D27","D16","0.2","131","5","112","19","4","1"
"2462","D28","D16","0","130","6","110","20","6","0"
"2463","D29","D16","0.380952380952381","94","42","90","4","26","16"
"2464","D3","D16","0","134","2","114","20","2","0"
"2465","D30","D16","0.258064516129032","74","62","70","4","46","16"
"2466","D31","D16","0.0588235294117647","119","17","100","19","16","1"
"2467","D32","D16","0.459459459459459","99","37","96","3","20","17"
"2468","D33","D16","0.0833333333333333","124","12","105","19","11","1"
"2469","D34","D16","0.333333333333333","133","3","114","19","2","1"
"2470","D35","D16","0.5","134","2","115","19","1","1"
"2471","D36","D16","0.125","128","8","109","19","7","1"
"2472","D37","D16","0.818181818181818","114","22","112","2","4","18"
"2473","D38","D16","0","133","3","113","20","3","0"
"2474","D39","D16","0.866666666666667","121","15","114","7","2","13"
"2475","D4","D16","0.25","132","4","113","19","3","1"
"2476","D40","D16","0","131","5","111","20","5","0"
"2477","D41","D16","0.571428571428571","129","7","113","16","3","4"
"2478","D42","D16","0","133","3","113","20","3","0"
"2479","D43","D16","0","133","3","113","20","3","0"
"2480","D44","D16","0.421052631578947","98","38","94","4","22","16"
"2481","D45","D16","0.166666666666667","124","12","106","18","10","2"
"2482","D46","D16","0.421052631578947","98","38","94","4","22","16"
"2483","D47","D16","0.0833333333333333","124","12","105","19","11","1"
"2484","D48","D16","0.576923076923077","110","26","105","5","11","15"
"2485","D49","D16","0","123","13","103","20","13","0"
"2486","D5","D16","0.333333333333333","133","3","114","19","2","1"
"2487","D50","D16","0","134","2","114","20","2","0"
"2488","D51","D16","1","135","1","116","19","0","1"
"2489","D52","D16","0","134","2","114","20","2","0"
"2490","D53","D16","0","134","2","114","20","2","0"
"2491","D9","D16","1","135","1","116","19","0","1"
"2492","RMDQ1_v1","D16","0.232558139534884","73","43","63","10","33","10"
"2493","RMDQ2_v1","D16","0.191489361702128","69","47","58","11","38","9"
"2494","RMDQ3_v1","D16","0.333333333333333","82","36","74","8","24","12"
"2495","RMDQ4_v1","D16","0.269230769230769","92","26","79","13","19","7"
"2496","RMDQ5_v1","D16","0.393939393939394","85","33","78","7","20","13"
"2497","RMDQ6_v1","D16","0.344827586206897","89","29","79","10","19","10"
"2498","RMDQ7_v1","D16","0.3","97","20","83","14","14","6"
"2499","RMDQ8_v1","D16","0","113","4","93","20","4","0"
"2500","RMDQ9_v1","D16","0.277777777777778","99","18","84","15","13","5"
"2501","RMDQ10_v1","D16","0.227272727272727","95","22","80","15","17","5"
"2502","RMDQ11_v1","D16","0.260869565217391","94","23","80","14","17","6"
"2503","RMDQ12_v1","D16","0.272727272727273","95","22","81","14","16","6"
"2504","RMDQ13_v1","D16","0.272727272727273","95","22","81","14","16","6"
"2505","RMDQ14_v1","D16","0.16","92","25","76","16","21","4"
"2506","RMDQ15_v1","D16","0.266666666666667","102","15","86","16","11","4"
"2507","RMDQ16_v1","D16","0.263157894736842","98","19","83","15","14","5"
"2508","RMDQ17_v1","D16","0.181818181818182","95","22","79","16","18","4"
"2509","RMDQ18_v1","D16","0.2","97","20","81","16","16","4"
"2510","RMDQ19_v1","D16","0.375","101","16","87","14","10","6"
"2511","RMDQ20_v1","D16","0.238095238095238","96","21","81","15","16","5"
"2512","RMDQ21_v1","D16","0.291666666666667","93","24","80","13","17","7"
"2513","RMDQ22_v1","D16","0.3","97","20","83","14","14","6"
"2514","RMDQ23_v1","D16","0.263157894736842","98","19","83","15","14","5"
"2515","RMDQ24_v1","D16","0.263157894736842","98","19","83","15","14","5"
"2516","DN4_1a_v1","D16","0.188679245283019","65","53","55","10","43","10"
"2517","DN4_1b_v1","D16","0.166666666666667","94","24","79","15","20","4"
"2518","DN4_1c_v1","D16","0.25","83","36","72","11","27","9"
"2519","DN4_2a_v1","D16","0.258064516129032","88","31","76","12","23","8"
"2520","DN4_2b_v1","D16","0.194444444444444","83","36","70","13","29","7"
"2521","DN4_2c_v1","D16","0.272727272727273","85","33","74","11","24","9"
"2522","DN4_2d_v1","D16","0.333333333333333","113","6","95","18","4","2"
"2523","DN4_3a_v1","D16","0.2","114","5","95","19","4","1"
"2524","DN4_3b_v1","D16","0.2","114","5","95","19","4","1"
"2525","DN4_4_v1","D16","0.25","115","4","96","19","3","1"
"2526","Fuma","D17","0.0652173913043478","82","46","81","1","43","3"
"2527","Cirurgia_coluna","D17","0.0363636363636364","63","55","62","1","53","2"
"2528","Aposentado","D17","0","101","31","96","5","31","0"
"2529","Desempregado","D17","0.04","105","25","101","4","24","1"
"2530","Licenca_Medica","D17","0.111111111111111","114","18","111","3","16","2"
"2531","Aposentado_Invalidez","D17","0","123","8","118","5","8","0"
"2532","Analg.e9.sicos","D17","0.0454545454545455","42","88","41","1","84","4"
"2533","OutraDoenca","D17","0","80","50","75","5","50","0"
"2534","Dor_costas","D17","0.0549450549450549","37","91","37","0","86","5"
"2535","Dor_pernas","D17","0.0363636363636364","72","55","69","3","53","2"
"2536","Retornar_trabalho","D17","0","99","20","94","5","20","0"
"2537","Masc","D17","0.0568181818181818","48","88","48","0","83","5"
"2538","Fem","D17","0","88","48","83","5","48","0"
"2539","Casado_Amasiado","D17","0.0363636363636364","81","55","78","3","53","2"
"2540","Solteiro","D17","0.0338983050847458","77","59","74","3","57","2"
"2541","Separado_Divorciado","D17","0","129","7","124","5","7","0"
"2542","X4","D17","0.333333333333333","133","3","129","4","2","1"
"2543","X5","D17","0","134","2","129","5","2","0"
"2544","X6","D17","0","126","10","121","5","10","0"
"2545","Livrar_costas","D17","0.0465116279069767","14","86","14","0","82","4"
"2546","Livrar_perna","D17","0","86","14","82","4","14","0"
"2547","Livrar_perda_sens","D17","NaN","100","0","96","4","0","0"
"2548","D1","D17","1","135","1","131","4","0","1"
"2549","D15","D17","0.285714285714286","129","7","126","3","5","2"
"2550","D16","D17","0.05","116","20","112","4","19","1"
"2551","D17","D17","1","131","5","131","0","0","5"
"2552","D18","D17","0.3125","120","16","120","0","11","5"
"2553","D19","D17","0.142857142857143","129","7","125","4","6","1"
"2554","D2","D17","0.125","128","8","124","4","7","1"
"2555","D20","D17","0","128","8","123","5","8","0"
"2556","D21","D17","0.142857142857143","129","7","125","4","6","1"
"2557","D22","D17","0","134","2","129","5","2","0"
"2558","D23","D17","0","134","2","129","5","2","0"
"2559","D24","D17","0.0384615384615385","110","26","106","4","25","1"
"2560","D25","D17","0","132","4","127","5","4","0"
"2561","D26","D17","0","134","2","129","5","2","0"
"2562","D27","D17","0","131","5","126","5","5","0"
"2563","D28","D17","0","130","6","125","5","6","0"
"2564","D29","D17","0.0476190476190476","94","42","91","3","40","2"
"2565","D3","D17","0","134","2","129","5","2","0"
"2566","D30","D17","0.0161290322580645","74","62","70","4","61","1"
"2567","D31","D17","0.0588235294117647","119","17","115","4","16","1"
"2568","D32","D17","0.027027027027027","99","37","95","4","36","1"
"2569","D33","D17","0","124","12","119","5","12","0"
"2570","D34","D17","0","133","3","128","5","3","0"
"2571","D35","D17","0","134","2","129","5","2","0"
"2572","D36","D17","0.25","128","8","125","3","6","2"
"2573","D37","D17","0.136363636363636","114","22","112","2","19","3"
"2574","D38","D17","0","133","3","128","5","3","0"
"2575","D39","D17","0.0666666666666667","121","15","117","4","14","1"
"2576","D4","D17","0","132","4","127","5","4","0"
"2577","D40","D17","0.4","131","5","128","3","3","2"
"2578","D41","D17","0.285714285714286","129","7","126","3","5","2"
"2579","D42","D17","0","133","3","128","5","3","0"
"2580","D43","D17","0","133","3","128","5","3","0"
"2581","D44","D17","0","98","38","93","5","38","0"
"2582","D45","D17","0","124","12","119","5","12","0"
"2583","D46","D17","0.0263157894736842","98","38","94","4","37","1"
"2584","D47","D17","0","124","12","119","5","12","0"
"2585","D48","D17","0","110","26","105","5","26","0"
"2586","D49","D17","0","123","13","118","5","13","0"
"2587","D5","D17","0","133","3","128","5","3","0"
"2588","D50","D17","0","134","2","129","5","2","0"
"2589","D51","D17","0","135","1","130","5","1","0"
"2590","D52","D17","0","134","2","129","5","2","0"
"2591","D53","D17","0","134","2","129","5","2","0"
"2592","D9","D17","0","135","1","130","5","1","0"
"2593","RMDQ1_v1","D17","0.0232558139534884","73","43","69","4","42","1"
"2594","RMDQ2_v1","D17","0.0425531914893617","69","47","66","3","45","2"
"2595","RMDQ3_v1","D17","0.0555555555555556","82","36","79","3","34","2"
"2596","RMDQ4_v1","D17","0.0384615384615385","92","26","88","4","25","1"
"2597","RMDQ5_v1","D17","0.0303030303030303","85","33","81","4","32","1"
"2598","RMDQ6_v1","D17","0","89","29","84","5","29","0"
"2599","RMDQ7_v1","D17","0.05","97","20","93","4","19","1"
"2600","RMDQ8_v1","D17","0","113","4","108","5","4","0"
"2601","RMDQ9_v1","D17","0","99","18","94","5","18","0"
"2602","RMDQ10_v1","D17","0","95","22","90","5","22","0"
"2603","RMDQ11_v1","D17","0","94","23","89","5","23","0"
"2604","RMDQ12_v1","D17","0","95","22","90","5","22","0"
"2605","RMDQ13_v1","D17","0.0454545454545455","95","22","91","4","21","1"
"2606","RMDQ14_v1","D17","0","92","25","87","5","25","0"
"2607","RMDQ15_v1","D17","0","102","15","97","5","15","0"
"2608","RMDQ16_v1","D17","0","98","19","93","5","19","0"
"2609","RMDQ17_v1","D17","0","95","22","90","5","22","0"
"2610","RMDQ18_v1","D17","0","97","20","92","5","20","0"
"2611","RMDQ19_v1","D17","0","101","16","96","5","16","0"
"2612","RMDQ20_v1","D17","0","96","21","91","5","21","0"
"2613","RMDQ21_v1","D17","0","93","24","88","5","24","0"
"2614","RMDQ22_v1","D17","0","97","20","92","5","20","0"
"2615","RMDQ23_v1","D17","0","98","19","93","5","19","0"
"2616","RMDQ24_v1","D17","0","98","19","93","5","19","0"
"2617","DN4_1a_v1","D17","0.0754716981132075","65","53","64","1","49","4"
"2618","DN4_1b_v1","D17","0.0416666666666667","94","24","90","4","23","1"
"2619","DN4_1c_v1","D17","0.0555555555555556","83","36","80","3","34","2"
"2620","DN4_2a_v1","D17","0.0645161290322581","88","31","85","3","29","2"
"2621","DN4_2b_v1","D17","0.0833333333333333","83","36","81","2","33","3"
"2622","DN4_2c_v1","D17","0","85","33","80","5","33","0"
"2623","DN4_2d_v1","D17","0","113","6","108","5","6","0"
"2624","DN4_3a_v1","D17","0","114","5","109","5","5","0"
"2625","DN4_3b_v1","D17","0","114","5","109","5","5","0"
"2626","DN4_4_v1","D17","0","115","4","110","5","4","0"
"2627","Fuma","D18","0.195652173913043","82","46","77","5","37","9"
"2628","Cirurgia_coluna","D18","0.127272727272727","63","55","58","5","48","7"
"2629","Aposentado","D18","0.0645161290322581","101","31","87","14","29","2"
"2630","Desempregado","D18","0.16","105","25","93","12","21","4"
"2631","Licenca_Medica","D18","0.166666666666667","114","18","101","13","15","3"
"2632","Aposentado_Invalidez","D18","0.125","123","8","108","15","7","1"
"2633","Analg.e9.sicos","D18","0.147727272727273","42","88","40","2","75","13"
"2634","OutraDoenca","D18","0.1","80","50","69","11","45","5"
"2635","Dor_costas","D18","0.164835164835165","37","91","36","1","76","15"
"2636","Dor_pernas","D18","0.0909090909090909","72","55","61","11","50","5"
"2637","Retornar_trabalho","D18","0.1","99","20","85","14","18","2"
"2638","Masc","D18","0.147727272727273","48","88","45","3","75","13"
"2639","Fem","D18","0.0625","88","48","75","13","45","3"
"2640","Casado_Amasiado","D18","0.109090909090909","81","55","71","10","49","6"
"2641","Solteiro","D18","0.135593220338983","77","59","69","8","51","8"
"2642","Separado_Divorciado","D18","0","129","7","113","16","7","0"
"2643","X4","D18","0.333333333333333","133","3","118","15","2","1"
"2644","X5","D18","0.5","134","2","119","15","1","1"
"2645","X6","D18","0","126","10","110","16","10","0"
"2646","Livrar_costas","D18","0.13953488372093","14","86","14","0","74","12"
"2647","Livrar_perna","D18","0","86","14","74","12","14","0"
"2648","Livrar_perda_sens","D18","NaN","100","0","88","12","0","0"
"2649","D1","D18","1","135","1","120","15","0","1"
"2650","D15","D18","0.285714285714286","129","7","115","14","5","2"
"2651","D16","D18","0.05","116","20","101","15","19","1"
"2652","D17","D18","1","131","5","120","11","0","5"
"2653","D18","D18","1","120","16","120","0","0","16"
"2654","D19","D18","0.571428571428571","129","7","117","12","3","4"
"2655","D2","D18","0.5","128","8","116","12","4","4"
"2656","D20","D18","0.625","128","8","117","11","3","5"
"2657","D21","D18","0.428571428571429","129","7","116","13","4","3"
"2658","D22","D18","1","134","2","120","14","0","2"
"2659","D23","D18","0","134","2","118","16","2","0"
"2660","D24","D18","0.153846153846154","110","26","98","12","22","4"
"2661","D25","D18","0","132","4","116","16","4","0"
"2662","D26","D18","0.5","134","2","119","15","1","1"
"2663","D27","D18","0","131","5","115","16","5","0"
"2664","D28","D18","0.166666666666667","130","6","115","15","5","1"
"2665","D29","D18","0.0476190476190476","94","42","80","14","40","2"
"2666","D3","D18","0.5","134","2","119","15","1","1"
"2667","D30","D18","0.0645161290322581","74","62","62","12","58","4"
"2668","D31","D18","0.0588235294117647","119","17","104","15","16","1"
"2669","D32","D18","0.027027027027027","99","37","84","15","36","1"
"2670","D33","D18","0","124","12","108","16","12","0"
"2671","D34","D18","0","133","3","117","16","3","0"
"2672","D35","D18","0.5","134","2","119","15","1","1"
"2673","D36","D18","0.25","128","8","114","14","6","2"
"2674","D37","D18","0.136363636363636","114","22","101","13","19","3"
"2675","D38","D18","0","133","3","117","16","3","0"
"2676","D39","D18","0.0666666666666667","121","15","106","15","14","1"
"2677","D4","D18","0.5","132","4","118","14","2","2"
"2678","D40","D18","0.4","131","5","117","14","3","2"
"2679","D41","D18","0.285714285714286","129","7","115","14","5","2"
"2680","D42","D18","0.666666666666667","133","3","119","14","1","2"
"2681","D43","D18","0.666666666666667","133","3","119","14","1","2"
"2682","D44","D18","0","98","38","82","16","38","0"
"2683","D45","D18","0","124","12","108","16","12","0"
"2684","D46","D18","0.0526315789473684","98","38","84","14","36","2"
"2685","D47","D18","0.0833333333333333","124","12","109","15","11","1"
"2686","D48","D18","0","110","26","94","16","26","0"
"2687","D49","D18","0","123","13","107","16","13","0"
"2688","D5","D18","0","133","3","117","16","3","0"
"2689","D50","D18","0","134","2","118","16","2","0"
"2690","D51","D18","0","135","1","119","16","1","0"
"2691","D52","D18","0","134","2","118","16","2","0"
"2692","D53","D18","0.5","134","2","119","15","1","1"
"2693","D9","D18","0","135","1","119","16","1","0"
"2694","RMDQ1_v1","D18","0.116279069767442","73","43","66","7","38","5"
"2695","RMDQ2_v1","D18","0.170212765957447","69","47","65","4","39","8"
"2696","RMDQ3_v1","D18","0.166666666666667","82","36","75","7","30","6"
"2697","RMDQ4_v1","D18","0.230769230769231","92","26","85","7","20","6"
"2698","RMDQ5_v1","D18","0.121212121212121","85","33","76","9","29","4"
"2699","RMDQ6_v1","D18","0.137931034482759","89","29","80","9","25","4"
"2700","RMDQ7_v1","D18","0.2","97","20","88","9","16","4"
"2701","RMDQ8_v1","D18","0.25","113","4","101","12","3","1"
"2702","RMDQ9_v1","D18","0.166666666666667","99","18","89","10","15","3"
"2703","RMDQ10_v1","D18","0.227272727272727","95","22","87","8","17","5"
"2704","RMDQ11_v1","D18","0.217391304347826","94","23","86","8","18","5"
"2705","RMDQ12_v1","D18","0.181818181818182","95","22","86","9","18","4"
"2706","RMDQ13_v1","D18","0.181818181818182","95","22","86","9","18","4"
"2707","RMDQ14_v1","D18","0.2","92","25","84","8","20","5"
"2708","RMDQ15_v1","D18","0.133333333333333","102","15","91","11","13","2"
"2709","RMDQ16_v1","D18","0.157894736842105","98","19","88","10","16","3"
"2710","RMDQ17_v1","D18","0.136363636363636","95","22","85","10","19","3"
"2711","RMDQ18_v1","D18","0.2","97","20","88","9","16","4"
"2712","RMDQ19_v1","D18","0.125","101","16","90","11","14","2"
"2713","RMDQ20_v1","D18","0.19047619047619","96","21","87","9","17","4"
"2714","RMDQ21_v1","D18","0.208333333333333","93","24","85","8","19","5"
"2715","RMDQ22_v1","D18","0.15","97","20","87","10","17","3"
"2716","RMDQ23_v1","D18","0.157894736842105","98","19","88","10","16","3"
"2717","RMDQ24_v1","D18","0.210526315789474","98","19","89","9","15","4"
"2718","DN4_1a_v1","D18","0.132075471698113","65","53","62","3","46","7"
"2719","DN4_1b_v1","D18","0.0833333333333333","94","24","86","8","22","2"
"2720","DN4_1c_v1","D18","0.138888888888889","83","36","78","5","31","5"
"2721","DN4_2a_v1","D18","0.0967741935483871","88","31","81","7","28","3"
"2722","DN4_2b_v1","D18","0.166666666666667","83","36","79","4","30","6"
"2723","DN4_2c_v1","D18","0.0303030303030303","85","33","76","9","32","1"
"2724","DN4_2d_v1","D18","0","113","6","103","10","6","0"
"2725","DN4_3a_v1","D18","0.2","114","5","105","9","4","1"
"2726","DN4_3b_v1","D18","0.2","114","5","105","9","4","1"
"2727","DN4_4_v1","D18","0.25","115","4","106","9","3","1"
"2728","Fuma","D19","0.0869565217391304","82","46","79","3","42","4"
"2729","Cirurgia_coluna","D19","0","63","55","59","4","55","0"
"2730","Aposentado","D19","0.0645161290322581","101","31","96","5","29","2"
"2731","Desempregado","D19","0.08","105","25","100","5","23","2"
"2732","Licenca_Medica","D19","0.0555555555555556","114","18","108","6","17","1"
"2733","Aposentado_Invalidez","D19","0.125","123","8","117","6","7","1"
"2734","Analg.e9.sicos","D19","0.0568181818181818","42","88","41","1","83","5"
"2735","OutraDoenca","D19","0.06","80","50","76","4","47","3"
"2736","Dor_costas","D19","0.0769230769230769","37","91","37","0","84","7"
"2737","Dor_pernas","D19","0.0545454545454545","72","55","68","4","52","3"
"2738","Retornar_trabalho","D19","0.15","99","20","95","4","17","3"
"2739","Masc","D19","0.0795454545454545","48","88","48","0","81","7"
"2740","Fem","D19","0","88","48","81","7","48","0"
"2741","Casado_Amasiado","D19","0.0545454545454545","81","55","77","4","52","3"
"2742","Solteiro","D19","0.0508474576271186","77","59","73","4","56","3"
"2743","Separado_Divorciado","D19","0","129","7","122","7","7","0"
"2744","X4","D19","0.333333333333333","133","3","127","6","2","1"
"2745","X5","D19","0","134","2","127","7","2","0"
"2746","X6","D19","0","126","10","119","7","10","0"
"2747","Livrar_costas","D19","0.0581395348837209","14","86","14","0","81","5"
"2748","Livrar_perna","D19","0","86","14","81","5","14","0"
"2749","Livrar_perda_sens","D19","NaN","100","0","95","5","0","0"
"2750","D1","D19","0","135","1","128","7","1","0"
"2751","D15","D19","0","129","7","122","7","7","0"
"2752","D16","D19","0.05","116","20","110","6","19","1"
"2753","D17","D19","0.2","131","5","125","6","4","1"
"2754","D18","D19","0.25","120","16","117","3","12","4"
"2755","D19","D19","1","129","7","129","0","0","7"
"2756","D2","D19","0.25","128","8","123","5","6","2"
"2757","D20","D19","0.5","128","8","125","3","4","4"
"2758","D21","D19","0.571428571428571","129","7","126","3","3","4"
"2759","D22","D19","1","134","2","129","5","0","2"
"2760","D23","D19","0","134","2","127","7","2","0"
"2761","D24","D19","0.153846153846154","110","26","107","3","22","4"
"2762","D25","D19","0.5","132","4","127","5","2","2"
"2763","D26","D19","0.5","134","2","128","6","1","1"
"2764","D27","D19","0","131","5","124","7","5","0"
"2765","D28","D19","0","130","6","123","7","6","0"
"2766","D29","D19","0.0238095238095238","94","42","88","6","41","1"
"2767","D3","D19","1","134","2","129","5","0","2"
"2768","D30","D19","0.0645161290322581","74","62","71","3","58","4"
"2769","D31","D19","0","119","17","112","7","17","0"
"2770","D32","D19","0.027027027027027","99","37","93","6","36","1"
"2771","D33","D19","0","124","12","117","7","12","0"
"2772","D34","D19","0","133","3","126","7","3","0"
"2773","D35","D19","0","134","2","127","7","2","0"
"2774","D36","D19","0","128","8","121","7","8","0"
"2775","D37","D19","0.0454545454545455","114","22","108","6","21","1"
"2776","D38","D19","0","133","3","126","7","3","0"
"2777","D39","D19","0.0666666666666667","121","15","115","6","14","1"
"2778","D4","D19","0.5","132","4","127","5","2","2"
"2779","D40","D19","0","131","5","124","7","5","0"
"2780","D41","D19","0","129","7","122","7","7","0"
"2781","D42","D19","0.666666666666667","133","3","128","5","1","2"
"2782","D43","D19","0.333333333333333","133","3","127","6","2","1"
"2783","D44","D19","0","98","38","91","7","38","0"
"2784","D45","D19","0","124","12","117","7","12","0"
"2785","D46","D19","0.0526315789473684","98","38","93","5","36","2"
"2786","D47","D19","0.0833333333333333","124","12","118","6","11","1"
"2787","D48","D19","0","110","26","103","7","26","0"
"2788","D49","D19","0","123","13","116","7","13","0"
"2789","D5","D19","0","133","3","126","7","3","0"
"2790","D50","D19","0","134","2","127","7","2","0"
"2791","D51","D19","0","135","1","128","7","1","0"
"2792","D52","D19","0","134","2","127","7","2","0"
"2793","D53","D19","0","134","2","127","7","2","0"
"2794","D9","D19","0","135","1","128","7","1","0"
"2795","RMDQ1_v1","D19","0.0465116279069767","73","43","69","4","41","2"
"2796","RMDQ2_v1","D19","0.0851063829787234","69","47","67","2","43","4"
"2797","RMDQ3_v1","D19","0.111111111111111","82","36","80","2","32","4"
"2798","RMDQ4_v1","D19","0.0384615384615385","92","26","87","5","25","1"
"2799","RMDQ5_v1","D19","0.0909090909090909","85","33","82","3","30","3"
"2800","RMDQ6_v1","D19","0.0689655172413793","89","29","85","4","27","2"
"2801","RMDQ7_v1","D19","0.1","97","20","93","4","18","2"
"2802","RMDQ8_v1","D19","0","113","4","107","6","4","0"
"2803","RMDQ9_v1","D19","0.0555555555555556","99","18","94","5","17","1"
"2804","RMDQ10_v1","D19","0.0909090909090909","95","22","91","4","20","2"
"2805","RMDQ11_v1","D19","0.0869565217391304","94","23","90","4","21","2"
"2806","RMDQ12_v1","D19","0.0909090909090909","95","22","91","4","20","2"
"2807","RMDQ13_v1","D19","0.0454545454545455","95","22","90","5","21","1"
"2808","RMDQ14_v1","D19","0.08","92","25","88","4","23","2"
"2809","RMDQ15_v1","D19","0.0666666666666667","102","15","97","5","14","1"
"2810","RMDQ16_v1","D19","0.0526315789473684","98","19","93","5","18","1"
"2811","RMDQ17_v1","D19","0.0909090909090909","95","22","91","4","20","2"
"2812","RMDQ18_v1","D19","0.1","97","20","93","4","18","2"
"2813","RMDQ19_v1","D19","0.0625","101","16","96","5","15","1"
"2814","RMDQ20_v1","D19","0.0952380952380952","96","21","92","4","19","2"
"2815","RMDQ21_v1","D19","0.0833333333333333","93","24","89","4","22","2"
"2816","RMDQ22_v1","D19","0.1","97","20","93","4","18","2"
"2817","RMDQ23_v1","D19","0.105263157894737","98","19","94","4","17","2"
"2818","RMDQ24_v1","D19","0.105263157894737","98","19","94","4","17","2"
"2819","DN4_1a_v1","D19","0.0754716981132075","65","53","64","1","49","4"
"2820","DN4_1b_v1","D19","0.0416666666666667","94","24","90","4","23","1"
"2821","DN4_1c_v1","D19","0.111111111111111","83","36","82","1","32","4"
"2822","DN4_2a_v1","D19","0","88","31","83","5","31","0"
"2823","DN4_2b_v1","D19","0.0833333333333333","83","36","81","2","33","3"
"2824","DN4_2c_v1","D19","0.0303030303030303","85","33","81","4","32","1"
"2825","DN4_2d_v1","D19","0.166666666666667","113","6","109","4","5","1"
"2826","DN4_3a_v1","D19","0.2","114","5","110","4","4","1"
"2827","DN4_3b_v1","D19","0.2","114","5","110","4","4","1"
"2828","DN4_4_v1","D19","0.25","115","4","111","4","3","1"
"2829","Fuma","D2","0.173913043478261","82","46","82","0","38","8"
"2830","Cirurgia_coluna","D2","0.0545454545454545","63","55","61","2","52","3"
"2831","Aposentado","D2","0.0645161290322581","101","31","95","6","29","2"
"2832","Desempregado","D2","0.12","105","25","100","5","22","3"
"2833","Licenca_Medica","D2","0.111111111111111","114","18","108","6","16","2"
"2834","Aposentado_Invalidez","D2","0.125","123","8","116","7","7","1"
"2835","Analg.e9.sicos","D2","0.0795454545454545","42","88","41","1","81","7"
"2836","OutraDoenca","D2","0.08","80","50","76","4","46","4"
"2837","Dor_costas","D2","0.0879120879120879","37","91","37","0","83","8"
"2838","Dor_pernas","D2","0.0727272727272727","72","55","68","4","51","4"
"2839","Retornar_trabalho","D2","0.1","99","20","93","6","18","2"
"2840","Masc","D2","0.0681818181818182","48","88","46","2","82","6"
"2841","Fem","D2","0.0416666666666667","88","48","82","6","46","2"
"2842","Casado_Amasiado","D2","0.0181818181818182","81","55","74","7","54","1"
"2843","Solteiro","D2","0.0677966101694915","77","59","73","4","55","4"
"2844","Separado_Divorciado","D2","0","129","7","121","8","7","0"
"2845","X4","D2","0.666666666666667","133","3","127","6","1","2"
"2846","X5","D2","0","134","2","126","8","2","0"
"2847","X6","D2","0.1","126","10","119","7","9","1"
"2848","Livrar_costas","D2","0.0813953488372093","14","86","14","0","79","7"
"2849","Livrar_perna","D2","0","86","14","79","7","14","0"
"2850","Livrar_perda_sens","D2","NaN","100","0","93","7","0","0"
"2851","D1","D2","0","135","1","127","8","1","0"
"2852","D15","D2","0.142857142857143","129","7","122","7","6","1"
"2853","D16","D2","0.05","116","20","109","7","19","1"
"2854","D17","D2","0.2","131","5","124","7","4","1"
"2855","D18","D2","0.25","120","16","116","4","12","4"
"2856","D19","D2","0.285714285714286","129","7","123","6","5","2"
"2857","D2","D2","1","128","8","128","0","0","8"
"2858","D20","D2","0.125","128","8","121","7","7","1"
"2859","D21","D2","0.142857142857143","129","7","122","7","6","1"
"2860","D22","D2","0","134","2","126","8","2","0"
"2861","D23","D2","0","134","2","126","8","2","0"
"2862","D24","D2","0.115384615384615","110","26","105","5","23","3"
"2863","D25","D2","0","132","4","124","8","4","0"
"2864","D26","D2","0","134","2","126","8","2","0"
"2865","D27","D2","0","131","5","123","8","5","0"
"2866","D28","D2","0.166666666666667","130","6","123","7","5","1"
"2867","D29","D2","0.0238095238095238","94","42","87","7","41","1"
"2868","D3","D2","1","134","2","128","6","0","2"
"2869","D30","D2","0.032258064516129","74","62","68","6","60","2"
"2870","D31","D2","0.0588235294117647","119","17","112","7","16","1"
"2871","D32","D2","0","99","37","91","8","37","0"
"2872","D33","D2","0","124","12","116","8","12","0"
"2873","D34","D2","0.666666666666667","133","3","127","6","1","2"
"2874","D35","D2","0.5","134","2","127","7","1","1"
"2875","D36","D2","0","128","8","120","8","8","0"
"2876","D37","D2","0.0454545454545455","114","22","107","7","21","1"
"2877","D38","D2","0","133","3","125","8","3","0"
"2878","D39","D2","0","121","15","113","8","15","0"
"2879","D4","D2","0.75","132","4","127","5","1","3"
"2880","D40","D2","0","131","5","123","8","5","0"
"2881","D41","D2","0","129","7","121","8","7","0"
"2882","D42","D2","0","133","3","125","8","3","0"
"2883","D43","D2","0.333333333333333","133","3","126","7","2","1"
"2884","D44","D2","0.0263157894736842","98","38","91","7","37","1"
"2885","D45","D2","0.0833333333333333","124","12","117","7","11","1"
"2886","D46","D2","0.0526315789473684","98","38","92","6","36","2"
"2887","D47","D2","0.166666666666667","124","12","118","6","10","2"
"2888","D48","D2","0.0384615384615385","110","26","103","7","25","1"
"2889","D49","D2","0.0769230769230769","123","13","116","7","12","1"
"2890","D5","D2","1","133","3","128","5","0","3"
"2891","D50","D2","0.5","134","2","127","7","1","1"
"2892","D51","D2","1","135","1","128","7","0","1"
"2893","D52","D2","0","134","2","126","8","2","0"
"2894","D53","D2","0.5","134","2","127","7","1","1"
"2895","D9","D2","1","135","1","128","7","0","1"
"2896","RMDQ1_v1","D2","0.0697674418604651","73","43","68","5","40","3"
"2897","RMDQ2_v1","D2","0.0851063829787234","69","47","65","4","43","4"
"2898","RMDQ3_v1","D2","0.0833333333333333","82","36","77","5","33","3"
"2899","RMDQ4_v1","D2","0.0384615384615385","92","26","85","7","25","1"
"2900","RMDQ5_v1","D2","0.0909090909090909","85","33","80","5","30","3"
"2901","RMDQ6_v1","D2","0.103448275862069","89","29","84","5","26","3"
"2902","RMDQ7_v1","D2","0.2","97","20","93","4","16","4"
"2903","RMDQ8_v1","D2","0.25","113","4","106","7","3","1"
"2904","RMDQ9_v1","D2","0.166666666666667","99","18","94","5","15","3"
"2905","RMDQ10_v1","D2","0.136363636363636","95","22","90","5","19","3"
"2906","RMDQ11_v1","D2","0.130434782608696","94","23","89","5","20","3"
"2907","RMDQ12_v1","D2","0.136363636363636","95","22","90","5","19","3"
"2908","RMDQ13_v1","D2","0.136363636363636","95","22","90","5","19","3"
"2909","RMDQ14_v1","D2","0.12","92","25","87","5","22","3"
"2910","RMDQ15_v1","D2","0.133333333333333","102","15","96","6","13","2"
"2911","RMDQ16_v1","D2","0.157894736842105","98","19","93","5","16","3"
"2912","RMDQ17_v1","D2","0.0909090909090909","95","22","89","6","20","2"
"2913","RMDQ18_v1","D2","0.1","97","20","91","6","18","2"
"2914","RMDQ19_v1","D2","0.125","101","16","95","6","14","2"
"2915","RMDQ20_v1","D2","0.142857142857143","96","21","91","5","18","3"
"2916","RMDQ21_v1","D2","0.125","93","24","88","5","21","3"
"2917","RMDQ22_v1","D2","0.1","97","20","91","6","18","2"
"2918","RMDQ23_v1","D2","0.105263157894737","98","19","92","6","17","2"
"2919","RMDQ24_v1","D2","0.157894736842105","98","19","93","5","16","3"
"2920","DN4_1a_v1","D2","0.113207547169811","65","53","64","1","47","6"
"2921","DN4_1b_v1","D2","0.0416666666666667","94","24","88","6","23","1"
"2922","DN4_1c_v1","D2","0.138888888888889","83","36","81","2","31","5"
"2923","DN4_2a_v1","D2","0.0967741935483871","88","31","84","4","28","3"
"2924","DN4_2b_v1","D2","0.138888888888889","83","36","81","2","31","5"
"2925","DN4_2c_v1","D2","0.0606060606060606","85","33","80","5","31","2"
"2926","DN4_2d_v1","D2","0.333333333333333","113","6","108","5","4","2"
"2927","DN4_3a_v1","D2","0.4","114","5","109","5","3","2"
"2928","DN4_3b_v1","D2","0.4","114","5","109","5","3","2"
"2929","DN4_4_v1","D2","0.5","115","4","110","5","2","2"
"2930","Fuma","D20","0.0652173913043478","82","46","77","5","43","3"
"2931","Cirurgia_coluna","D20","0.0181818181818182","63","55","58","5","54","1"
"2932","Aposentado","D20","0.0645161290322581","101","31","95","6","29","2"
"2933","Desempregado","D20","0.08","105","25","99","6","23","2"
"2934","Licenca_Medica","D20","0.111111111111111","114","18","108","6","16","2"
"2935","Aposentado_Invalidez","D20","0.125","123","8","116","7","7","1"
"2936","Analg.e9.sicos","D20","0.0681818181818182","42","88","41","1","82","6"
"2937","OutraDoenca","D20","0.04","80","50","74","6","48","2"
"2938","Dor_costas","D20","0.0879120879120879","37","91","37","0","83","8"
"2939","Dor_pernas","D20","0.0363636363636364","72","55","66","6","53","2"
"2940","Retornar_trabalho","D20","0.15","99","20","94","5","17","3"
"2941","Masc","D20","0.0568181818181818","48","88","45","3","83","5"
"2942","Fem","D20","0.0625","88","48","83","5","45","3"
"2943","Casado_Amasiado","D20","0.0727272727272727","81","55","77","4","51","4"
"2944","Solteiro","D20","0.0677966101694915","77","59","73","4","55","4"
"2945","Separado_Divorciado","D20","0","129","7","121","8","7","0"
"2946","X4","D20","0","133","3","125","8","3","0"
"2947","X5","D20","0","134","2","126","8","2","0"
"2948","X6","D20","0","126","10","118","8","10","0"
"2949","Livrar_costas","D20","0.0813953488372093","14","86","14","0","79","7"
"2950","Livrar_perna","D20","0","86","14","79","7","14","0"
"2951","Livrar_perda_sens","D20","NaN","100","0","93","7","0","0"
"2952","D1","D20","0","135","1","127","8","1","0"
"2953","D15","D20","0","129","7","121","8","7","0"
"2954","D16","D20","0","116","20","108","8","20","0"
"2955","D17","D20","0","131","5","123","8","5","0"
"2956","D18","D20","0.3125","120","16","117","3","11","5"
"2957","D19","D20","0.571428571428571","129","7","125","4","3","4"
"2958","D2","D20","0.125","128","8","121","7","7","1"
"2959","D20","D20","1","128","8","128","0","0","8"
"2960","D21","D20","0.571428571428571","129","7","125","4","3","4"
"2961","D22","D20","1","134","2","128","6","0","2"
"2962","D23","D20","0","134","2","126","8","2","0"
"2963","D24","D20","0.153846153846154","110","26","106","4","22","4"
"2964","D25","D20","0.5","132","4","126","6","2","2"
"2965","D26","D20","0.5","134","2","127","7","1","1"
"2966","D27","D20","0","131","5","123","8","5","0"
"2967","D28","D20","0.166666666666667","130","6","123","7","5","1"
"2968","D29","D20","0.0238095238095238","94","42","87","7","41","1"
"2969","D3","D20","0","134","2","126","8","2","0"
"2970","D30","D20","0.0806451612903226","74","62","71","3","57","5"
"2971","D31","D20","0","119","17","111","8","17","0"
"2972","D32","D20","0","99","37","91","8","37","0"
"2973","D33","D20","0","124","12","116","8","12","0"
"2974","D34","D20","0","133","3","125","8","3","0"
"2975","D35","D20","0","134","2","126","8","2","0"
"2976","D36","D20","0","128","8","120","8","8","0"
"2977","D37","D20","0","114","22","106","8","22","0"
"2978","D38","D20","0","133","3","125","8","3","0"
"2979","D39","D20","0","121","15","113","8","15","0"
"2980","D4","D20","0","132","4","124","8","4","0"
"2981","D40","D20","0","131","5","123","8","5","0"
"2982","D41","D20","0","129","7","121","8","7","0"
"2983","D42","D20","0.666666666666667","133","3","127","6","1","2"
"2984","D43","D20","0.666666666666667","133","3","127","6","1","2"
"2985","D44","D20","0","98","38","90","8","38","0"
"2986","D45","D20","0","124","12","116","8","12","0"
"2987","D46","D20","0","98","38","90","8","38","0"
"2988","D47","D20","0","124","12","116","8","12","0"
"2989","D48","D20","0","110","26","102","8","26","0"
"2990","D49","D20","0","123","13","115","8","13","0"
"2991","D5","D20","0","133","3","125","8","3","0"
"2992","D50","D20","0","134","2","126","8","2","0"
"2993","D51","D20","0","135","1","127","8","1","0"
"2994","D52","D20","0","134","2","126","8","2","0"
"2995","D53","D20","0.5","134","2","127","7","1","1"
"2996","D9","D20","0","135","1","127","8","1","0"
"2997","RMDQ1_v1","D20","0.0697674418604651","73","43","70","3","40","3"
"2998","RMDQ2_v1","D20","0.0851063829787234","69","47","67","2","43","4"
"2999","RMDQ3_v1","D20","0.0833333333333333","82","36","78","4","33","3"
"3000","RMDQ4_v1","D20","0.115384615384615","92","26","88","4","23","3"
"3001","RMDQ5_v1","D20","0.0303030303030303","85","33","79","6","32","1"
"3002","RMDQ6_v1","D20","0.0689655172413793","89","29","84","5","27","2"
"3003","RMDQ7_v1","D20","0.05","97","20","91","6","19","1"
"3004","RMDQ8_v1","D20","0","113","4","106","7","4","0"
"3005","RMDQ9_v1","D20","0.0555555555555556","99","18","93","6","17","1"
"3006","RMDQ10_v1","D20","0.0909090909090909","95","22","90","5","20","2"
"3007","RMDQ11_v1","D20","0.0869565217391304","94","23","89","5","21","2"
"3008","RMDQ12_v1","D20","0.0909090909090909","95","22","90","5","20","2"
"3009","RMDQ13_v1","D20","0.0454545454545455","95","22","89","6","21","1"
"3010","RMDQ14_v1","D20","0.08","92","25","87","5","23","2"
"3011","RMDQ15_v1","D20","0","102","15","95","7","15","0"
"3012","RMDQ16_v1","D20","0.0526315789473684","98","19","92","6","18","1"
"3013","RMDQ17_v1","D20","0.0454545454545455","95","22","89","6","21","1"
"3014","RMDQ18_v1","D20","0.05","97","20","91","6","19","1"
"3015","RMDQ19_v1","D20","0","101","16","94","7","16","0"
"3016","RMDQ20_v1","D20","0.0952380952380952","96","21","91","5","19","2"
"3017","RMDQ21_v1","D20","0.0833333333333333","93","24","88","5","22","2"
"3018","RMDQ22_v1","D20","0.05","97","20","91","6","19","1"
"3019","RMDQ23_v1","D20","0.0526315789473684","98","19","92","6","18","1"
"3020","RMDQ24_v1","D20","0.105263157894737","98","19","93","5","17","2"
"3021","DN4_1a_v1","D20","0.0377358490566038","65","53","62","3","51","2"
"3022","DN4_1b_v1","D20","0.0416666666666667","94","24","90","4","23","1"
"3023","DN4_1c_v1","D20","0.0555555555555556","83","36","80","3","34","2"
"3024","DN4_2a_v1","D20","0.032258064516129","88","31","84","4","30","1"
"3025","DN4_2b_v1","D20","0.0555555555555556","83","36","80","3","34","2"
"3026","DN4_2c_v1","D20","0.0606060606060606","85","33","82","3","31","2"
"3027","DN4_2d_v1","D20","0.166666666666667","113","6","109","4","5","1"
"3028","DN4_3a_v1","D20","0.2","114","5","110","4","4","1"
"3029","DN4_3b_v1","D20","0.2","114","5","110","4","4","1"
"3030","DN4_4_v1","D20","0.25","115","4","111","4","3","1"
"3031","Fuma","D21","0.0434782608695652","82","46","77","5","44","2"
"3032","Cirurgia_coluna","D21","0","63","55","58","5","55","0"
"3033","Aposentado","D21","0.0645161290322581","101","31","96","5","29","2"
"3034","Desempregado","D21","0.04","105","25","99","6","24","1"
"3035","Licenca_Medica","D21","0.0555555555555556","114","18","108","6","17","1"
"3036","Aposentado_Invalidez","D21","0","123","8","116","7","8","0"
"3037","Analg.e9.sicos","D21","0.0681818181818182","42","88","41","1","82","6"
"3038","OutraDoenca","D21","0.02","80","50","74","6","49","1"
"3039","Dor_costas","D21","0.0769230769230769","37","91","37","0","84","7"
"3040","Dor_pernas","D21","0.0363636363636364","72","55","67","5","53","2"
"3041","Retornar_trabalho","D21","0.1","99","20","94","5","18","2"
"3042","Masc","D21","0.0568181818181818","48","88","46","2","83","5"
"3043","Fem","D21","0.0416666666666667","88","48","83","5","46","2"
"3044","Casado_Amasiado","D21","0.0909090909090909","81","55","79","2","50","5"
"3045","Solteiro","D21","0.0338983050847458","77","59","72","5","57","2"
"3046","Separado_Divorciado","D21","0","129","7","122","7","7","0"
"3047","X4","D21","0","133","3","126","7","3","0"
"3048","X5","D21","0","134","2","127","7","2","0"
"3049","X6","D21","0","126","10","119","7","10","0"
"3050","Livrar_costas","D21","0.0813953488372093","14","86","14","0","79","7"
"3051","Livrar_perna","D21","0","86","14","79","7","14","0"
"3052","Livrar_perda_sens","D21","NaN","100","0","93","7","0","0"
"3053","D1","D21","0","135","1","128","7","1","0"
"3054","D15","D21","0","129","7","122","7","7","0"
"3055","D16","D21","0.05","116","20","110","6","19","1"
"3056","D17","D21","0.2","131","5","125","6","4","1"
"3057","D18","D21","0.1875","120","16","116","4","13","3"
"3058","D19","D21","0.571428571428571","129","7","126","3","3","4"
"3059","D2","D21","0.125","128","8","122","6","7","1"
"3060","D20","D21","0.5","128","8","125","3","4","4"
"3061","D21","D21","1","129","7","129","0","0","7"
"3062","D22","D21","0.5","134","2","128","6","1","1"
"3063","D23","D21","0","134","2","127","7","2","0"
"3064","D24","D21","0.115384615384615","110","26","106","4","23","3"
"3065","D25","D21","0.5","132","4","127","5","2","2"
"3066","D26","D21","0.5","134","2","128","6","1","1"
"3067","D27","D21","0","131","5","124","7","5","0"
"3068","D28","D21","0.166666666666667","130","6","124","6","5","1"
"3069","D29","D21","0.0238095238095238","94","42","88","6","41","1"
"3070","D3","D21","0","134","2","127","7","2","0"
"3071","D30","D21","0.0806451612903226","74","62","72","2","57","5"
"3072","D31","D21","0","119","17","112","7","17","0"
"3073","D32","D21","0.027027027027027","99","37","93","6","36","1"
"3074","D33","D21","0.166666666666667","124","12","119","5","10","2"
"3075","D34","D21","0","133","3","126","7","3","0"
"3076","D35","D21","0","134","2","127","7","2","0"
"3077","D36","D21","0","128","8","121","7","8","0"
"3078","D37","D21","0.0454545454545455","114","22","108","6","21","1"
"3079","D38","D21","0","133","3","126","7","3","0"
"3080","D39","D21","0.0666666666666667","121","15","115","6","14","1"
"3081","D4","D21","0","132","4","125","7","4","0"
"3082","D40","D21","0","131","5","124","7","5","0"
"3083","D41","D21","0","129","7","122","7","7","0"
"3084","D42","D21","0.333333333333333","133","3","127","6","2","1"
"3085","D43","D21","0.666666666666667","133","3","128","5","1","2"
"3086","D44","D21","0","98","38","91","7","38","0"
"3087","D45","D21","0","124","12","117","7","12","0"
"3088","D46","D21","0.0263157894736842","98","38","92","6","37","1"
"3089","D47","D21","0","124","12","117","7","12","0"
"3090","D48","D21","0","110","26","103","7","26","0"
"3091","D49","D21","0.153846153846154","123","13","118","5","11","2"
"3092","D5","D21","0","133","3","126","7","3","0"
"3093","D50","D21","0","134","2","127","7","2","0"
"3094","D51","D21","0","135","1","128","7","1","0"
"3095","D52","D21","0","134","2","127","7","2","0"
"3096","D53","D21","0.5","134","2","128","6","1","1"
"3097","D9","D21","0","135","1","128","7","1","0"
"3098","RMDQ1_v1","D21","0.0697674418604651","73","43","69","4","40","3"
"3099","RMDQ2_v1","D21","0.106382978723404","69","47","67","2","42","5"
"3100","RMDQ3_v1","D21","0.0833333333333333","82","36","78","4","33","3"
"3101","RMDQ4_v1","D21","0.0769230769230769","92","26","87","5","24","2"
"3102","RMDQ5_v1","D21","0.0606060606060606","85","33","80","5","31","2"
"3103","RMDQ6_v1","D21","0.0689655172413793","89","29","84","5","27","2"
"3104","RMDQ7_v1","D21","0.1","97","20","92","5","18","2"
"3105","RMDQ8_v1","D21","0","113","4","106","7","4","0"
"3106","RMDQ9_v1","D21","0.0555555555555556","99","18","93","6","17","1"
"3107","RMDQ10_v1","D21","0.136363636363636","95","22","91","4","19","3"
"3108","RMDQ11_v1","D21","0.0869565217391304","94","23","89","5","21","2"
"3109","RMDQ12_v1","D21","0.0909090909090909","95","22","90","5","20","2"
"3110","RMDQ13_v1","D21","0.0454545454545455","95","22","89","6","21","1"
"3111","RMDQ14_v1","D21","0.08","92","25","87","5","23","2"
"3112","RMDQ15_v1","D21","0","102","15","95","7","15","0"
"3113","RMDQ16_v1","D21","0.0526315789473684","98","19","92","6","18","1"
"3114","RMDQ17_v1","D21","0.0454545454545455","95","22","89","6","21","1"
"3115","RMDQ18_v1","D21","0.05","97","20","91","6","19","1"
"3116","RMDQ19_v1","D21","0","101","16","94","7","16","0"
"3117","RMDQ20_v1","D21","0.0952380952380952","96","21","91","5","19","2"
"3118","RMDQ21_v1","D21","0.0833333333333333","93","24","88","5","22","2"
"3119","RMDQ22_v1","D21","0.05","97","20","91","6","19","1"
"3120","RMDQ23_v1","D21","0.105263157894737","98","19","93","5","17","2"
"3121","RMDQ24_v1","D21","0.105263157894737","98","19","93","5","17","2"
"3122","DN4_1a_v1","D21","0.0566037735849057","65","53","63","2","50","3"
"3123","DN4_1b_v1","D21","0.0833333333333333","94","24","91","3","22","2"
"3124","DN4_1c_v1","D21","0.0833333333333333","83","36","81","2","33","3"
"3125","DN4_2a_v1","D21","0.0645161290322581","88","31","85","3","29","2"
"3126","DN4_2b_v1","D21","0.0555555555555556","83","36","80","3","34","2"
"3127","DN4_2c_v1","D21","0.0303030303030303","85","33","81","4","32","1"
"3128","DN4_2d_v1","D21","0.166666666666667","113","6","109","4","5","1"
"3129","DN4_3a_v1","D21","0","114","5","109","5","5","0"
"3130","DN4_3b_v1","D21","0","114","5","109","5","5","0"
"3131","DN4_4_v1","D21","0","115","4","110","5","4","0"
"3132","Fuma","D22","0.0217391304347826","82","46","81","1","45","1"
"3133","Cirurgia_coluna","D22","0","63","55","62","1","55","0"
"3134","Aposentado","D22","0.032258064516129","101","31","100","1","30","1"
"3135","Desempregado","D22","0.04","105","25","104","1","24","1"
"3136","Licenca_Medica","D22","0.0555555555555556","114","18","113","1","17","1"
"3137","Aposentado_Invalidez","D22","0","123","8","121","2","8","0"
"3138","Analg.e9.sicos","D22","0.0113636363636364","42","88","42","0","87","1"
"3139","OutraDoenca","D22","0","80","50","78","2","50","0"
"3140","Dor_costas","D22","0.021978021978022","37","91","37","0","89","2"
"3141","Dor_pernas","D22","0","72","55","70","2","55","0"
"3142","Retornar_trabalho","D22","0.05","99","20","98","1","19","1"
"3143","Masc","D22","0.0227272727272727","48","88","48","0","86","2"
"3144","Fem","D22","0","88","48","86","2","48","0"
"3145","Casado_Amasiado","D22","0.0363636363636364","81","55","81","0","53","2"
"3146","Solteiro","D22","0","77","59","75","2","59","0"
"3147","Separado_Divorciado","D22","0","129","7","127","2","7","0"
"3148","X4","D22","0","133","3","131","2","3","0"
"3149","X5","D22","0","134","2","132","2","2","0"
"3150","X6","D22","0","126","10","124","2","10","0"
"3151","Livrar_costas","D22","0.0116279069767442","14","86","14","0","85","1"
"3152","Livrar_perna","D22","0","86","14","85","1","14","0"
"3153","Livrar_perda_sens","D22","NaN","100","0","99","1","0","0"
"3154","D1","D22","0","135","1","133","2","1","0"
"3155","D15","D22","0","129","7","127","2","7","0"
"3156","D16","D22","0","116","20","114","2","20","0"
"3157","D17","D22","0","131","5","129","2","5","0"
"3158","D18","D22","0.125","120","16","120","0","14","2"
"3159","D19","D22","0.285714285714286","129","7","129","0","5","2"
"3160","D2","D22","0","128","8","126","2","8","0"
"3161","D20","D22","0.25","128","8","128","0","6","2"
"3162","D21","D22","0.142857142857143","129","7","128","1","6","1"
"3163","D22","D22","1","134","2","134","0","0","2"
"3164","D23","D22","0","134","2","132","2","2","0"
"3165","D24","D22","0","110","26","108","2","26","0"
"3166","D25","D22","0","132","4","130","2","4","0"
"3167","D26","D22","0.5","134","2","133","1","1","1"
"3168","D27","D22","0","131","5","129","2","5","0"
"3169","D28","D22","0","130","6","128","2","6","0"
"3170","D29","D22","0","94","42","92","2","42","0"
"3171","D3","D22","0","134","2","132","2","2","0"
"3172","D30","D22","0.0161290322580645","74","62","73","1","61","1"
"3173","D31","D22","0","119","17","117","2","17","0"
"3174","D32","D22","0","99","37","97","2","37","0"
"3175","D33","D22","0","124","12","122","2","12","0"
"3176","D34","D22","0","133","3","131","2","3","0"
"3177","D35","D22","0","134","2","132","2","2","0"
"3178","D36","D22","0","128","8","126","2","8","0"
"3179","D37","D22","0","114","22","112","2","22","0"
"3180","D38","D22","0","133","3","131","2","3","0"
"3181","D39","D22","0","121","15","119","2","15","0"
"3182","D4","D22","0","132","4","130","2","4","0"
"3183","D40","D22","0","131","5","129","2","5","0"
"3184","D41","D22","0","129","7","127","2","7","0"
"3185","D42","D22","0.666666666666667","133","3","133","0","1","2"
"3186","D43","D22","0.333333333333333","133","3","132","1","2","1"
"3187","D44","D22","0","98","38","96","2","38","0"
"3188","D45","D22","0","124","12","122","2","12","0"
"3189","D46","D22","0","98","38","96","2","38","0"
"3190","D47","D22","0","124","12","122","2","12","0"
"3191","D48","D22","0","110","26","108","2","26","0"
"3192","D49","D22","0","123","13","121","2","13","0"
"3193","D5","D22","0","133","3","131","2","3","0"
"3194","D50","D22","0","134","2","132","2","2","0"
"3195","D51","D22","0","135","1","133","2","1","0"
"3196","D52","D22","0","134","2","132","2","2","0"
"3197","D53","D22","0","134","2","132","2","2","0"
"3198","D9","D22","0","135","1","133","2","1","0"
"3199","RMDQ1_v1","D22","0","73","43","72","1","43","0"
"3200","RMDQ2_v1","D22","0.0212765957446809","69","47","69","0","46","1"
"3201","RMDQ3_v1","D22","0.0277777777777778","82","36","82","0","35","1"
"3202","RMDQ4_v1","D22","0.0384615384615385","92","26","92","0","25","1"
"3203","RMDQ5_v1","D22","0.0303030303030303","85","33","85","0","32","1"
"3204","RMDQ6_v1","D22","0.0344827586206897","89","29","89","0","28","1"
"3205","RMDQ7_v1","D22","0","97","20","96","1","20","0"
"3206","RMDQ8_v1","D22","0","113","4","112","1","4","0"
"3207","RMDQ9_v1","D22","0","99","18","98","1","18","0"
"3208","RMDQ10_v1","D22","0.0454545454545455","95","22","95","0","21","1"
"3209","RMDQ11_v1","D22","0.0434782608695652","94","23","94","0","22","1"
"3210","RMDQ12_v1","D22","0.0454545454545455","95","22","95","0","21","1"
"3211","RMDQ13_v1","D22","0","95","22","94","1","22","0"
"3212","RMDQ14_v1","D22","0.04","92","25","92","0","24","1"
"3213","RMDQ15_v1","D22","0","102","15","101","1","15","0"
"3214","RMDQ16_v1","D22","0","98","19","97","1","19","0"
"3215","RMDQ17_v1","D22","0.0454545454545455","95","22","95","0","21","1"
"3216","RMDQ18_v1","D22","0.05","97","20","97","0","19","1"
"3217","RMDQ19_v1","D22","0","101","16","100","1","16","0"
"3218","RMDQ20_v1","D22","0.0476190476190476","96","21","96","0","20","1"
"3219","RMDQ21_v1","D22","0.0416666666666667","93","24","93","0","23","1"
"3220","RMDQ22_v1","D22","0.05","97","20","97","0","19","1"
"3221","RMDQ23_v1","D22","0.0526315789473684","98","19","98","0","18","1"
"3222","RMDQ24_v1","D22","0.0526315789473684","98","19","98","0","18","1"
"3223","DN4_1a_v1","D22","0","65","53","65","0","53","0"
"3224","DN4_1b_v1","D22","0","94","24","94","0","24","0"
"3225","DN4_1c_v1","D22","0","83","36","83","0","36","0"
"3226","DN4_2a_v1","D22","0","88","31","88","0","31","0"
"3227","DN4_2b_v1","D22","0","83","36","83","0","36","0"
"3228","DN4_2c_v1","D22","0","85","33","85","0","33","0"
"3229","DN4_2d_v1","D22","0","113","6","113","0","6","0"
"3230","DN4_3a_v1","D22","0","114","5","114","0","5","0"
"3231","DN4_3b_v1","D22","0","114","5","114","0","5","0"
"3232","DN4_4_v1","D22","0","115","4","115","0","4","0"
"3233","Fuma","D23","0","82","46","81","1","46","0"
"3234","Cirurgia_coluna","D23","0.0181818181818182","63","55","62","1","54","1"
"3235","Aposentado","D23","0.032258064516129","101","31","100","1","30","1"
"3236","Desempregado","D23","0.04","105","25","104","1","24","1"
"3237","Licenca_Medica","D23","0","114","18","112","2","18","0"
"3238","Aposentado_Invalidez","D23","0","123","8","121","2","8","0"
"3239","Analg.e9.sicos","D23","0.0227272727272727","42","88","42","0","86","2"
"3240","OutraDoenca","D23","0","80","50","78","2","50","0"
"3241","Dor_costas","D23","0.021978021978022","37","91","37","0","89","2"
"3242","Dor_pernas","D23","0.0181818181818182","72","55","71","1","54","1"
"3243","Retornar_trabalho","D23","0.05","99","20","98","1","19","1"
"3244","Masc","D23","0.0113636363636364","48","88","47","1","87","1"
"3245","Fem","D23","0.0208333333333333","88","48","87","1","47","1"
"3246","Casado_Amasiado","D23","0","81","55","79","2","55","0"
"3247","Solteiro","D23","0.0338983050847458","77","59","77","0","57","2"
"3248","Separado_Divorciado","D23","0","129","7","127","2","7","0"
"3249","X4","D23","0","133","3","131","2","3","0"
"3250","X5","D23","0","134","2","132","2","2","0"
"3251","X6","D23","0","126","10","124","2","10","0"
"3252","Livrar_costas","D23","0.0232558139534884","14","86","14","0","84","2"
"3253","Livrar_perna","D23","0","86","14","84","2","14","0"
"3254","Livrar_perda_sens","D23","NaN","100","0","98","2","0","0"
"3255","D1","D23","0","135","1","133","2","1","0"
"3256","D15","D23","0","129","7","127","2","7","0"
"3257","D16","D23","0","116","20","114","2","20","0"
"3258","D17","D23","0","131","5","129","2","5","0"
"3259","D18","D23","0","120","16","118","2","16","0"
"3260","D19","D23","0","129","7","127","2","7","0"
"3261","D2","D23","0","128","8","126","2","8","0"
"3262","D20","D23","0","128","8","126","2","8","0"
"3263","D21","D23","0","129","7","127","2","7","0"
"3264","D22","D23","0","134","2","132","2","2","0"
"3265","D23","D23","1","134","2","134","0","0","2"
"3266","D24","D23","0.0384615384615385","110","26","109","1","25","1"
"3267","D25","D23","0.25","132","4","131","1","3","1"
"3268","D26","D23","0","134","2","132","2","2","0"
"3269","D27","D23","0.2","131","5","130","1","4","1"
"3270","D28","D23","0.166666666666667","130","6","129","1","5","1"
"3271","D29","D23","0","94","42","92","2","42","0"
"3272","D3","D23","0","134","2","132","2","2","0"
"3273","D30","D23","0.032258064516129","74","62","74","0","60","2"
"3274","D31","D23","0","119","17","117","2","17","0"
"3275","D32","D23","0","99","37","97","2","37","0"
"3276","D33","D23","0","124","12","122","2","12","0"
"3277","D34","D23","0","133","3","131","2","3","0"
"3278","D35","D23","0","134","2","132","2","2","0"
"3279","D36","D23","0","128","8","126","2","8","0"
"3280","D37","D23","0","114","22","112","2","22","0"
"3281","D38","D23","0","133","3","131","2","3","0"
"3282","D39","D23","0","121","15","119","2","15","0"
"3283","D4","D23","0","132","4","130","2","4","0"
"3284","D40","D23","0","131","5","129","2","5","0"
"3285","D41","D23","0","129","7","127","2","7","0"
"3286","D42","D23","0","133","3","131","2","3","0"
"3287","D43","D23","0","133","3","131","2","3","0"
"3288","D44","D23","0.0263157894736842","98","38","97","1","37","1"
"3289","D45","D23","0.0833333333333333","124","12","123","1","11","1"
"3290","D46","D23","0.0263157894736842","98","38","97","1","37","1"
"3291","D47","D23","0.0833333333333333","124","12","123","1","11","1"
"3292","D48","D23","0.0384615384615385","110","26","109","1","25","1"
"3293","D49","D23","0.0769230769230769","123","13","122","1","12","1"
"3294","D5","D23","0","133","3","131","2","3","0"
"3295","D50","D23","0","134","2","132","2","2","0"
"3296","D51","D23","0","135","1","133","2","1","0"
"3297","D52","D23","0","134","2","132","2","2","0"
"3298","D53","D23","0","134","2","132","2","2","0"
"3299","D9","D23","0","135","1","133","2","1","0"
"3300","RMDQ1_v1","D23","0.0232558139534884","73","43","72","1","42","1"
"3301","RMDQ2_v1","D23","0.0425531914893617","69","47","69","0","45","2"
"3302","RMDQ3_v1","D23","0","82","36","80","2","36","0"
"3303","RMDQ4_v1","D23","0.0384615384615385","92","26","91","1","25","1"
"3304","RMDQ5_v1","D23","0","85","33","83","2","33","0"
"3305","RMDQ6_v1","D23","0","89","29","87","2","29","0"
"3306","RMDQ7_v1","D23","0","97","20","95","2","20","0"
"3307","RMDQ8_v1","D23","0","113","4","111","2","4","0"
"3308","RMDQ9_v1","D23","0","99","18","97","2","18","0"
"3309","RMDQ10_v1","D23","0.0454545454545455","95","22","94","1","21","1"
"3310","RMDQ11_v1","D23","0.0434782608695652","94","23","93","1","22","1"
"3311","RMDQ12_v1","D23","0","95","22","93","2","22","0"
"3312","RMDQ13_v1","D23","0","95","22","93","2","22","0"
"3313","RMDQ14_v1","D23","0.04","92","25","91","1","24","1"
"3314","RMDQ15_v1","D23","0","102","15","100","2","15","0"
"3315","RMDQ16_v1","D23","0","98","19","96","2","19","0"
"3316","RMDQ17_v1","D23","0","95","22","93","2","22","0"
"3317","RMDQ18_v1","D23","0.05","97","20","96","1","19","1"
"3318","RMDQ19_v1","D23","0","101","16","99","2","16","0"
"3319","RMDQ20_v1","D23","0","96","21","94","2","21","0"
"3320","RMDQ21_v1","D23","0.0416666666666667","93","24","92","1","23","1"
"3321","RMDQ22_v1","D23","0","97","20","95","2","20","0"
"3322","RMDQ23_v1","D23","0","98","19","96","2","19","0"
"3323","RMDQ24_v1","D23","0","98","19","96","2","19","0"
"3324","DN4_1a_v1","D23","0.0188679245283019","65","53","65","0","52","1"
"3325","DN4_1b_v1","D23","0","94","24","93","1","24","0"
"3326","DN4_1c_v1","D23","0.0277777777777778","83","36","83","0","35","1"
"3327","DN4_2a_v1","D23","0.032258064516129","88","31","88","0","30","1"
"3328","DN4_2b_v1","D23","0.0277777777777778","83","36","83","0","35","1"
"3329","DN4_2c_v1","D23","0.0303030303030303","85","33","85","0","32","1"
"3330","DN4_2d_v1","D23","0","113","6","112","1","6","0"
"3331","DN4_3a_v1","D23","0","114","5","113","1","5","0"
"3332","DN4_3b_v1","D23","0","114","5","113","1","5","0"
"3333","DN4_4_v1","D23","0","115","4","114","1","4","0"
"3334","Fuma","D24","0.173913043478261","82","46","66","16","38","8"
"3335","Cirurgia_coluna","D24","0.163636363636364","63","55","50","13","46","9"
"3336","Aposentado","D24","0.129032258064516","101","31","79","22","27","4"
"3337","Desempregado","D24","0.28","105","25","86","19","18","7"
"3338","Licenca_Medica","D24","0.222222222222222","114","18","92","22","14","4"
"3339","Aposentado_Invalidez","D24","0.375","123","8","100","23","5","3"
"3340","Analg.e9.sicos","D24","0.193181818181818","42","88","33","9","71","17"
"3341","OutraDoenca","D24","0.2","80","50","64","16","40","10"
"3342","Dor_costas","D24","0.241758241758242","37","91","33","4","69","22"
"3343","Dor_pernas","D24","0.127272727272727","72","55","53","19","48","7"
"3344","Retornar_trabalho","D24","0.35","99","20","82","17","13","7"
"3345","Masc","D24","0.181818181818182","48","88","38","10","72","16"
"3346","Fem","D24","0.208333333333333","88","48","72","16","38","10"
"3347","Casado_Amasiado","D24","0.2","81","55","66","15","44","11"
"3348","Solteiro","D24","0.220338983050847","77","59","64","13","46","13"
"3349","Separado_Divorciado","D24","0","129","7","103","26","7","0"
"3350","X4","D24","0","133","3","107","26","3","0"
"3351","X5","D24","0.5","134","2","109","25","1","1"
"3352","X6","D24","0.1","126","10","101","25","9","1"
"3353","Livrar_costas","D24","0.290697674418605","14","86","14","0","61","25"
"3354","Livrar_perna","D24","0","86","14","61","25","14","0"
"3355","Livrar_perda_sens","D24","NaN","100","0","75","25","0","0"
"3356","D1","D24","0","135","1","109","26","1","0"
"3357","D15","D24","0","129","7","103","26","7","0"
"3358","D16","D24","0.1","116","20","92","24","18","2"
"3359","D17","D24","0.2","131","5","106","25","4","1"
"3360","D18","D24","0.25","120","16","98","22","12","4"
"3361","D19","D24","0.571428571428571","129","7","107","22","3","4"
"3362","D2","D24","0.375","128","8","105","23","5","3"
"3363","D20","D24","0.5","128","8","106","22","4","4"
"3364","D21","D24","0.428571428571429","129","7","106","23","4","3"
"3365","D22","D24","0","134","2","108","26","2","0"
"3366","D23","D24","0.5","134","2","109","25","1","1"
"3367","D24","D24","1","110","26","110","0","0","26"
"3368","D25","D24","1","132","4","110","22","0","4"
"3369","D26","D24","0.5","134","2","109","25","1","1"
"3370","D27","D24","0.2","131","5","106","25","4","1"
"3371","D28","D24","0.333333333333333","130","6","106","24","4","2"
"3372","D29","D24","0.142857142857143","94","42","74","20","36","6"
"3373","D3","D24","0.5","134","2","109","25","1","1"
"3374","D30","D24","0.209677419354839","74","62","61","13","49","13"
"3375","D31","D24","0.176470588235294","119","17","96","23","14","3"
"3376","D32","D24","0.108108108108108","99","37","77","22","33","4"
"3377","D33","D24","0.0833333333333333","124","12","99","25","11","1"
"3378","D34","D24","0.333333333333333","133","3","108","25","2","1"
"3379","D35","D24","0","134","2","108","26","2","0"
"3380","D36","D24","0","128","8","102","26","8","0"
"3381","D37","D24","0.0909090909090909","114","22","90","24","20","2"
"3382","D38","D24","0","133","3","107","26","3","0"
"3383","D39","D24","0.0666666666666667","121","15","96","25","14","1"
"3384","D4","D24","0.25","132","4","107","25","3","1"
"3385","D40","D24","0","131","5","105","26","5","0"
"3386","D41","D24","0","129","7","103","26","7","0"
"3387","D42","D24","0","133","3","107","26","3","0"
"3388","D43","D24","0","133","3","107","26","3","0"
"3389","D44","D24","0.0789473684210526","98","38","75","23","35","3"
"3390","D45","D24","0.0833333333333333","124","12","99","25","11","1"
"3391","D46","D24","0.131578947368421","98","38","77","21","33","5"
"3392","D47","D24","0.166666666666667","124","12","100","24","10","2"
"3393","D48","D24","0.0769230769230769","110","26","86","24","24","2"
"3394","D49","D24","0.230769230769231","123","13","100","23","10","3"
"3395","D5","D24","0.666666666666667","133","3","109","24","1","2"
"3396","D50","D24","0.5","134","2","109","25","1","1"
"3397","D51","D24","0","135","1","109","26","1","0"
"3398","D52","D24","0","134","2","108","26","2","0"
"3399","D53","D24","0","134","2","108","26","2","0"
"3400","D9","D24","0","135","1","109","26","1","0"
"3401","RMDQ1_v1","D24","0.186046511627907","73","43","57","16","35","8"
"3402","RMDQ2_v1","D24","0.234042553191489","69","47","56","13","36","11"
"3403","RMDQ3_v1","D24","0.138888888888889","82","36","63","19","31","5"
"3404","RMDQ4_v1","D24","0.0769230769230769","92","26","70","22","24","2"
"3405","RMDQ5_v1","D24","0.121212121212121","85","33","65","20","29","4"
"3406","RMDQ6_v1","D24","0.0689655172413793","89","29","67","22","27","2"
"3407","RMDQ7_v1","D24","0.15","97","20","76","21","17","3"
"3408","RMDQ8_v1","D24","0.25","113","4","90","23","3","1"
"3409","RMDQ9_v1","D24","0.0555555555555556","99","18","76","23","17","1"
"3410","RMDQ10_v1","D24","0.0909090909090909","95","22","73","22","20","2"
"3411","RMDQ11_v1","D24","0.130434782608696","94","23","73","21","20","3"
"3412","RMDQ12_v1","D24","0.0454545454545455","95","22","72","23","21","1"
"3413","RMDQ13_v1","D24","0.0454545454545455","95","22","72","23","21","1"
"3414","RMDQ14_v1","D24","0.12","92","25","71","21","22","3"
"3415","RMDQ15_v1","D24","0.0666666666666667","102","15","79","23","14","1"
"3416","RMDQ16_v1","D24","0.105263157894737","98","19","76","22","17","2"
"3417","RMDQ17_v1","D24","0.0454545454545455","95","22","72","23","21","1"
"3418","RMDQ18_v1","D24","0.1","97","20","75","22","18","2"
"3419","RMDQ19_v1","D24","0.0625","101","16","78","23","15","1"
"3420","RMDQ20_v1","D24","0.0952380952380952","96","21","74","22","19","2"
"3421","RMDQ21_v1","D24","0.0833333333333333","93","24","71","22","22","2"
"3422","RMDQ22_v1","D24","0.05","97","20","74","23","19","1"
"3423","RMDQ23_v1","D24","0.0526315789473684","98","19","75","23","18","1"
"3424","RMDQ24_v1","D24","0.0526315789473684","98","19","75","23","18","1"
"3425","DN4_1a_v1","D24","0.113207547169811","65","53","47","18","47","6"
"3426","DN4_1b_v1","D24","0.125","94","24","73","21","21","3"
"3427","DN4_1c_v1","D24","0.166666666666667","83","36","65","18","30","6"
"3428","DN4_2a_v1","D24","0.032258064516129","88","31","65","23","30","1"
"3429","DN4_2b_v1","D24","0.111111111111111","83","36","63","20","32","4"
"3430","DN4_2c_v1","D24","0.0606060606060606","85","33","63","22","31","2"
"3431","DN4_2d_v1","D24","0.166666666666667","113","6","90","23","5","1"
"3432","DN4_3a_v1","D24","0.4","114","5","92","22","3","2"
"3433","DN4_3b_v1","D24","0.4","114","5","92","22","3","2"
"3434","DN4_4_v1","D24","0.5","115","4","93","22","2","2"
"3435","Fuma","D25","0.0217391304347826","82","46","80","2","45","1"
"3436","Cirurgia_coluna","D25","0.0363636363636364","63","55","61","2","53","2"
"3437","Aposentado","D25","0.0645161290322581","101","31","99","2","29","2"
"3438","Desempregado","D25","0.08","105","25","103","2","23","2"
"3439","Licenca_Medica","D25","0","114","18","110","4","18","0"
"3440","Aposentado_Invalidez","D25","0","123","8","119","4","8","0"
"3441","Analg.e9.sicos","D25","0.0340909090909091","42","88","41","1","85","3"
"3442","OutraDoenca","D25","0.02","80","50","77","3","49","1"
"3443","Dor_costas","D25","0.043956043956044","37","91","37","0","87","4"
"3444","Dor_pernas","D25","0.0181818181818182","72","55","69","3","54","1"
"3445","Retornar_trabalho","D25","0.15","99","20","98","1","17","3"
"3446","Masc","D25","0.0340909090909091","48","88","47","1","85","3"
"3447","Fem","D25","0.0208333333333333","88","48","85","3","47","1"
"3448","Casado_Amasiado","D25","0.0181818181818182","81","55","78","3","54","1"
"3449","Solteiro","D25","0.0508474576271186","77","59","76","1","56","3"
"3450","Separado_Divorciado","D25","0","129","7","125","4","7","0"
"3451","X4","D25","0","133","3","129","4","3","0"
"3452","X5","D25","0","134","2","130","4","2","0"
"3453","X6","D25","0","126","10","122","4","10","0"
"3454","Livrar_costas","D25","0.0465116279069767","14","86","14","0","82","4"
"3455","Livrar_perna","D25","0","86","14","82","4","14","0"
"3456","Livrar_perda_sens","D25","NaN","100","0","96","4","0","0"
"3457","D1","D25","0","135","1","131","4","1","0"
"3458","D15","D25","0","129","7","125","4","7","0"
"3459","D16","D25","0","116","20","112","4","20","0"
"3460","D17","D25","0","131","5","127","4","5","0"
"3461","D18","D25","0","120","16","116","4","16","0"
"3462","D19","D25","0.285714285714286","129","7","127","2","5","2"
"3463","D2","D25","0","128","8","124","4","8","0"
"3464","D20","D25","0.25","128","8","126","2","6","2"
"3465","D21","D25","0.285714285714286","129","7","127","2","5","2"
"3466","D22","D25","0","134","2","130","4","2","0"
"3467","D23","D25","0.5","134","2","131","3","1","1"
"3468","D24","D25","0.153846153846154","110","26","110","0","22","4"
"3469","D25","D25","1","132","4","132","0","0","4"
"3470","D26","D25","0","134","2","130","4","2","0"
"3471","D27","D25","0.2","131","5","128","3","4","1"
"3472","D28","D25","0.166666666666667","130","6","127","3","5","1"
"3473","D29","D25","0.0238095238095238","94","42","91","3","41","1"
"3474","D3","D25","0","134","2","130","4","2","0"
"3475","D30","D25","0.0483870967741935","74","62","73","1","59","3"
"3476","D31","D25","0","119","17","115","4","17","0"
"3477","D32","D25","0","99","37","95","4","37","0"
"3478","D33","D25","0","124","12","120","4","12","0"
"3479","D34","D25","0","133","3","129","4","3","0"
"3480","D35","D25","0","134","2","130","4","2","0"
"3481","D36","D25","0","128","8","124","4","8","0"
"3482","D37","D25","0","114","22","110","4","22","0"
"3483","D38","D25","0","133","3","129","4","3","0"
"3484","D39","D25","0","121","15","117","4","15","0"
"3485","D4","D25","0","132","4","128","4","4","0"
"3486","D40","D25","0","131","5","127","4","5","0"
"3487","D41","D25","0","129","7","125","4","7","0"
"3488","D42","D25","0","133","3","129","4","3","0"
"3489","D43","D25","0","133","3","129","4","3","0"
"3490","D44","D25","0","98","38","94","4","38","0"
"3491","D45","D25","0","124","12","120","4","12","0"
"3492","D46","D25","0","98","38","94","4","38","0"
"3493","D47","D25","0","124","12","120","4","12","0"
"3494","D48","D25","0","110","26","106","4","26","0"
"3495","D49","D25","0","123","13","119","4","13","0"
"3496","D5","D25","0","133","3","129","4","3","0"
"3497","D50","D25","0","134","2","130","4","2","0"
"3498","D51","D25","0","135","1","131","4","1","0"
"3499","D52","D25","0","134","2","130","4","2","0"
"3500","D53","D25","0","134","2","130","4","2","0"
"3501","D9","D25","0","135","1","131","4","1","0"
"3502","RMDQ1_v1","D25","0.0232558139534884","73","43","71","2","42","1"
"3503","RMDQ2_v1","D25","0.0425531914893617","69","47","68","1","45","2"
"3504","RMDQ3_v1","D25","0.0277777777777778","82","36","80","2","35","1"
"3505","RMDQ4_v1","D25","0.0384615384615385","92","26","90","2","25","1"
"3506","RMDQ5_v1","D25","0","85","33","82","3","33","0"
"3507","RMDQ6_v1","D25","0","89","29","86","3","29","0"
"3508","RMDQ7_v1","D25","0","97","20","94","3","20","0"
"3509","RMDQ8_v1","D25","0","113","4","110","3","4","0"
"3510","RMDQ9_v1","D25","0","99","18","96","3","18","0"
"3511","RMDQ10_v1","D25","0.0454545454545455","95","22","93","2","21","1"
"3512","RMDQ11_v1","D25","0.0434782608695652","94","23","92","2","22","1"
"3513","RMDQ12_v1","D25","0","95","22","92","3","22","0"
"3514","RMDQ13_v1","D25","0","95","22","92","3","22","0"
"3515","RMDQ14_v1","D25","0.04","92","25","90","2","24","1"
"3516","RMDQ15_v1","D25","0","102","15","99","3","15","0"
"3517","RMDQ16_v1","D25","0","98","19","95","3","19","0"
"3518","RMDQ17_v1","D25","0","95","22","92","3","22","0"
"3519","RMDQ18_v1","D25","0.05","97","20","95","2","19","1"
"3520","RMDQ19_v1","D25","0","101","16","98","3","16","0"
"3521","RMDQ20_v1","D25","0","96","21","93","3","21","0"
"3522","RMDQ21_v1","D25","0.0416666666666667","93","24","91","2","23","1"
"3523","RMDQ22_v1","D25","0","97","20","94","3","20","0"
"3524","RMDQ23_v1","D25","0","98","19","95","3","19","0"
"3525","RMDQ24_v1","D25","0","98","19","95","3","19","0"
"3526","DN4_1a_v1","D25","0.0188679245283019","65","53","63","2","52","1"
"3527","DN4_1b_v1","D25","0.0416666666666667","94","24","92","2","23","1"
"3528","DN4_1c_v1","D25","0.0277777777777778","83","36","81","2","35","1"
"3529","DN4_2a_v1","D25","0","88","31","85","3","31","0"
"3530","DN4_2b_v1","D25","0","83","36","80","3","36","0"
"3531","DN4_2c_v1","D25","0","85","33","82","3","33","0"
"3532","DN4_2d_v1","D25","0","113","6","110","3","6","0"
"3533","DN4_3a_v1","D25","0","114","5","111","3","5","0"
"3534","DN4_3b_v1","D25","0","114","5","111","3","5","0"
"3535","DN4_4_v1","D25","0","115","4","112","3","4","0"
"3536","Fuma","D26","0","82","46","80","2","46","0"
"3537","Cirurgia_coluna","D26","0","63","55","62","1","55","0"
"3538","Aposentado","D26","0.032258064516129","101","31","100","1","30","1"
"3539","Desempregado","D26","0.04","105","25","104","1","24","1"
"3540","Licenca_Medica","D26","0.0555555555555556","114","18","113","1","17","1"
"3541","Aposentado_Invalidez","D26","0","123","8","121","2","8","0"
"3542","Analg.e9.sicos","D26","0.0227272727272727","42","88","42","0","86","2"
"3543","OutraDoenca","D26","0.02","80","50","79","1","49","1"
"3544","Dor_costas","D26","0.021978021978022","37","91","37","0","89","2"
"3545","Dor_pernas","D26","0","72","55","70","2","55","0"
"3546","Retornar_trabalho","D26","0.05","99","20","98","1","19","1"
"3547","Masc","D26","0.0227272727272727","48","88","48","0","86","2"
"3548","Fem","D26","0","88","48","86","2","48","0"
"3549","Casado_Amasiado","D26","0.0363636363636364","81","55","81","0","53","2"
"3550","Solteiro","D26","0","77","59","75","2","59","0"
"3551","Separado_Divorciado","D26","0","129","7","127","2","7","0"
"3552","X4","D26","0","133","3","131","2","3","0"
"3553","X5","D26","0","134","2","132","2","2","0"
"3554","X6","D26","0","126","10","124","2","10","0"
"3555","Livrar_costas","D26","0.0232558139534884","14","86","14","0","84","2"
"3556","Livrar_perna","D26","0","86","14","84","2","14","0"
"3557","Livrar_perda_sens","D26","NaN","100","0","98","2","0","0"
"3558","D1","D26","0","135","1","133","2","1","0"
"3559","D15","D26","0","129","7","127","2","7","0"
"3560","D16","D26","0","116","20","114","2","20","0"
"3561","D17","D26","0","131","5","129","2","5","0"
"3562","D18","D26","0.0625","120","16","119","1","15","1"
"3563","D19","D26","0.142857142857143","129","7","128","1","6","1"
"3564","D2","D26","0","128","8","126","2","8","0"
"3565","D20","D26","0.125","128","8","127","1","7","1"
"3566","D21","D26","0.142857142857143","129","7","128","1","6","1"
"3567","D22","D26","0.5","134","2","133","1","1","1"
"3568","D23","D26","0","134","2","132","2","2","0"
"3569","D24","D26","0.0384615384615385","110","26","109","1","25","1"
"3570","D25","D26","0","132","4","130","2","4","0"
"3571","D26","D26","1","134","2","134","0","0","2"
"3572","D27","D26","0","131","5","129","2","5","0"
"3573","D28","D26","0.166666666666667","130","6","129","1","5","1"
"3574","D29","D26","0","94","42","92","2","42","0"
"3575","D3","D26","0","134","2","132","2","2","0"
"3576","D30","D26","0.0161290322580645","74","62","73","1","61","1"
"3577","D31","D26","0.0588235294117647","119","17","118","1","16","1"
"3578","D32","D26","0","99","37","97","2","37","0"
"3579","D33","D26","0","124","12","122","2","12","0"
"3580","D34","D26","0","133","3","131","2","3","0"
"3581","D35","D26","0","134","2","132","2","2","0"
"3582","D36","D26","0","128","8","126","2","8","0"
"3583","D37","D26","0","114","22","112","2","22","0"
"3584","D38","D26","0","133","3","131","2","3","0"
"3585","D39","D26","0","121","15","119","2","15","0"
"3586","D4","D26","0","132","4","130","2","4","0"
"3587","D40","D26","0","131","5","129","2","5","0"
"3588","D41","D26","0","129","7","127","2","7","0"
"3589","D42","D26","0.333333333333333","133","3","132","1","2","1"
"3590","D43","D26","0.333333333333333","133","3","132","1","2","1"
"3591","D44","D26","0","98","38","96","2","38","0"
"3592","D45","D26","0","124","12","122","2","12","0"
"3593","D46","D26","0","98","38","96","2","38","0"
"3594","D47","D26","0","124","12","122","2","12","0"
"3595","D48","D26","0","110","26","108","2","26","0"
"3596","D49","D26","0","123","13","121","2","13","0"
"3597","D5","D26","0","133","3","131","2","3","0"
"3598","D50","D26","0","134","2","132","2","2","0"
"3599","D51","D26","0","135","1","133","2","1","0"
"3600","D52","D26","0","134","2","132","2","2","0"
"3601","D53","D26","0","134","2","132","2","2","0"
"3602","D9","D26","0","135","1","133","2","1","0"
"3603","RMDQ1_v1","D26","0.0232558139534884","73","43","72","1","42","1"
"3604","RMDQ2_v1","D26","0.0425531914893617","69","47","69","0","45","2"
"3605","RMDQ3_v1","D26","0.0277777777777778","82","36","81","1","35","1"
"3606","RMDQ4_v1","D26","0.0384615384615385","92","26","91","1","25","1"
"3607","RMDQ5_v1","D26","0.0303030303030303","85","33","84","1","32","1"
"3608","RMDQ6_v1","D26","0.0344827586206897","89","29","88","1","28","1"
"3609","RMDQ7_v1","D26","0","97","20","95","2","20","0"
"3610","RMDQ8_v1","D26","0","113","4","111","2","4","0"
"3611","RMDQ9_v1","D26","0","99","18","97","2","18","0"
"3612","RMDQ10_v1","D26","0.0454545454545455","95","22","94","1","21","1"
"3613","RMDQ11_v1","D26","0.0434782608695652","94","23","93","1","22","1"
"3614","RMDQ12_v1","D26","0.0454545454545455","95","22","94","1","21","1"
"3615","RMDQ13_v1","D26","0","95","22","93","2","22","0"
"3616","RMDQ14_v1","D26","0.04","92","25","91","1","24","1"
"3617","RMDQ15_v1","D26","0","102","15","100","2","15","0"
"3618","RMDQ16_v1","D26","0","98","19","96","2","19","0"
"3619","RMDQ17_v1","D26","0.0454545454545455","95","22","94","1","21","1"
"3620","RMDQ18_v1","D26","0.05","97","20","96","1","19","1"
"3621","RMDQ19_v1","D26","0","101","16","99","2","16","0"
"3622","RMDQ20_v1","D26","0.0476190476190476","96","21","95","1","20","1"
"3623","RMDQ21_v1","D26","0.0416666666666667","93","24","92","1","23","1"
"3624","RMDQ22_v1","D26","0.05","97","20","96","1","19","1"
"3625","RMDQ23_v1","D26","0.0526315789473684","98","19","97","1","18","1"
"3626","RMDQ24_v1","D26","0.0526315789473684","98","19","97","1","18","1"
"3627","DN4_1a_v1","D26","0","65","53","64","1","53","0"
"3628","DN4_1b_v1","D26","0","94","24","93","1","24","0"
"3629","DN4_1c_v1","D26","0","83","36","82","1","36","0"
"3630","DN4_2a_v1","D26","0","88","31","87","1","31","0"
"3631","DN4_2b_v1","D26","0","83","36","82","1","36","0"
"3632","DN4_2c_v1","D26","0.0303030303030303","85","33","85","0","32","1"
"3633","DN4_2d_v1","D26","0","113","6","112","1","6","0"
"3634","DN4_3a_v1","D26","0","114","5","113","1","5","0"
"3635","DN4_3b_v1","D26","0","114","5","113","1","5","0"
"3636","DN4_4_v1","D26","0","115","4","114","1","4","0"
"3637","Fuma","D27","0.0652173913043478","82","46","81","1","43","3"
"3638","Cirurgia_coluna","D27","0.0545454545454545","63","55","63","0","52","3"
"3639","Aposentado","D27","0.0645161290322581","101","31","98","3","29","2"
"3640","Desempregado","D27","0.04","105","25","101","4","24","1"
"3641","Licenca_Medica","D27","0.0555555555555556","114","18","110","4","17","1"
"3642","Aposentado_Invalidez","D27","0.125","123","8","119","4","7","1"
"3643","Analg.e9.sicos","D27","0.0454545454545455","42","88","41","1","84","4"
"3644","OutraDoenca","D27","0.02","80","50","76","4","49","1"
"3645","Dor_costas","D27","0.043956043956044","37","91","36","1","87","4"
"3646","Dor_pernas","D27","0.0181818181818182","72","55","68","4","54","1"
"3647","Retornar_trabalho","D27","0.15","99","20","97","2","17","3"
"3648","Masc","D27","0.0454545454545455","48","88","47","1","84","4"
"3649","Fem","D27","0.0208333333333333","88","48","84","4","47","1"
"3650","Casado_Amasiado","D27","0","81","55","76","5","55","0"
"3651","Solteiro","D27","0.0847457627118644","77","59","77","0","54","5"
"3652","Separado_Divorciado","D27","0","129","7","124","5","7","0"
"3653","X4","D27","0","133","3","128","5","3","0"
"3654","X5","D27","0","134","2","129","5","2","0"
"3655","X6","D27","0","126","10","121","5","10","0"
"3656","Livrar_costas","D27","0.0581395348837209","14","86","14","0","81","5"
"3657","Livrar_perna","D27","0","86","14","81","5","14","0"
"3658","Livrar_perda_sens","D27","NaN","100","0","95","5","0","0"
"3659","D1","D27","0","135","1","130","5","1","0"
"3660","D15","D27","0","129","7","124","5","7","0"
"3661","D16","D27","0.05","116","20","112","4","19","1"
"3662","D17","D27","0","131","5","126","5","5","0"
"3663","D18","D27","0","120","16","115","5","16","0"
"3664","D19","D27","0","129","7","124","5","7","0"
"3665","D2","D27","0","128","8","123","5","8","0"
"3666","D20","D27","0","128","8","123","5","8","0"
"3667","D21","D27","0","129","7","124","5","7","0"
"3668","D22","D27","0","134","2","129","5","2","0"
"3669","D23","D27","0.5","134","2","130","4","1","1"
"3670","D24","D27","0.0384615384615385","110","26","106","4","25","1"
"3671","D25","D27","0.25","132","4","128","4","3","1"
"3672","D26","D27","0","134","2","129","5","2","0"
"3673","D27","D27","1","131","5","131","0","0","5"
"3674","D28","D27","0.5","130","6","128","2","3","3"
"3675","D29","D27","0.0714285714285714","94","42","92","2","39","3"
"3676","D3","D27","0","134","2","129","5","2","0"
"3677","D30","D27","0.0645161290322581","74","62","73","1","58","4"
"3678","D31","D27","0.0588235294117647","119","17","115","4","16","1"
"3679","D32","D27","0.0540540540540541","99","37","96","3","35","2"
"3680","D33","D27","0","124","12","119","5","12","0"
"3681","D34","D27","0","133","3","128","5","3","0"
"3682","D35","D27","0","134","2","129","5","2","0"
"3683","D36","D27","0","128","8","123","5","8","0"
"3684","D37","D27","0.0454545454545455","114","22","110","4","21","1"
"3685","D38","D27","0","133","3","128","5","3","0"
"3686","D39","D27","0","121","15","116","5","15","0"
"3687","D4","D27","0","132","4","127","5","4","0"
"3688","D40","D27","0","131","5","126","5","5","0"
"3689","D41","D27","0","129","7","124","5","7","0"
"3690","D42","D27","0","133","3","128","5","3","0"
"3691","D43","D27","0","133","3","128","5","3","0"
"3692","D44","D27","0.0526315789473684","98","38","95","3","36","2"
"3693","D45","D27","0","124","12","119","5","12","0"
"3694","D46","D27","0.0263157894736842","98","38","94","4","37","1"
"3695","D47","D27","0","124","12","119","5","12","0"
"3696","D48","D27","0.0384615384615385","110","26","106","4","25","1"
"3697","D49","D27","0","123","13","118","5","13","0"
"3698","D5","D27","0","133","3","128","5","3","0"
"3699","D50","D27","0","134","2","129","5","2","0"
"3700","D51","D27","0","135","1","130","5","1","0"
"3701","D52","D27","0","134","2","129","5","2","0"
"3702","D53","D27","0","134","2","129","5","2","0"
"3703","D9","D27","0","135","1","130","5","1","0"
"3704","RMDQ1_v1","D27","0.0232558139534884","73","43","70","3","42","1"
"3705","RMDQ2_v1","D27","0.0425531914893617","69","47","67","2","45","2"
"3706","RMDQ3_v1","D27","0.0555555555555556","82","36","80","2","34","2"
"3707","RMDQ4_v1","D27","0.0769230769230769","92","26","90","2","24","2"
"3708","RMDQ5_v1","D27","0.0606060606060606","85","33","83","2","31","2"
"3709","RMDQ6_v1","D27","0.0689655172413793","89","29","87","2","27","2"
"3710","RMDQ7_v1","D27","0.1","97","20","95","2","18","2"
"3711","RMDQ8_v1","D27","0.25","113","4","110","3","3","1"
"3712","RMDQ9_v1","D27","0.111111111111111","99","18","97","2","16","2"
"3713","RMDQ10_v1","D27","0.136363636363636","95","22","94","1","19","3"
"3714","RMDQ11_v1","D27","0.130434782608696","94","23","93","1","20","3"
"3715","RMDQ12_v1","D27","0.0909090909090909","95","22","93","2","20","2"
"3716","RMDQ13_v1","D27","0.0909090909090909","95","22","93","2","20","2"
"3717","RMDQ14_v1","D27","0.12","92","25","91","1","22","3"
"3718","RMDQ15_v1","D27","0.0666666666666667","102","15","99","3","14","1"
"3719","RMDQ16_v1","D27","0.105263157894737","98","19","96","2","17","2"
"3720","RMDQ17_v1","D27","0.0909090909090909","95","22","93","2","20","2"
"3721","RMDQ18_v1","D27","0.15","97","20","96","1","17","3"
"3722","RMDQ19_v1","D27","0.125","101","16","99","2","14","2"
"3723","RMDQ20_v1","D27","0.0952380952380952","96","21","94","2","19","2"
"3724","RMDQ21_v1","D27","0.125","93","24","92","1","21","3"
"3725","RMDQ22_v1","D27","0.1","97","20","95","2","18","2"
"3726","RMDQ23_v1","D27","0.105263157894737","98","19","96","2","17","2"
"3727","RMDQ24_v1","D27","0.105263157894737","98","19","96","2","17","2"
"3728","DN4_1a_v1","D27","0.0377358490566038","65","53","63","2","51","2"
"3729","DN4_1b_v1","D27","0","94","24","90","4","24","0"
"3730","DN4_1c_v1","D27","0.0555555555555556","83","36","81","2","34","2"
"3731","DN4_2a_v1","D27","0.0645161290322581","88","31","86","2","29","2"
"3732","DN4_2b_v1","D27","0.111111111111111","83","36","83","0","32","4"
"3733","DN4_2c_v1","D27","0.0909090909090909","85","33","84","1","30","3"
"3734","DN4_2d_v1","D27","0","113","6","109","4","6","0"
"3735","DN4_3a_v1","D27","0","114","5","110","4","5","0"
"3736","DN4_3b_v1","D27","0.2","114","5","111","3","4","1"
"3737","DN4_4_v1","D27","0","115","4","111","4","4","0"
"3738","Fuma","D28","0.0652173913043478","82","46","80","2","43","3"
"3739","Cirurgia_coluna","D28","0.0545454545454545","63","55","61","2","52","3"
"3740","Aposentado","D28","0.0645161290322581","101","31","97","4","29","2"
"3741","Desempregado","D28","0.08","105","25","101","4","23","2"
"3742","Licenca_Medica","D28","0.0555555555555556","114","18","109","5","17","1"
"3743","Aposentado_Invalidez","D28","0","123","8","117","6","8","0"
"3744","Analg.e9.sicos","D28","0.0454545454545455","42","88","40","2","84","4"
"3745","OutraDoenca","D28","0.06","80","50","77","3","47","3"
"3746","Dor_costas","D28","0.0549450549450549","37","91","36","1","86","5"
"3747","Dor_pernas","D28","0.0181818181818182","72","55","67","5","54","1"
"3748","Retornar_trabalho","D28","0.1","99","20","95","4","18","2"
"3749","Masc","D28","0.0340909090909091","48","88","45","3","85","3"
"3750","Fem","D28","0.0625","88","48","85","3","45","3"
"3751","Casado_Amasiado","D28","0.0363636363636364","81","55","77","4","53","2"
"3752","Solteiro","D28","0.0677966101694915","77","59","75","2","55","4"
"3753","Separado_Divorciado","D28","0","129","7","123","6","7","0"
"3754","X4","D28","0","133","3","127","6","3","0"
"3755","X5","D28","0","134","2","128","6","2","0"
"3756","X6","D28","0","126","10","120","6","10","0"
"3757","Livrar_costas","D28","0.0697674418604651","14","86","14","0","80","6"
"3758","Livrar_perna","D28","0","86","14","80","6","14","0"
"3759","Livrar_perda_sens","D28","NaN","100","0","94","6","0","0"
"3760","D1","D28","0","135","1","129","6","1","0"
"3761","D15","D28","0","129","7","123","6","7","0"
"3762","D16","D28","0","116","20","110","6","20","0"
"3763","D17","D28","0","131","5","125","6","5","0"
"3764","D18","D28","0.0625","120","16","115","5","15","1"
"3765","D19","D28","0","129","7","123","6","7","0"
"3766","D2","D28","0.125","128","8","123","5","7","1"
"3767","D20","D28","0.125","128","8","123","5","7","1"
"3768","D21","D28","0.142857142857143","129","7","124","5","6","1"
"3769","D22","D28","0","134","2","128","6","2","0"
"3770","D23","D28","0.5","134","2","129","5","1","1"
"3771","D24","D28","0.0769230769230769","110","26","106","4","24","2"
"3772","D25","D28","0.25","132","4","127","5","3","1"
"3773","D26","D28","0.5","134","2","129","5","1","1"
"3774","D27","D28","0.6","131","5","128","3","2","3"
"3775","D28","D28","1","130","6","130","0","0","6"
"3776","D29","D28","0.0238095238095238","94","42","89","5","41","1"
"3777","D3","D28","0","134","2","128","6","2","0"
"3778","D30","D28","0.0483870967741935","74","62","71","3","59","3"
"3779","D31","D28","0.176470588235294","119","17","116","3","14","3"
"3780","D32","D28","0","99","37","93","6","37","0"
"3781","D33","D28","0","124","12","118","6","12","0"
"3782","D34","D28","0","133","3","127","6","3","0"
"3783","D35","D28","0","134","2","128","6","2","0"
"3784","D36","D28","0","128","8","122","6","8","0"
"3785","D37","D28","0","114","22","108","6","22","0"
"3786","D38","D28","0","133","3","127","6","3","0"
"3787","D39","D28","0","121","15","115","6","15","0"
"3788","D4","D28","0","132","4","126","6","4","0"
"3789","D40","D28","0","131","5","125","6","5","0"
"3790","D41","D28","0","129","7","123","6","7","0"
"3791","D42","D28","0","133","3","127","6","3","0"
"3792","D43","D28","0.333333333333333","133","3","128","5","2","1"
"3793","D44","D28","0","98","38","92","6","38","0"
"3794","D45","D28","0","124","12","118","6","12","0"
"3795","D46","D28","0","98","38","92","6","38","0"
"3796","D47","D28","0","124","12","118","6","12","0"
"3797","D48","D28","0","110","26","104","6","26","0"
"3798","D49","D28","0","123","13","117","6","13","0"
"3799","D5","D28","0","133","3","127","6","3","0"
"3800","D50","D28","0","134","2","128","6","2","0"
"3801","D51","D28","0","135","1","129","6","1","0"
"3802","D52","D28","0","134","2","128","6","2","0"
"3803","D53","D28","0.5","134","2","129","5","1","1"
"3804","D9","D28","0","135","1","129","6","1","0"
"3805","RMDQ1_v1","D28","0.0697674418604651","73","43","71","2","40","3"
"3806","RMDQ2_v1","D28","0.0851063829787234","69","47","68","1","43","4"
"3807","RMDQ3_v1","D28","0.0277777777777778","82","36","78","4","35","1"
"3808","RMDQ4_v1","D28","0.115384615384615","92","26","90","2","23","3"
"3809","RMDQ5_v1","D28","0.0303030303030303","85","33","81","4","32","1"
"3810","RMDQ6_v1","D28","0.0689655172413793","89","29","86","3","27","2"
"3811","RMDQ7_v1","D28","0.1","97","20","94","3","18","2"
"3812","RMDQ8_v1","D28","0.25","113","4","109","4","3","1"
"3813","RMDQ9_v1","D28","0.111111111111111","99","18","96","3","16","2"
"3814","RMDQ10_v1","D28","0.136363636363636","95","22","93","2","19","3"
"3815","RMDQ11_v1","D28","0.130434782608696","94","23","92","2","20","3"
"3816","RMDQ12_v1","D28","0.0909090909090909","95","22","92","3","20","2"
"3817","RMDQ13_v1","D28","0.0909090909090909","95","22","92","3","20","2"
"3818","RMDQ14_v1","D28","0.12","92","25","90","2","22","3"
"3819","RMDQ15_v1","D28","0","102","15","97","5","15","0"
"3820","RMDQ16_v1","D28","0.105263157894737","98","19","95","3","17","2"
"3821","RMDQ17_v1","D28","0.0454545454545455","95","22","91","4","21","1"
"3822","RMDQ18_v1","D28","0.1","97","20","94","3","18","2"
"3823","RMDQ19_v1","D28","0.0625","101","16","97","4","15","1"
"3824","RMDQ20_v1","D28","0.0952380952380952","96","21","93","3","19","2"
"3825","RMDQ21_v1","D28","0.125","93","24","91","2","21","3"
"3826","RMDQ22_v1","D28","0.05","97","20","93","4","19","1"
"3827","RMDQ23_v1","D28","0.0526315789473684","98","19","94","4","18","1"
"3828","RMDQ24_v1","D28","0.105263157894737","98","19","95","3","17","2"
"3829","DN4_1a_v1","D28","0.0188679245283019","65","53","62","3","52","1"
"3830","DN4_1b_v1","D28","0","94","24","90","4","24","0"
"3831","DN4_1c_v1","D28","0.0277777777777778","83","36","80","3","35","1"
"3832","DN4_2a_v1","D28","0","88","31","84","4","31","0"
"3833","DN4_2b_v1","D28","0.0833333333333333","83","36","82","1","33","3"
"3834","DN4_2c_v1","D28","0.121212121212121","85","33","85","0","29","4"
"3835","DN4_2d_v1","D28","0","113","6","109","4","6","0"
"3836","DN4_3a_v1","D28","0","114","5","110","4","5","0"
"3837","DN4_3b_v1","D28","0.2","114","5","111","3","4","1"
"3838","DN4_4_v1","D28","0","115","4","111","4","4","0"
"3839","Fuma","D29","0.282608695652174","82","46","55","27","33","13"
"3840","Cirurgia_coluna","D29","0.345454545454545","63","55","45","18","36","19"
"3841","Aposentado","D29","0.419354838709677","101","31","72","29","18","13"
"3842","Desempregado","D29","0.28","105","25","70","35","18","7"
"3843","Licenca_Medica","D29","0.444444444444444","114","18","80","34","10","8"
"3844","Aposentado_Invalidez","D29","0.625","123","8","86","37","3","5"
"3845","Analg.e9.sicos","D29","0.397727272727273","42","88","35","7","53","35"
"3846","OutraDoenca","D29","0.36","80","50","57","23","32","18"
"3847","Dor_costas","D29","0.406593406593407","37","91","33","4","54","37"
"3848","Dor_pernas","D29","0.545454545454545","72","55","61","11","25","30"
"3849","Retornar_trabalho","D29","0.5","99","20","70","29","10","10"
"3850","Masc","D29","0.340909090909091","48","88","36","12","58","30"
"3851","Fem","D29","0.25","88","48","58","30","36","12"
"3852","Casado_Amasiado","D29","0.4","81","55","61","20","33","22"
"3853","Solteiro","D29","0.220338983050847","77","59","48","29","46","13"
"3854","Separado_Divorciado","D29","0.285714285714286","129","7","89","40","5","2"
"3855","X4","D29","0","133","3","91","42","3","0"
"3856","X5","D29","0","134","2","92","42","2","0"
"3857","X6","D29","0.5","126","10","89","37","5","5"
"3858","Livrar_costas","D29","0.383720930232558","14","86","7","7","53","33"
"3859","Livrar_perna","D29","0.5","86","14","53","33","7","7"
"3860","Livrar_perda_sens","D29","NaN","100","0","60","40","0","0"
"3861","D1","D29","0","135","1","93","42","1","0"
"3862","D15","D29","0.571428571428571","129","7","91","38","3","4"
"3863","D16","D29","0.8","116","20","90","26","4","16"
"3864","D17","D29","0.4","131","5","91","40","3","2"
"3865","D18","D29","0.125","120","16","80","40","14","2"
"3866","D19","D29","0.142857142857143","129","7","88","41","6","1"
"3867","D2","D29","0.125","128","8","87","41","7","1"
"3868","D20","D29","0.125","128","8","87","41","7","1"
"3869","D21","D29","0.142857142857143","129","7","88","41","6","1"
"3870","D22","D29","0","134","2","92","42","2","0"
"3871","D23","D29","0","134","2","92","42","2","0"
"3872","D24","D29","0.230769230769231","110","26","74","36","20","6"
"3873","D25","D29","0.25","132","4","91","41","3","1"
"3874","D26","D29","0","134","2","92","42","2","0"
"3875","D27","D29","0.6","131","5","92","39","2","3"
"3876","D28","D29","0.166666666666667","130","6","89","41","5","1"
"3877","D29","D29","1","94","42","94","0","0","42"
"3878","D3","D29","0","134","2","92","42","2","0"
"3879","D30","D29","0.629032258064516","74","62","71","3","23","39"
"3880","D31","D29","0.470588235294118","119","17","85","34","9","8"
"3881","D32","D29","0.891891891891892","99","37","90","9","4","33"
"3882","D33","D29","0.166666666666667","124","12","84","40","10","2"
"3883","D34","D29","0.333333333333333","133","3","92","41","2","1"
"3884","D35","D29","0","134","2","92","42","2","0"
"3885","D36","D29","0.5","128","8","90","38","4","4"
"3886","D37","D29","0.772727272727273","114","22","89","25","5","17"
"3887","D38","D29","0","133","3","91","42","3","0"
"3888","D39","D29","0.8","121","15","91","30","3","12"
"3889","D4","D29","0","132","4","90","42","4","0"
"3890","D40","D29","0.4","131","5","91","40","3","2"
"3891","D41","D29","0.857142857142857","129","7","93","36","1","6"
"3892","D42","D29","0","133","3","91","42","3","0"
"3893","D43","D29","0","133","3","91","42","3","0"
"3894","D44","D29","0.815789473684211","98","38","87","11","7","31"
"3895","D45","D29","0.25","124","12","85","39","9","3"
"3896","D46","D29","0.789473684210526","98","38","86","12","8","30"
"3897","D47","D29","0.25","124","12","85","39","9","3"
"3898","D48","D29","0.769230769230769","110","26","88","22","6","20"
"3899","D49","D29","0.307692307692308","123","13","85","38","9","4"
"3900","D5","D29","0.333333333333333","133","3","92","41","2","1"
"3901","D50","D29","0.5","134","2","93","41","1","1"
"3902","D51","D29","0","135","1","93","42","1","0"
"3903","D52","D29","0","134","2","92","42","2","0"
"3904","D53","D29","0","134","2","92","42","2","0"
"3905","D9","D29","0","135","1","93","42","1","0"
"3906","RMDQ1_v1","D29","0.372093023255814","73","43","47","26","27","16"
"3907","RMDQ2_v1","D29","0.319148936170213","69","47","42","27","32","15"
"3908","RMDQ3_v1","D29","0.444444444444444","82","36","56","26","20","16"
"3909","RMDQ4_v1","D29","0.384615384615385","92","26","60","32","16","10"
"3910","RMDQ5_v1","D29","0.515151515151515","85","33","60","25","16","17"
"3911","RMDQ6_v1","D29","0.482758620689655","89","29","61","28","15","14"
"3912","RMDQ7_v1","D29","0.45","97","20","64","33","11","9"
"3913","RMDQ8_v1","D29","0.25","113","4","72","41","3","1"
"3914","RMDQ9_v1","D29","0.5","99","18","66","33","9","9"
"3915","RMDQ10_v1","D29","0.409090909090909","95","22","62","33","13","9"
"3916","RMDQ11_v1","D29","0.434782608695652","94","23","62","32","13","10"
"3917","RMDQ12_v1","D29","0.454545454545455","95","22","63","32","12","10"
"3918","RMDQ13_v1","D29","0.5","95","22","64","31","11","11"
"3919","RMDQ14_v1","D29","0.4","92","25","60","32","15","10"
"3920","RMDQ15_v1","D29","0.4","102","15","66","36","9","6"
"3921","RMDQ16_v1","D29","0.473684210526316","98","19","65","33","10","9"
"3922","RMDQ17_v1","D29","0.363636363636364","95","22","61","34","14","8"
"3923","RMDQ18_v1","D29","0.4","97","20","63","34","12","8"
"3924","RMDQ19_v1","D29","0.5625","101","16","68","33","7","9"
"3925","RMDQ20_v1","D29","0.428571428571429","96","21","63","33","12","9"
"3926","RMDQ21_v1","D29","0.458333333333333","93","24","62","31","13","11"
"3927","RMDQ22_v1","D29","0.5","97","20","65","32","10","10"
"3928","RMDQ23_v1","D29","0.473684210526316","98","19","65","33","10","9"
"3929","RMDQ24_v1","D29","0.473684210526316","98","19","65","33","10","9"
"3930","DN4_1a_v1","D29","0.377358490566038","65","53","45","20","33","20"
"3931","DN4_1b_v1","D29","0.375","94","24","63","31","15","9"
"3932","DN4_1c_v1","D29","0.388888888888889","83","36","56","27","22","14"
"3933","DN4_2a_v1","D29","0.354838709677419","88","31","58","30","20","11"
"3934","DN4_2b_v1","D29","0.277777777777778","83","36","52","31","26","10"
"3935","DN4_2c_v1","D29","0.393939393939394","85","33","58","27","20","13"
"3936","DN4_2d_v1","D29","0.166666666666667","113","6","73","40","5","1"
"3937","DN4_3a_v1","D29","0","114","5","73","41","5","0"
"3938","DN4_3b_v1","D29","0","114","5","73","41","5","0"
"3939","DN4_4_v1","D29","0","115","4","74","41","4","0"
"3940","Fuma","D3","0.0434782608695652","82","46","82","0","44","2"
"3941","Cirurgia_coluna","D3","0","63","55","62","1","55","0"
"3942","Aposentado","D3","0","101","31","99","2","31","0"
"3943","Desempregado","D3","0.04","105","25","104","1","24","1"
"3944","Licenca_Medica","D3","0","114","18","112","2","18","0"
"3945","Aposentado_Invalidez","D3","0.125","123","8","122","1","7","1"
"3946","Analg.e9.sicos","D3","0.0227272727272727","42","88","42","0","86","2"
"3947","OutraDoenca","D3","0.04","80","50","80","0","48","2"
"3948","Dor_costas","D3","0.021978021978022","37","91","37","0","89","2"
"3949","Dor_pernas","D3","0.0181818181818182","72","55","71","1","54","1"
"3950","Retornar_trabalho","D3","0.05","99","20","98","1","19","1"
"3951","Masc","D3","0.0227272727272727","48","88","48","0","86","2"
"3952","Fem","D3","0","88","48","86","2","48","0"
"3953","Casado_Amasiado","D3","0","81","55","79","2","55","0"
"3954","Solteiro","D3","0.0169491525423729","77","59","76","1","58","1"
"3955","Separado_Divorciado","D3","0","129","7","127","2","7","0"
"3956","X4","D3","0.333333333333333","133","3","132","1","2","1"
"3957","X5","D3","0","134","2","132","2","2","0"
"3958","X6","D3","0","126","10","124","2","10","0"
"3959","Livrar_costas","D3","0.0116279069767442","14","86","14","0","85","1"
"3960","Livrar_perna","D3","0","86","14","85","1","14","0"
"3961","Livrar_perda_sens","D3","NaN","100","0","99","1","0","0"
"3962","D1","D3","0","135","1","133","2","1","0"
"3963","D15","D3","0","129","7","127","2","7","0"
"3964","D16","D3","0","116","20","114","2","20","0"
"3965","D17","D3","0","131","5","129","2","5","0"
"3966","D18","D3","0.0625","120","16","119","1","15","1"
"3967","D19","D3","0.285714285714286","129","7","129","0","5","2"
"3968","D2","D3","0.25","128","8","128","0","6","2"
"3969","D20","D3","0","128","8","126","2","8","0"
"3970","D21","D3","0","129","7","127","2","7","0"
"3971","D22","D3","0","134","2","132","2","2","0"
"3972","D23","D3","0","134","2","132","2","2","0"
"3973","D24","D3","0.0384615384615385","110","26","109","1","25","1"
"3974","D25","D3","0","132","4","130","2","4","0"
"3975","D26","D3","0","134","2","132","2","2","0"
"3976","D27","D3","0","131","5","129","2","5","0"
"3977","D28","D3","0","130","6","128","2","6","0"
"3978","D29","D3","0","94","42","92","2","42","0"
"3979","D3","D3","1","134","2","134","0","0","2"
"3980","D30","D3","0.0161290322580645","74","62","73","1","61","1"
"3981","D31","D3","0","119","17","117","2","17","0"
"3982","D32","D3","0","99","37","97","2","37","0"
"3983","D33","D3","0","124","12","122","2","12","0"
"3984","D34","D3","0","133","3","131","2","3","0"
"3985","D35","D3","0","134","2","132","2","2","0"
"3986","D36","D3","0","128","8","126","2","8","0"
"3987","D37","D3","0","114","22","112","2","22","0"
"3988","D38","D3","0","133","3","131","2","3","0"
"3989","D39","D3","0","121","15","119","2","15","0"
"3990","D4","D3","0.5","132","4","132","0","2","2"
"3991","D40","D3","0","131","5","129","2","5","0"
"3992","D41","D3","0","129","7","127","2","7","0"
"3993","D42","D3","0","133","3","131","2","3","0"
"3994","D43","D3","0","133","3","131","2","3","0"
"3995","D44","D3","0","98","38","96","2","38","0"
"3996","D45","D3","0","124","12","122","2","12","0"
"3997","D46","D3","0.0263157894736842","98","38","97","1","37","1"
"3998","D47","D3","0.0833333333333333","124","12","123","1","11","1"
"3999","D48","D3","0","110","26","108","2","26","0"
"4000","D49","D3","0","123","13","121","2","13","0"
"4001","D5","D3","0","133","3","131","2","3","0"
"4002","D50","D3","0","134","2","132","2","2","0"
"4003","D51","D3","0","135","1","133","2","1","0"
"4004","D52","D3","0","134","2","132","2","2","0"
"4005","D53","D3","0","134","2","132","2","2","0"
"4006","D9","D3","0","135","1","133","2","1","0"
"4007","RMDQ1_v1","D3","0.0232558139534884","73","43","72","1","42","1"
"4008","RMDQ2_v1","D3","0.0212765957446809","69","47","68","1","46","1"
"4009","RMDQ3_v1","D3","0.0277777777777778","82","36","81","1","35","1"
"4010","RMDQ4_v1","D3","0","92","26","90","2","26","0"
"4011","RMDQ5_v1","D3","0.0303030303030303","85","33","84","1","32","1"
"4012","RMDQ6_v1","D3","0.0344827586206897","89","29","88","1","28","1"
"4013","RMDQ7_v1","D3","0.05","97","20","96","1","19","1"
"4014","RMDQ8_v1","D3","0","113","4","111","2","4","0"
"4015","RMDQ9_v1","D3","0.0555555555555556","99","18","98","1","17","1"
"4016","RMDQ10_v1","D3","0.0454545454545455","95","22","94","1","21","1"
"4017","RMDQ11_v1","D3","0.0434782608695652","94","23","93","1","22","1"
"4018","RMDQ12_v1","D3","0.0454545454545455","95","22","94","1","21","1"
"4019","RMDQ13_v1","D3","0.0454545454545455","95","22","94","1","21","1"
"4020","RMDQ14_v1","D3","0.04","92","25","91","1","24","1"
"4021","RMDQ15_v1","D3","0.0666666666666667","102","15","101","1","14","1"
"4022","RMDQ16_v1","D3","0.0526315789473684","98","19","97","1","18","1"
"4023","RMDQ17_v1","D3","0.0454545454545455","95","22","94","1","21","1"
"4024","RMDQ18_v1","D3","0.05","97","20","96","1","19","1"
"4025","RMDQ19_v1","D3","0.0625","101","16","100","1","15","1"
"4026","RMDQ20_v1","D3","0.0476190476190476","96","21","95","1","20","1"
"4027","RMDQ21_v1","D3","0.0416666666666667","93","24","92","1","23","1"
"4028","RMDQ22_v1","D3","0.05","97","20","96","1","19","1"
"4029","RMDQ23_v1","D3","0.0526315789473684","98","19","97","1","18","1"
"4030","RMDQ24_v1","D3","0.0526315789473684","98","19","97","1","18","1"
"4031","DN4_1a_v1","D3","0.0377358490566038","65","53","65","0","51","2"
"4032","DN4_1b_v1","D3","0","94","24","92","2","24","0"
"4033","DN4_1c_v1","D3","0.0555555555555556","83","36","83","0","34","2"
"4034","DN4_2a_v1","D3","0","88","31","86","2","31","0"
"4035","DN4_2b_v1","D3","0.0555555555555556","83","36","83","0","34","2"
"4036","DN4_2c_v1","D3","0.0303030303030303","85","33","84","1","32","1"
"4037","DN4_2d_v1","D3","0.166666666666667","113","6","112","1","5","1"
"4038","DN4_3a_v1","D3","0.2","114","5","113","1","4","1"
"4039","DN4_3b_v1","D3","0.2","114","5","113","1","4","1"
"4040","DN4_4_v1","D3","0.25","115","4","114","1","3","1"
"4041","Fuma","D30","0.369565217391304","82","46","40","42","29","17"
"4042","Cirurgia_coluna","D30","0.490909090909091","63","55","36","27","28","27"
"4043","Aposentado","D30","0.645161290322581","101","31","59","42","11","20"
"4044","Desempregado","D30","0.52","105","25","56","49","12","13"
"4045","Licenca_Medica","D30","0.555555555555556","114","18","62","52","8","10"
"4046","Aposentado_Invalidez","D30","0.875","123","8","69","54","1","7"
"4047","Analg.e9.sicos","D30","0.602272727272727","42","88","33","9","35","53"
"4048","OutraDoenca","D30","0.52","80","50","45","35","24","26"
"4049","Dor_costas","D30","0.615384615384615","37","91","32","5","35","56"
"4050","Dor_pernas","D30","0.727272727272727","72","55","51","21","15","40"
"4051","Retornar_trabalho","D30","0.85","99","20","60","39","3","17"
"4052","Masc","D30","0.477272727272727","48","88","28","20","46","42"
"4053","Fem","D30","0.416666666666667","88","48","46","42","28","20"
"4054","Casado_Amasiado","D30","0.527272727272727","81","55","48","33","26","29"
"4055","Solteiro","D30","0.406779661016949","77","59","39","38","35","24"
"4056","Separado_Divorciado","D30","0.428571428571429","129","7","70","59","4","3"
"4057","X4","D30","0","133","3","71","62","3","0"
"4058","X5","D30","0","134","2","72","62","2","0"
"4059","X6","D30","0.6","126","10","70","56","4","6"
"4060","Livrar_costas","D30","0.593023255813954","14","86","4","10","35","51"
"4061","Livrar_perna","D30","0.714285714285714","86","14","35","51","4","10"
"4062","Livrar_perda_sens","D30","NaN","100","0","39","61","0","0"
"4063","D1","D30","0","135","1","73","62","1","0"
"4064","D15","D30","0.285714285714286","129","7","69","60","5","2"
"4065","D16","D30","0.8","116","20","70","46","4","16"
"4066","D17","D30","0.2","131","5","70","61","4","1"
"4067","D18","D30","0.25","120","16","62","58","12","4"
"4068","D19","D30","0.571428571428571","129","7","71","58","3","4"
"4069","D2","D30","0.25","128","8","68","60","6","2"
"4070","D20","D30","0.625","128","8","71","57","3","5"
"4071","D21","D30","0.714285714285714","129","7","72","57","2","5"
"4072","D22","D30","0.5","134","2","73","61","1","1"
"4073","D23","D30","1","134","2","74","60","0","2"
"4074","D24","D30","0.5","110","26","61","49","13","13"
"4075","D25","D30","0.75","132","4","73","59","1","3"
"4076","D26","D30","0.5","134","2","73","61","1","1"
"4077","D27","D30","0.8","131","5","73","58","1","4"
"4078","D28","D30","0.5","130","6","71","59","3","3"
"4079","D29","D30","0.928571428571429","94","42","71","23","3","39"
"4080","D3","D30","0.5","134","2","73","61","1","1"
"4081","D30","D30","1","74","62","74","0","0","62"
"4082","D31","D30","0.647058823529412","119","17","68","51","6","11"
"4083","D32","D30","0.918918918918919","99","37","71","28","3","34"
"4084","D33","D30","0.75","124","12","71","53","3","9"
"4085","D34","D30","0","133","3","71","62","3","0"
"4086","D35","D30","0","134","2","72","62","2","0"
"4087","D36","D30","0.25","128","8","68","60","6","2"
"4088","D37","D30","0.681818181818182","114","22","67","47","7","15"
"4089","D38","D30","0","133","3","71","62","3","0"
"4090","D39","D30","0.8","121","15","71","50","3","12"
"4091","D4","D30","0.25","132","4","71","61","3","1"
"4092","D40","D30","0.2","131","5","70","61","4","1"
"4093","D41","D30","0.571428571428571","129","7","71","58","3","4"
"4094","D42","D30","0.333333333333333","133","3","72","61","2","1"
"4095","D43","D30","0.333333333333333","133","3","72","61","2","1"
"4096","D44","D30","0.868421052631579","98","38","69","29","5","33"
"4097","D45","D30","0.833333333333333","124","12","72","52","2","10"
"4098","D46","D30","0.868421052631579","98","38","69","29","5","33"
"4099","D47","D30","0.75","124","12","71","53","3","9"
"4100","D48","D30","0.884615384615385","110","26","71","39","3","23"
"4101","D49","D30","0.846153846153846","123","13","72","51","2","11"
"4102","D5","D30","0.333333333333333","133","3","72","61","2","1"
"4103","D50","D30","0","134","2","72","62","2","0"
"4104","D51","D30","0","135","1","73","62","1","0"
"4105","D52","D30","0","134","2","72","62","2","0"
"4106","D53","D30","0","134","2","72","62","2","0"
"4107","D9","D30","0","135","1","73","62","1","0"
"4108","RMDQ1_v1","D30","0.627906976744186","73","43","39","34","16","27"
"4109","RMDQ2_v1","D30","0.595744680851064","69","47","36","33","19","28"
"4110","RMDQ3_v1","D30","0.666666666666667","82","36","44","38","12","24"
"4111","RMDQ4_v1","D30","0.576923076923077","92","26","45","47","11","15"
"4112","RMDQ5_v1","D30","0.727272727272727","85","33","47","38","9","24"
"4113","RMDQ6_v1","D30","0.689655172413793","89","29","47","42","9","20"
"4114","RMDQ7_v1","D30","0.65","97","20","49","48","7","13"
"4115","RMDQ8_v1","D30","0.75","113","4","55","58","1","3"
"4116","RMDQ9_v1","D30","0.666666666666667","99","18","50","49","6","12"
"4117","RMDQ10_v1","D30","0.681818181818182","95","22","49","46","7","15"
"4118","RMDQ11_v1","D30","0.652173913043478","94","23","48","46","8","15"
"4119","RMDQ12_v1","D30","0.636363636363636","95","22","48","47","8","14"
"4120","RMDQ13_v1","D30","0.636363636363636","95","22","48","47","8","14"
"4121","RMDQ14_v1","D30","0.68","92","25","48","44","8","17"
"4122","RMDQ15_v1","D30","0.666666666666667","102","15","51","51","5","10"
"4123","RMDQ16_v1","D30","0.684210526315789","98","19","50","48","6","13"
"4124","RMDQ17_v1","D30","0.590909090909091","95","22","47","48","9","13"
"4125","RMDQ18_v1","D30","0.7","97","20","50","47","6","14"
"4126","RMDQ19_v1","D30","0.75","101","16","52","49","4","12"
"4127","RMDQ20_v1","D30","0.666666666666667","96","21","49","47","7","14"
"4128","RMDQ21_v1","D30","0.666666666666667","93","24","48","45","8","16"
"4129","RMDQ22_v1","D30","0.7","97","20","50","47","6","14"
"4130","RMDQ23_v1","D30","0.736842105263158","98","19","51","47","5","14"
"4131","RMDQ24_v1","D30","0.684210526315789","98","19","50","48","6","13"
"4132","DN4_1a_v1","D30","0.584905660377358","65","53","40","25","22","31"
"4133","DN4_1b_v1","D30","0.541666666666667","94","24","51","43","11","13"
"4134","DN4_1c_v1","D30","0.638888888888889","83","36","49","34","13","23"
"4135","DN4_2a_v1","D30","0.612903225806452","88","31","50","38","12","19"
"4136","DN4_2b_v1","D30","0.555555555555556","83","36","46","37","16","20"
"4137","DN4_2c_v1","D30","0.636363636363636","85","33","50","35","12","21"
"4138","DN4_2d_v1","D30","0.5","113","6","59","54","3","3"
"4139","DN4_3a_v1","D30","0.4","114","5","59","55","3","2"
"4140","DN4_3b_v1","D30","0.4","114","5","59","55","3","2"
"4141","DN4_4_v1","D30","0.5","115","4","60","55","2","2"
"4142","Fuma","D31","0.173913043478261","82","46","74","8","38","8"
"4143","Cirurgia_coluna","D31","0.145454545454545","63","55","58","5","47","8"
"4144","Aposentado","D31","0.0967741935483871","101","31","88","13","28","3"
"4145","Desempregado","D31","0.16","105","25","93","12","21","4"
"4146","Licenca_Medica","D31","0.222222222222222","114","18","102","12","14","4"
"4147","Aposentado_Invalidez","D31","0.125","123","8","108","15","7","1"
"4148","Analg.e9.sicos","D31","0.102272727272727","42","88","34","8","79","9"
"4149","OutraDoenca","D31","0.16","80","50","71","9","42","8"
"4150","Dor_costas","D31","0.153846153846154","37","91","34","3","77","14"
"4151","Dor_pernas","D31","0.2","72","55","66","6","44","11"
"4152","Retornar_trabalho","D31","0.15","99","20","86","13","17","3"
"4153","Masc","D31","0.113636363636364","48","88","41","7","78","10"
"4154","Fem","D31","0.145833333333333","88","48","78","10","41","7"
"4155","Casado_Amasiado","D31","0.0909090909090909","81","55","69","12","50","5"
"4156","Solteiro","D31","0.169491525423729","77","59","70","7","49","10"
"4157","Separado_Divorciado","D31","0","129","7","112","17","7","0"
"4158","X4","D31","0.333333333333333","133","3","117","16","2","1"
"4159","X5","D31","0","134","2","117","17","2","0"
"4160","X6","D31","0.1","126","10","110","16","9","1"
"4161","Livrar_costas","D31","0.151162790697674","14","86","10","4","73","13"
"4162","Livrar_perna","D31","0.285714285714286","86","14","73","13","10","4"
"4163","Livrar_perda_sens","D31","NaN","100","0","83","17","0","0"
"4164","D1","D31","0","135","1","118","17","1","0"
"4165","D15","D31","0.571428571428571","129","7","116","13","3","4"
"4166","D16","D31","0.05","116","20","100","16","19","1"
"4167","D17","D31","0.2","131","5","115","16","4","1"
"4168","D18","D31","0.0625","120","16","104","16","15","1"
"4169","D19","D31","0","129","7","112","17","7","0"
"4170","D2","D31","0.125","128","8","112","16","7","1"
"4171","D20","D31","0","128","8","111","17","8","0"
"4172","D21","D31","0","129","7","112","17","7","0"
"4173","D22","D31","0","134","2","117","17","2","0"
"4174","D23","D31","0","134","2","117","17","2","0"
"4175","D24","D31","0.115384615384615","110","26","96","14","23","3"
"4176","D25","D31","0","132","4","115","17","4","0"
"4177","D26","D31","0.5","134","2","118","16","1","1"
"4178","D27","D31","0.2","131","5","115","16","4","1"
"4179","D28","D31","0.5","130","6","116","14","3","3"
"4180","D29","D31","0.19047619047619","94","42","85","9","34","8"
"4181","D3","D31","0","134","2","117","17","2","0"
"4182","D30","D31","0.17741935483871","74","62","68","6","51","11"
"4183","D31","D31","1","119","17","119","0","0","17"
"4184","D32","D31","0.0810810810810811","99","37","85","14","34","3"
"4185","D33","D31","0.666666666666667","124","12","115","9","4","8"
"4186","D34","D31","0.333333333333333","133","3","117","16","2","1"
"4187","D35","D31","0","134","2","117","17","2","0"
"4188","D36","D31","0.375","128","8","114","14","5","3"
"4189","D37","D31","0.0454545454545455","114","22","98","16","21","1"
"4190","D38","D31","0.666666666666667","133","3","118","15","1","2"
"4191","D39","D31","0","121","15","104","17","15","0"
"4192","D4","D31","0","132","4","115","17","4","0"
"4193","D40","D31","0.6","131","5","117","14","2","3"
"4194","D41","D31","0.142857142857143","129","7","113","16","6","1"
"4195","D42","D31","0","133","3","116","17","3","0"
"4196","D43","D31","0","133","3","116","17","3","0"
"4197","D44","D31","0.105263157894737","98","38","85","13","34","4"
"4198","D45","D31","0.583333333333333","124","12","114","10","5","7"
"4199","D46","D31","0.105263157894737","98","38","85","13","34","4"
"4200","D47","D31","0.666666666666667","124","12","115","9","4","8"
"4201","D48","D31","0.0384615384615385","110","26","94","16","25","1"
"4202","D49","D31","0.538461538461538","123","13","113","10","6","7"
"4203","D5","D31","0.333333333333333","133","3","117","16","2","1"
"4204","D50","D31","0.5","134","2","118","16","1","1"
"4205","D51","D31","0","135","1","118","17","1","0"
"4206","D52","D31","0","134","2","117","17","2","0"
"4207","D53","D31","0","134","2","117","17","2","0"
"4208","D9","D31","0","135","1","118","17","1","0"
"4209","RMDQ1_v1","D31","0.186046511627907","73","43","64","9","35","8"
"4210","RMDQ2_v1","D31","0.170212765957447","69","47","60","9","39","8"
"4211","RMDQ3_v1","D31","0.0833333333333333","82","36","68","14","33","3"
"4212","RMDQ4_v1","D31","0.0769230769230769","92","26","77","15","24","2"
"4213","RMDQ5_v1","D31","0.0909090909090909","85","33","71","14","30","3"
"4214","RMDQ6_v1","D31","0.103448275862069","89","29","75","14","26","3"
"4215","RMDQ7_v1","D31","0.15","97","20","83","14","17","3"
"4216","RMDQ8_v1","D31","0.25","113","4","97","16","3","1"
"4217","RMDQ9_v1","D31","0.166666666666667","99","18","85","14","15","3"
"4218","RMDQ10_v1","D31","0.136363636363636","95","22","81","14","19","3"
"4219","RMDQ11_v1","D31","0.130434782608696","94","23","80","14","20","3"
"4220","RMDQ12_v1","D31","0.136363636363636","95","22","81","14","19","3"
"4221","RMDQ13_v1","D31","0.136363636363636","95","22","81","14","19","3"
"4222","RMDQ14_v1","D31","0.12","92","25","78","14","22","3"
"4223","RMDQ15_v1","D31","0.0666666666666667","102","15","86","16","14","1"
"4224","RMDQ16_v1","D31","0.157894736842105","98","19","84","14","16","3"
"4225","RMDQ17_v1","D31","0.136363636363636","95","22","81","14","19","3"
"4226","RMDQ18_v1","D31","0.15","97","20","83","14","17","3"
"4227","RMDQ19_v1","D31","0.125","101","16","86","15","14","2"
"4228","RMDQ20_v1","D31","0.142857142857143","96","21","82","14","18","3"
"4229","RMDQ21_v1","D31","0.125","93","24","79","14","21","3"
"4230","RMDQ22_v1","D31","0.15","97","20","83","14","17","3"
"4231","RMDQ23_v1","D31","0.157894736842105","98","19","84","14","16","3"
"4232","RMDQ24_v1","D31","0.157894736842105","98","19","84","14","16","3"
"4233","DN4_1a_v1","D31","0.188679245283019","65","53","59","6","43","10"
"4234","DN4_1b_v1","D31","0.0416666666666667","94","24","79","15","23","1"
"4235","DN4_1c_v1","D31","0.305555555555556","83","36","78","5","25","11"
"4236","DN4_2a_v1","D31","0.225806451612903","88","31","79","9","24","7"
"4237","DN4_2b_v1","D31","0.277777777777778","83","36","77","6","26","10"
"4238","DN4_2c_v1","D31","0.242424242424242","85","33","77","8","25","8"
"4239","DN4_2d_v1","D31","0","113","6","97","16","6","0"
"4240","DN4_3a_v1","D31","0","114","5","98","16","5","0"
"4241","DN4_3b_v1","D31","0","114","5","98","16","5","0"
"4242","DN4_4_v1","D31","0","115","4","99","16","4","0"
"4243","Fuma","D32","0.239130434782609","82","46","57","25","35","11"
"4244","Cirurgia_coluna","D32","0.272727272727273","63","55","46","17","40","15"
"4245","Aposentado","D32","0.32258064516129","101","31","74","27","21","10"
"4246","Desempregado","D32","0.12","105","25","71","34","22","3"
"4247","Licenca_Medica","D32","0.333333333333333","114","18","83","31","12","6"
"4248","Aposentado_Invalidez","D32","0.5","123","8","91","32","4","4"
"4249","Analg.e9.sicos","D32","0.375","42","88","38","4","55","33"
"4250","OutraDoenca","D32","0.3","80","50","59","21","35","15"
"4251","Dor_costas","D32","0.362637362637363","37","91","34","3","58","33"
"4252","Dor_pernas","D32","0.545454545454545","72","55","66","6","25","30"
"4253","Retornar_trabalho","D32","0.35","99","20","73","26","13","7"
"4254","Masc","D32","0.318181818181818","48","88","39","9","60","28"
"4255","Fem","D32","0.1875","88","48","60","28","39","9"
"4256","Casado_Amasiado","D32","0.327272727272727","81","55","62","19","37","18"
"4257","Solteiro","D32","0.220338983050847","77","59","53","24","46","13"
"4258","Separado_Divorciado","D32","0.285714285714286","129","7","94","35","5","2"
"4259","X4","D32","0","133","3","96","37","3","0"
"4260","X5","D32","0","134","2","97","37","2","0"
"4261","X6","D32","0.4","126","10","93","33","6","4"
"4262","Livrar_costas","D32","0.337209302325581","14","86","7","7","57","29"
"4263","Livrar_perna","D32","0.5","86","14","57","29","7","7"
"4264","Livrar_perda_sens","D32","NaN","100","0","64","36","0","0"
"4265","D1","D32","0","135","1","98","37","1","0"
"4266","D15","D32","0.142857142857143","129","7","93","36","6","1"
"4267","D16","D32","0.85","116","20","96","20","3","17"
"4268","D17","D32","0.2","131","5","95","36","4","1"
"4269","D18","D32","0.0625","120","16","84","36","15","1"
"4270","D19","D32","0.142857142857143","129","7","93","36","6","1"
"4271","D2","D32","0","128","8","91","37","8","0"
"4272","D20","D32","0","128","8","91","37","8","0"
"4273","D21","D32","0.142857142857143","129","7","93","36","6","1"
"4274","D22","D32","0","134","2","97","37","2","0"
"4275","D23","D32","0","134","2","97","37","2","0"
"4276","D24","D32","0.153846153846154","110","26","77","33","22","4"
"4277","D25","D32","0","132","4","95","37","4","0"
"4278","D26","D32","0","134","2","97","37","2","0"
"4279","D27","D32","0.4","131","5","96","35","3","2"
"4280","D28","D32","0","130","6","93","37","6","0"
"4281","D29","D32","0.785714285714286","94","42","90","4","9","33"
"4282","D3","D32","0","134","2","97","37","2","0"
"4283","D30","D32","0.548387096774194","74","62","71","3","28","34"
"4284","D31","D32","0.176470588235294","119","17","85","34","14","3"
"4285","D32","D32","1","99","37","99","0","0","37"
"4286","D33","D32","0.25","124","12","90","34","9","3"
"4287","D34","D32","0","133","3","96","37","3","0"
"4288","D35","D32","0","134","2","97","37","2","0"
"4289","D36","D32","0.125","128","8","92","36","7","1"
"4290","D37","D32","0.727272727272727","114","22","93","21","6","16"
"4291","D38","D32","0","133","3","96","37","3","0"
"4292","D39","D32","0.866666666666667","121","15","97","24","2","13"
"4293","D4","D32","0","132","4","95","37","4","0"
"4294","D40","D32","0","131","5","94","37","5","0"
"4295","D41","D32","0.571428571428571","129","7","96","33","3","4"
"4296","D42","D32","0.333333333333333","133","3","97","36","2","1"
"4297","D43","D32","0","133","3","96","37","3","0"
"4298","D44","D32","0.842105263157895","98","38","93","5","6","32"
"4299","D45","D32","0.25","124","12","90","34","9","3"
"4300","D46","D32","0.789473684210526","98","38","91","7","8","30"
"4301","D47","D32","0.166666666666667","124","12","89","35","10","2"
"4302","D48","D32","0.807692307692308","110","26","94","16","5","21"
"4303","D49","D32","0.307692307692308","123","13","90","33","9","4"
"4304","D5","D32","0","133","3","96","37","3","0"
"4305","D50","D32","0","134","2","97","37","2","0"
"4306","D51","D32","0","135","1","98","37","1","0"
"4307","D52","D32","0.5","134","2","98","36","1","1"
"4308","D53","D32","0","134","2","97","37","2","0"
"4309","D9","D32","0","135","1","98","37","1","0"
"4310","RMDQ1_v1","D32","0.348837209302326","73","43","51","22","28","15"
"4311","RMDQ2_v1","D32","0.297872340425532","69","47","46","23","33","14"
"4312","RMDQ3_v1","D32","0.416666666666667","82","36","60","22","21","15"
"4313","RMDQ4_v1","D32","0.307692307692308","92","26","63","29","18","8"
"4314","RMDQ5_v1","D32","0.484848484848485","85","33","64","21","17","16"
"4315","RMDQ6_v1","D32","0.448275862068966","89","29","65","24","16","13"
"4316","RMDQ7_v1","D32","0.5","97","20","70","27","10","10"
"4317","RMDQ8_v1","D32","0.25","113","4","77","36","3","1"
"4318","RMDQ9_v1","D32","0.444444444444444","99","18","70","29","10","8"
"4319","RMDQ10_v1","D32","0.363636363636364","95","22","66","29","14","8"
"4320","RMDQ11_v1","D32","0.391304347826087","94","23","66","28","14","9"
"4321","RMDQ12_v1","D32","0.454545454545455","95","22","68","27","12","10"
"4322","RMDQ13_v1","D32","0.454545454545455","95","22","68","27","12","10"
"4323","RMDQ14_v1","D32","0.36","92","25","64","28","16","9"
"4324","RMDQ15_v1","D32","0.466666666666667","102","15","72","30","8","7"
"4325","RMDQ16_v1","D32","0.421052631578947","98","19","69","29","11","8"
"4326","RMDQ17_v1","D32","0.318181818181818","95","22","65","30","15","7"
"4327","RMDQ18_v1","D32","0.35","97","20","67","30","13","7"
"4328","RMDQ19_v1","D32","0.5625","101","16","73","28","7","9"
"4329","RMDQ20_v1","D32","0.380952380952381","96","21","67","29","13","8"
"4330","RMDQ21_v1","D32","0.416666666666667","93","24","66","27","14","10"
"4331","RMDQ22_v1","D32","0.45","97","20","69","28","11","9"
"4332","RMDQ23_v1","D32","0.421052631578947","98","19","69","29","11","8"
"4333","RMDQ24_v1","D32","0.421052631578947","98","19","69","29","11","8"
"4334","DN4_1a_v1","D32","0.339622641509434","65","53","48","17","35","18"
"4335","DN4_1b_v1","D32","0.333333333333333","94","24","67","27","16","8"
"4336","DN4_1c_v1","D32","0.333333333333333","83","36","59","24","24","12"
"4337","DN4_2a_v1","D32","0.354838709677419","88","31","63","25","20","11"
"4338","DN4_2b_v1","D32","0.25","83","36","56","27","27","9"
"4339","DN4_2c_v1","D32","0.363636363636364","85","33","62","23","21","12"
"4340","DN4_2d_v1","D32","0.166666666666667","113","6","78","35","5","1"
"4341","DN4_3a_v1","D32","0","114","5","78","36","5","0"
"4342","DN4_3b_v1","D32","0","114","5","78","36","5","0"
"4343","DN4_4_v1","D32","0","115","4","79","36","4","0"
"4344","Fuma","D33","0.0869565217391304","82","46","75","7","42","4"
"4345","Cirurgia_coluna","D33","0.0727272727272727","63","55","58","5","51","4"
"4346","Aposentado","D33","0.032258064516129","101","31","91","10","30","1"
"4347","Desempregado","D33","0.04","105","25","95","10","24","1"
"4348","Licenca_Medica","D33","0","114","18","103","11","18","0"
"4349","Aposentado_Invalidez","D33","0","123","8","113","10","8","0"
"4350","Analg.e9.sicos","D33","0.0909090909090909","42","88","38","4","80","8"
"4351","OutraDoenca","D33","0.08","80","50","72","8","46","4"
"4352","Dor_costas","D33","0.0989010989010989","37","91","34","3","82","9"
"4353","Dor_pernas","D33","0.163636363636364","72","55","69","3","46","9"
"4354","Retornar_trabalho","D33","0.05","99","20","90","9","19","1"
"4355","Masc","D33","0.0795454545454545","48","88","43","5","81","7"
"4356","Fem","D33","0.104166666666667","88","48","81","7","43","5"
"4357","Casado_Amasiado","D33","0.0727272727272727","81","55","73","8","51","4"
"4358","Solteiro","D33","0.11864406779661","77","59","72","5","52","7"
"4359","Separado_Divorciado","D33","0","129","7","117","12","7","0"
"4360","X4","D33","0.333333333333333","133","3","122","11","2","1"
"4361","X5","D33","0","134","2","122","12","2","0"
"4362","X6","D33","0","126","10","114","12","10","0"
"4363","Livrar_costas","D33","0.0930232558139535","14","86","10","4","78","8"
"4364","Livrar_perna","D33","0.285714285714286","86","14","78","8","10","4"
"4365","Livrar_perda_sens","D33","NaN","100","0","88","12","0","0"
"4366","D1","D33","0","135","1","123","12","1","0"
"4367","D15","D33","0.285714285714286","129","7","119","10","5","2"
"4368","D16","D33","0.05","116","20","105","11","19","1"
"4369","D17","D33","0","131","5","119","12","5","0"
"4370","D18","D33","0","120","16","108","12","16","0"
"4371","D19","D33","0","129","7","117","12","7","0"
"4372","D2","D33","0","128","8","116","12","8","0"
"4373","D20","D33","0","128","8","116","12","8","0"
"4374","D21","D33","0.285714285714286","129","7","119","10","5","2"
"4375","D22","D33","0","134","2","122","12","2","0"
"4376","D23","D33","0","134","2","122","12","2","0"
"4377","D24","D33","0.0384615384615385","110","26","99","11","25","1"
"4378","D25","D33","0","132","4","120","12","4","0"
"4379","D26","D33","0","134","2","122","12","2","0"
"4380","D27","D33","0","131","5","119","12","5","0"
"4381","D28","D33","0","130","6","118","12","6","0"
"4382","D29","D33","0.0476190476190476","94","42","84","10","40","2"
"4383","D3","D33","0","134","2","122","12","2","0"
"4384","D30","D33","0.145161290322581","74","62","71","3","53","9"
"4385","D31","D33","0.470588235294118","119","17","115","4","9","8"
"4386","D32","D33","0.0810810810810811","99","37","90","9","34","3"
"4387","D33","D33","1","124","12","124","0","0","12"
"4388","D34","D33","0","133","3","121","12","3","0"
"4389","D35","D33","0","134","2","122","12","2","0"
"4390","D36","D33","0.25","128","8","118","10","6","2"
"4391","D37","D33","0","114","22","102","12","22","0"
"4392","D38","D33","0.666666666666667","133","3","123","10","1","2"
"4393","D39","D33","0","121","15","109","12","15","0"
"4394","D4","D33","0","132","4","120","12","4","0"
"4395","D40","D33","0.4","131","5","121","10","3","2"
"4396","D41","D33","0","129","7","117","12","7","0"
"4397","D42","D33","0","133","3","121","12","3","0"
"4398","D43","D33","0","133","3","121","12","3","0"
"4399","D44","D33","0.0789473684210526","98","38","89","9","35","3"
"4400","D45","D33","0.666666666666667","124","12","120","4","4","8"
"4401","D46","D33","0.0789473684210526","98","38","89","9","35","3"
"4402","D47","D33","0.583333333333333","124","12","119","5","5","7"
"4403","D48","D33","0.0384615384615385","110","26","99","11","25","1"
"4404","D49","D33","0.692307692307692","123","13","120","3","4","9"
"4405","D5","D33","0","133","3","121","12","3","0"
"4406","D50","D33","0","134","2","122","12","2","0"
"4407","D51","D33","0","135","1","123","12","1","0"
"4408","D52","D33","0","134","2","122","12","2","0"
"4409","D53","D33","0","134","2","122","12","2","0"
"4410","D9","D33","0","135","1","123","12","1","0"
"4411","RMDQ1_v1","D33","0.13953488372093","73","43","67","6","37","6"
"4412","RMDQ2_v1","D33","0.106382978723404","69","47","62","7","42","5"
"4413","RMDQ3_v1","D33","0.0277777777777778","82","36","71","11","35","1"
"4414","RMDQ4_v1","D33","0","92","26","80","12","26","0"
"4415","RMDQ5_v1","D33","0.0303030303030303","85","33","74","11","32","1"
"4416","RMDQ6_v1","D33","0.0344827586206897","89","29","78","11","28","1"
"4417","RMDQ7_v1","D33","0.05","97","20","86","11","19","1"
"4418","RMDQ8_v1","D33","0","113","4","101","12","4","0"
"4419","RMDQ9_v1","D33","0.0555555555555556","99","18","88","11","17","1"
"4420","RMDQ10_v1","D33","0.0909090909090909","95","22","85","10","20","2"
"4421","RMDQ11_v1","D33","0.0434782608695652","94","23","83","11","22","1"
"4422","RMDQ12_v1","D33","0.0454545454545455","95","22","84","11","21","1"
"4423","RMDQ13_v1","D33","0.0454545454545455","95","22","84","11","21","1"
"4424","RMDQ14_v1","D33","0.04","92","25","81","11","24","1"
"4425","RMDQ15_v1","D33","0.0666666666666667","102","15","91","11","14","1"
"4426","RMDQ16_v1","D33","0.0526315789473684","98","19","87","11","18","1"
"4427","RMDQ17_v1","D33","0.0454545454545455","95","22","84","11","21","1"
"4428","RMDQ18_v1","D33","0.05","97","20","86","11","19","1"
"4429","RMDQ19_v1","D33","0.0625","101","16","90","11","15","1"
"4430","RMDQ20_v1","D33","0.0476190476190476","96","21","85","11","20","1"
"4431","RMDQ21_v1","D33","0.0416666666666667","93","24","82","11","23","1"
"4432","RMDQ22_v1","D33","0.05","97","20","86","11","19","1"
"4433","RMDQ23_v1","D33","0.105263157894737","98","19","88","10","17","2"
"4434","RMDQ24_v1","D33","0.0526315789473684","98","19","87","11","18","1"
"4435","DN4_1a_v1","D33","0.132075471698113","65","53","60","5","46","7"
"4436","DN4_1b_v1","D33","0.0833333333333333","94","24","84","10","22","2"
"4437","DN4_1c_v1","D33","0.194444444444444","83","36","78","5","29","7"
"4438","DN4_2a_v1","D33","0.290322580645161","88","31","85","3","22","9"
"4439","DN4_2b_v1","D33","0.194444444444444","83","36","78","5","29","7"
"4440","DN4_2c_v1","D33","0.181818181818182","85","33","79","6","27","6"
"4441","DN4_2d_v1","D33","0.166666666666667","113","6","102","11","5","1"
"4442","DN4_3a_v1","D33","0","114","5","102","12","5","0"
"4443","DN4_3b_v1","D33","0","114","5","102","12","5","0"
"4444","DN4_4_v1","D33","0","115","4","103","12","4","0"
"4445","Fuma","D34","0.0652173913043478","82","46","82","0","43","3"
"4446","Cirurgia_coluna","D34","0.0363636363636364","63","55","63","0","53","2"
"4447","Aposentado","D34","0.032258064516129","101","31","99","2","30","1"
"4448","Desempregado","D34","0.08","105","25","104","1","23","2"
"4449","Licenca_Medica","D34","0.111111111111111","114","18","113","1","16","2"
"4450","Aposentado_Invalidez","D34","0","123","8","120","3","8","0"
"4451","Analg.e9.sicos","D34","0.0227272727272727","42","88","41","1","86","2"
"4452","OutraDoenca","D34","0.02","80","50","78","2","49","1"
"4453","Dor_costas","D34","0.021978021978022","37","91","36","1","89","2"
"4454","Dor_pernas","D34","0.0181818181818182","72","55","70","2","54","1"
"4455","Retornar_trabalho","D34","0","99","20","96","3","20","0"
"4456","Masc","D34","0.0113636363636364","48","88","46","2","87","1"
"4457","Fem","D34","0.0416666666666667","88","48","87","1","46","2"
"4458","Casado_Amasiado","D34","0.0181818181818182","81","55","79","2","54","1"
"4459","Solteiro","D34","0.0338983050847458","77","59","76","1","57","2"
"4460","Separado_Divorciado","D34","0","129","7","126","3","7","0"
"4461","X4","D34","0","133","3","130","3","3","0"
"4462","X5","D34","0","134","2","131","3","2","0"
"4463","X6","D34","0","126","10","123","3","10","0"
"4464","Livrar_costas","D34","0.0232558139534884","14","86","14","0","84","2"
"4465","Livrar_perna","D34","0","86","14","84","2","14","0"
"4466","Livrar_perda_sens","D34","NaN","100","0","98","2","0","0"
"4467","D1","D34","0","135","1","132","3","1","0"
"4468","D15","D34","0.142857142857143","129","7","127","2","6","1"
"4469","D16","D34","0.05","116","20","114","2","19","1"
"4470","D17","D34","0","131","5","128","3","5","0"
"4471","D18","D34","0","120","16","117","3","16","0"
"4472","D19","D34","0","129","7","126","3","7","0"
"4473","D2","D34","0.25","128","8","127","1","6","2"
"4474","D20","D34","0","128","8","125","3","8","0"
"4475","D21","D34","0","129","7","126","3","7","0"
"4476","D22","D34","0","134","2","131","3","2","0"
"4477","D23","D34","0","134","2","131","3","2","0"
"4478","D24","D34","0.0384615384615385","110","26","108","2","25","1"
"4479","D25","D34","0","132","4","129","3","4","0"
"4480","D26","D34","0","134","2","131","3","2","0"
"4481","D27","D34","0","131","5","128","3","5","0"
"4482","D28","D34","0","130","6","127","3","6","0"
"4483","D29","D34","0.0238095238095238","94","42","92","2","41","1"
"4484","D3","D34","0","134","2","131","3","2","0"
"4485","D30","D34","0","74","62","71","3","62","0"
"4486","D31","D34","0.0588235294117647","119","17","117","2","16","1"
"4487","D32","D34","0","99","37","96","3","37","0"
"4488","D33","D34","0","124","12","121","3","12","0"
"4489","D34","D34","1","133","3","133","0","0","3"
"4490","D35","D34","0.5","134","2","132","2","1","1"
"4491","D36","D34","0","128","8","125","3","8","0"
"4492","D37","D34","0.0454545454545455","114","22","112","2","21","1"
"4493","D38","D34","0","133","3","130","3","3","0"
"4494","D39","D34","0","121","15","118","3","15","0"
"4495","D4","D34","0.25","132","4","130","2","3","1"
"4496","D40","D34","0","131","5","128","3","5","0"
"4497","D41","D34","0","129","7","126","3","7","0"
"4498","D42","D34","0","133","3","130","3","3","0"
"4499","D43","D34","0.333333333333333","133","3","131","2","2","1"
"4500","D44","D34","0","98","38","95","3","38","0"
"4501","D45","D34","0","124","12","121","3","12","0"
"4502","D46","D34","0","98","38","95","3","38","0"
"4503","D47","D34","0","124","12","121","3","12","0"
"4504","D48","D34","0","110","26","107","3","26","0"
"4505","D49","D34","0","123","13","120","3","13","0"
"4506","D5","D34","0.666666666666667","133","3","132","1","1","2"
"4507","D50","D34","1","134","2","133","1","0","2"
"4508","D51","D34","1","135","1","133","2","0","1"
"4509","D52","D34","0.5","134","2","132","2","1","1"
"4510","D53","D34","0.5","134","2","132","2","1","1"
"4511","D9","D34","1","135","1","133","2","0","1"
"4512","RMDQ1_v1","D34","0.0232558139534884","73","43","72","1","42","1"
"4513","RMDQ2_v1","D34","0.0212765957446809","69","47","68","1","46","1"
"4514","RMDQ3_v1","D34","0.0277777777777778","82","36","81","1","35","1"
"4515","RMDQ4_v1","D34","0","92","26","90","2","26","0"
"4516","RMDQ5_v1","D34","0.0303030303030303","85","33","84","1","32","1"
"4517","RMDQ6_v1","D34","0.0344827586206897","89","29","88","1","28","1"
"4518","RMDQ7_v1","D34","0.05","97","20","96","1","19","1"
"4519","RMDQ8_v1","D34","0","113","4","111","2","4","0"
"4520","RMDQ9_v1","D34","0.0555555555555556","99","18","98","1","17","1"
"4521","RMDQ10_v1","D34","0.0454545454545455","95","22","94","1","21","1"
"4522","RMDQ11_v1","D34","0.0434782608695652","94","23","93","1","22","1"
"4523","RMDQ12_v1","D34","0.0454545454545455","95","22","94","1","21","1"
"4524","RMDQ13_v1","D34","0.0454545454545455","95","22","94","1","21","1"
"4525","RMDQ14_v1","D34","0.04","92","25","91","1","24","1"
"4526","RMDQ15_v1","D34","0.0666666666666667","102","15","101","1","14","1"
"4527","RMDQ16_v1","D34","0.0526315789473684","98","19","97","1","18","1"
"4528","RMDQ17_v1","D34","0.0454545454545455","95","22","94","1","21","1"
"4529","RMDQ18_v1","D34","0.05","97","20","96","1","19","1"
"4530","RMDQ19_v1","D34","0.0625","101","16","100","1","15","1"
"4531","RMDQ20_v1","D34","0.0476190476190476","96","21","95","1","20","1"
"4532","RMDQ21_v1","D34","0.0416666666666667","93","24","92","1","23","1"
"4533","RMDQ22_v1","D34","0.05","97","20","96","1","19","1"
"4534","RMDQ23_v1","D34","0.0526315789473684","98","19","97","1","18","1"
"4535","RMDQ24_v1","D34","0.0526315789473684","98","19","97","1","18","1"
"4536","DN4_1a_v1","D34","0.0377358490566038","65","53","64","1","51","2"
"4537","DN4_1b_v1","D34","0.0416666666666667","94","24","92","2","23","1"
"4538","DN4_1c_v1","D34","0.0555555555555556","83","36","82","1","34","2"
"4539","DN4_2a_v1","D34","0.0645161290322581","88","31","87","1","29","2"
"4540","DN4_2b_v1","D34","0.0555555555555556","83","36","82","1","34","2"
"4541","DN4_2c_v1","D34","0.0606060606060606","85","33","84","1","31","2"
"4542","DN4_2d_v1","D34","0.166666666666667","113","6","111","2","5","1"
"4543","DN4_3a_v1","D34","0.4","114","5","113","1","3","2"
"4544","DN4_3b_v1","D34","0.4","114","5","113","1","3","2"
"4545","DN4_4_v1","D34","0.5","115","4","114","1","2","2"
"4546","Fuma","D35","0.0434782608695652","82","46","82","0","44","2"
"4547","Cirurgia_coluna","D35","0.0363636363636364","63","55","63","0","53","2"
"4548","Aposentado","D35","0.032258064516129","101","31","100","1","30","1"
"4549","Desempregado","D35","0.08","105","25","105","0","23","2"
"4550","Licenca_Medica","D35","0.0555555555555556","114","18","113","1","17","1"
"4551","Aposentado_Invalidez","D35","0","123","8","121","2","8","0"
"4552","Analg.e9.sicos","D35","0.0227272727272727","42","88","42","0","86","2"
"4553","OutraDoenca","D35","0.02","80","50","79","1","49","1"
"4554","Dor_costas","D35","0.021978021978022","37","91","37","0","89","2"
"4555","Dor_pernas","D35","0.0181818181818182","72","55","71","1","54","1"
"4556","Retornar_trabalho","D35","0","99","20","97","2","20","0"
"4557","Masc","D35","0.0227272727272727","48","88","48","0","86","2"
"4558","Fem","D35","0","88","48","86","2","48","0"
"4559","Casado_Amasiado","D35","0","81","55","79","2","55","0"
"4560","Solteiro","D35","0.0338983050847458","77","59","77","0","57","2"
"4561","Separado_Divorciado","D35","0","129","7","127","2","7","0"
"4562","X4","D35","0","133","3","131","2","3","0"
"4563","X5","D35","0","134","2","132","2","2","0"
"4564","X6","D35","0","126","10","124","2","10","0"
"4565","Livrar_costas","D35","0.0116279069767442","14","86","14","0","85","1"
"4566","Livrar_perna","D35","0","86","14","85","1","14","0"
"4567","Livrar_perda_sens","D35","NaN","100","0","99","1","0","0"
"4568","D1","D35","0","135","1","133","2","1","0"
"4569","D15","D35","0.142857142857143","129","7","128","1","6","1"
"4570","D16","D35","0.05","116","20","115","1","19","1"
"4571","D17","D35","0","131","5","129","2","5","0"
"4572","D18","D35","0.0625","120","16","119","1","15","1"
"4573","D19","D35","0","129","7","127","2","7","0"
"4574","D2","D35","0.125","128","8","127","1","7","1"
"4575","D20","D35","0","128","8","126","2","8","0"
"4576","D21","D35","0","129","7","127","2","7","0"
"4577","D22","D35","0","134","2","132","2","2","0"
"4578","D23","D35","0","134","2","132","2","2","0"
"4579","D24","D35","0","110","26","108","2","26","0"
"4580","D25","D35","0","132","4","130","2","4","0"
"4581","D26","D35","0","134","2","132","2","2","0"
"4582","D27","D35","0","131","5","129","2","5","0"
"4583","D28","D35","0","130","6","128","2","6","0"
"4584","D29","D35","0","94","42","92","2","42","0"
"4585","D3","D35","0","134","2","132","2","2","0"
"4586","D30","D35","0","74","62","72","2","62","0"
"4587","D31","D35","0","119","17","117","2","17","0"
"4588","D32","D35","0","99","37","97","2","37","0"
"4589","D33","D35","0","124","12","122","2","12","0"
"4590","D34","D35","0.333333333333333","133","3","132","1","2","1"
"4591","D35","D35","1","134","2","134","0","0","2"
"4592","D36","D35","0","128","8","126","2","8","0"
"4593","D37","D35","0.0454545454545455","114","22","113","1","21","1"
"4594","D38","D35","0","133","3","131","2","3","0"
"4595","D39","D35","0","121","15","119","2","15","0"
"4596","D4","D35","0.5","132","4","132","0","2","2"
"4597","D40","D35","0","131","5","129","2","5","0"
"4598","D41","D35","0","129","7","127","2","7","0"
"4599","D42","D35","0","133","3","131","2","3","0"
"4600","D43","D35","0","133","3","131","2","3","0"
"4601","D44","D35","0","98","38","96","2","38","0"
"4602","D45","D35","0","124","12","122","2","12","0"
"4603","D46","D35","0","98","38","96","2","38","0"
"4604","D47","D35","0","124","12","122","2","12","0"
"4605","D48","D35","0","110","26","108","2","26","0"
"4606","D49","D35","0","123","13","121","2","13","0"
"4607","D5","D35","0.333333333333333","133","3","132","1","2","1"
"4608","D50","D35","0","134","2","132","2","2","0"
"4609","D51","D35","1","135","1","134","1","0","1"
"4610","D52","D35","0","134","2","132","2","2","0"
"4611","D53","D35","0","134","2","132","2","2","0"
"4612","D9","D35","1","135","1","134","1","0","1"
"4613","RMDQ1_v1","D35","0.0232558139534884","73","43","73","0","42","1"
"4614","RMDQ2_v1","D35","0.0212765957446809","69","47","69","0","46","1"
"4615","RMDQ3_v1","D35","0.0277777777777778","82","36","82","0","35","1"
"4616","RMDQ4_v1","D35","0","92","26","91","1","26","0"
"4617","RMDQ5_v1","D35","0.0303030303030303","85","33","85","0","32","1"
"4618","RMDQ6_v1","D35","0.0344827586206897","89","29","89","0","28","1"
"4619","RMDQ7_v1","D35","0.05","97","20","97","0","19","1"
"4620","RMDQ8_v1","D35","0","113","4","112","1","4","0"
"4621","RMDQ9_v1","D35","0.0555555555555556","99","18","99","0","17","1"
"4622","RMDQ10_v1","D35","0.0454545454545455","95","22","95","0","21","1"
"4623","RMDQ11_v1","D35","0.0434782608695652","94","23","94","0","22","1"
"4624","RMDQ12_v1","D35","0.0454545454545455","95","22","95","0","21","1"
"4625","RMDQ13_v1","D35","0.0454545454545455","95","22","95","0","21","1"
"4626","RMDQ14_v1","D35","0.04","92","25","92","0","24","1"
"4627","RMDQ15_v1","D35","0.0666666666666667","102","15","102","0","14","1"
"4628","RMDQ16_v1","D35","0.0526315789473684","98","19","98","0","18","1"
"4629","RMDQ17_v1","D35","0.0454545454545455","95","22","95","0","21","1"
"4630","RMDQ18_v1","D35","0.05","97","20","97","0","19","1"
"4631","RMDQ19_v1","D35","0.0625","101","16","101","0","15","1"
"4632","RMDQ20_v1","D35","0.0476190476190476","96","21","96","0","20","1"
"4633","RMDQ21_v1","D35","0.0416666666666667","93","24","93","0","23","1"
"4634","RMDQ22_v1","D35","0.05","97","20","97","0","19","1"
"4635","RMDQ23_v1","D35","0.0526315789473684","98","19","98","0","18","1"
"4636","RMDQ24_v1","D35","0.0526315789473684","98","19","98","0","18","1"
"4637","DN4_1a_v1","D35","0.0188679245283019","65","53","65","0","52","1"
"4638","DN4_1b_v1","D35","0","94","24","93","1","24","0"
"4639","DN4_1c_v1","D35","0.0277777777777778","83","36","83","0","35","1"
"4640","DN4_2a_v1","D35","0.032258064516129","88","31","88","0","30","1"
"4641","DN4_2b_v1","D35","0.0277777777777778","83","36","83","0","35","1"
"4642","DN4_2c_v1","D35","0.0303030303030303","85","33","85","0","32","1"
"4643","DN4_2d_v1","D35","0.166666666666667","113","6","113","0","5","1"
"4644","DN4_3a_v1","D35","0.2","114","5","114","0","4","1"
"4645","DN4_3b_v1","D35","0.2","114","5","114","0","4","1"
"4646","DN4_4_v1","D35","0.25","115","4","115","0","3","1"
"4647","Fuma","D36","0.0869565217391304","82","46","80","2","42","4"
"4648","Cirurgia_coluna","D36","0.109090909090909","63","55","63","0","49","6"
"4649","Aposentado","D36","0.0645161290322581","101","31","96","5","29","2"
"4650","Desempregado","D36","0.08","105","25","100","5","23","2"
"4651","Licenca_Medica","D36","0.166666666666667","114","18","110","4","15","3"
"4652","Aposentado_Invalidez","D36","0","123","8","116","7","8","0"
"4653","Analg.e9.sicos","D36","0.0340909090909091","42","88","37","5","85","3"
"4654","OutraDoenca","D36","0.06","80","50","75","5","47","3"
"4655","Dor_costas","D36","0.043956043956044","37","91","33","4","87","4"
"4656","Dor_pernas","D36","0.0909090909090909","72","55","69","3","50","5"
"4657","Retornar_trabalho","D36","0","99","20","91","8","20","0"
"4658","Masc","D36","0.0568181818181818","48","88","45","3","83","5"
"4659","Fem","D36","0.0625","88","48","83","5","45","3"
"4660","Casado_Amasiado","D36","0.0727272727272727","81","55","77","4","51","4"
"4661","Solteiro","D36","0.0508474576271186","77","59","72","5","56","3"
"4662","Separado_Divorciado","D36","0","129","7","121","8","7","0"
"4663","X4","D36","0.333333333333333","133","3","126","7","2","1"
"4664","X5","D36","0","134","2","126","8","2","0"
"4665","X6","D36","0","126","10","118","8","10","0"
"4666","Livrar_costas","D36","0.0465116279069767","14","86","11","3","82","4"
"4667","Livrar_perna","D36","0.214285714285714","86","14","82","4","11","3"
"4668","Livrar_perda_sens","D36","NaN","100","0","93","7","0","0"
"4669","D1","D36","0","135","1","127","8","1","0"
"4670","D15","D36","0.714285714285714","129","7","126","3","2","5"
"4671","D16","D36","0.05","116","20","109","7","19","1"
"4672","D17","D36","0.4","131","5","125","6","3","2"
"4673","D18","D36","0.125","120","16","114","6","14","2"
"4674","D19","D36","0","129","7","121","8","7","0"
"4675","D2","D36","0","128","8","120","8","8","0"
"4676","D20","D36","0","128","8","120","8","8","0"
"4677","D21","D36","0","129","7","121","8","7","0"
"4678","D22","D36","0","134","2","126","8","2","0"
"4679","D23","D36","0","134","2","126","8","2","0"
"4680","D24","D36","0","110","26","102","8","26","0"
"4681","D25","D36","0","132","4","124","8","4","0"
"4682","D26","D36","0","134","2","126","8","2","0"
"4683","D27","D36","0","131","5","123","8","5","0"
"4684","D28","D36","0","130","6","122","8","6","0"
"4685","D29","D36","0.0952380952380952","94","42","90","4","38","4"
"4686","D3","D36","0","134","2","126","8","2","0"
"4687","D30","D36","0.032258064516129","74","62","68","6","60","2"
"4688","D31","D36","0.176470588235294","119","17","114","5","14","3"
"4689","D32","D36","0.027027027027027","99","37","92","7","36","1"
"4690","D33","D36","0.166666666666667","124","12","118","6","10","2"
"4691","D34","D36","0","133","3","125","8","3","0"
"4692","D35","D36","0","134","2","126","8","2","0"
"4693","D36","D36","1","128","8","128","0","0","8"
"4694","D37","D36","0.227272727272727","114","22","111","3","17","5"
"4695","D38","D36","1","133","3","128","5","0","3"
"4696","D39","D36","0.133333333333333","121","15","115","6","13","2"
"4697","D4","D36","0","132","4","124","8","4","0"
"4698","D40","D36","1","131","5","128","3","0","5"
"4699","D41","D36","0.571428571428571","129","7","125","4","3","4"
"4700","D42","D36","0","133","3","125","8","3","0"
"4701","D43","D36","0","133","3","125","8","3","0"
"4702","D44","D36","0.0789473684210526","98","38","93","5","35","3"
"4703","D45","D36","0.166666666666667","124","12","118","6","10","2"
"4704","D46","D36","0.0789473684210526","98","38","93","5","35","3"
"4705","D47","D36","0.25","124","12","119","5","9","3"
"4706","D48","D36","0.0384615384615385","110","26","103","7","25","1"
"4707","D49","D36","0.153846153846154","123","13","117","6","11","2"
"4708","D5","D36","0","133","3","125","8","3","0"
"4709","D50","D36","0","134","2","126","8","2","0"
"4710","D51","D36","0","135","1","127","8","1","0"
"4711","D52","D36","0","134","2","126","8","2","0"
"4712","D53","D36","0","134","2","126","8","2","0"
"4713","D9","D36","0","135","1","127","8","1","0"
"4714","RMDQ1_v1","D36","0.0465116279069767","73","43","68","5","41","2"
"4715","RMDQ2_v1","D36","0.0425531914893617","69","47","64","5","45","2"
"4716","RMDQ3_v1","D36","0.0277777777777778","82","36","76","6","35","1"
"4717","RMDQ4_v1","D36","0.0384615384615385","92","26","86","6","25","1"
"4718","RMDQ5_v1","D36","0.0303030303030303","85","33","79","6","32","1"
"4719","RMDQ6_v1","D36","0","89","29","82","7","29","0"
"4720","RMDQ7_v1","D36","0","97","20","90","7","20","0"
"4721","RMDQ8_v1","D36","0","113","4","106","7","4","0"
"4722","RMDQ9_v1","D36","0","99","18","92","7","18","0"
"4723","RMDQ10_v1","D36","0","95","22","88","7","22","0"
"4724","RMDQ11_v1","D36","0","94","23","87","7","23","0"
"4725","RMDQ12_v1","D36","0","95","22","88","7","22","0"
"4726","RMDQ13_v1","D36","0","95","22","88","7","22","0"
"4727","RMDQ14_v1","D36","0.04","92","25","86","6","24","1"
"4728","RMDQ15_v1","D36","0","102","15","95","7","15","0"
"4729","RMDQ16_v1","D36","0","98","19","91","7","19","0"
"4730","RMDQ17_v1","D36","0","95","22","88","7","22","0"
"4731","RMDQ18_v1","D36","0","97","20","90","7","20","0"
"4732","RMDQ19_v1","D36","0","101","16","94","7","16","0"
"4733","RMDQ20_v1","D36","0","96","21","89","7","21","0"
"4734","RMDQ21_v1","D36","0","93","24","86","7","24","0"
"4735","RMDQ22_v1","D36","0","97","20","90","7","20","0"
"4736","RMDQ23_v1","D36","0","98","19","91","7","19","0"
"4737","RMDQ24_v1","D36","0","98","19","91","7","19","0"
"4738","DN4_1a_v1","D36","0.0754716981132075","65","53","61","4","49","4"
"4739","DN4_1b_v1","D36","0.0416666666666667","94","24","87","7","23","1"
"4740","DN4_1c_v1","D36","0.0833333333333333","83","36","78","5","33","3"
"4741","DN4_2a_v1","D36","0.0967741935483871","88","31","83","5","28","3"
"4742","DN4_2b_v1","D36","0.166666666666667","83","36","81","2","30","6"
"4743","DN4_2c_v1","D36","0.0909090909090909","85","33","80","5","30","3"
"4744","DN4_2d_v1","D36","0","113","6","105","8","6","0"
"4745","DN4_3a_v1","D36","0","114","5","106","8","5","0"
"4746","DN4_3b_v1","D36","0","114","5","106","8","5","0"
"4747","DN4_4_v1","D36","0","115","4","107","8","4","0"
"4748","Fuma","D37","0.173913043478261","82","46","70","12","38","8"
"4749","Cirurgia_coluna","D37","0.181818181818182","63","55","54","9","45","10"
"4750","Aposentado","D37","0.290322580645161","101","31","88","13","22","9"
"4751","Desempregado","D37","0.12","105","25","86","19","22","3"
"4752","Licenca_Medica","D37","0.333333333333333","114","18","98","16","12","6"
"4753","Aposentado_Invalidez","D37","0.25","123","8","103","20","6","2"
"4754","Analg.e9.sicos","D37","0.204545454545455","42","88","38","4","70","18"
"4755","OutraDoenca","D37","0.16","80","50","66","14","42","8"
"4756","Dor_costas","D37","0.208791208791209","37","91","34","3","72","19"
"4757","Dor_pernas","D37","0.345454545454545","72","55","69","3","36","19"
"4758","Retornar_trabalho","D37","0.35","99","20","86","13","13","7"
"4759","Masc","D37","0.193181818181818","48","88","43","5","71","17"
"4760","Fem","D37","0.104166666666667","88","48","71","17","43","5"
"4761","Casado_Amasiado","D37","0.2","81","55","70","11","44","11"
"4762","Solteiro","D37","0.11864406779661","77","59","62","15","52","7"
"4763","Separado_Divorciado","D37","0.142857142857143","129","7","108","21","6","1"
"4764","X4","D37","0","133","3","111","22","3","0"
"4765","X5","D37","0","134","2","112","22","2","0"
"4766","X6","D37","0.3","126","10","107","19","7","3"
"4767","Livrar_costas","D37","0.197674418604651","14","86","11","3","69","17"
"4768","Livrar_perna","D37","0.214285714285714","86","14","69","17","11","3"
"4769","Livrar_perda_sens","D37","NaN","100","0","80","20","0","0"
"4770","D1","D37","0","135","1","113","22","1","0"
"4771","D15","D37","0.571428571428571","129","7","111","18","3","4"
"4772","D16","D37","0.9","116","20","112","4","2","18"
"4773","D17","D37","0.6","131","5","112","19","2","3"
"4774","D18","D37","0.1875","120","16","101","19","13","3"
"4775","D19","D37","0.142857142857143","129","7","108","21","6","1"
"4776","D2","D37","0.125","128","8","107","21","7","1"
"4777","D20","D37","0","128","8","106","22","8","0"
"4778","D21","D37","0.142857142857143","129","7","108","21","6","1"
"4779","D22","D37","0","134","2","112","22","2","0"
"4780","D23","D37","0","134","2","112","22","2","0"
"4781","D24","D37","0.0769230769230769","110","26","90","20","24","2"
"4782","D25","D37","0","132","4","110","22","4","0"
"4783","D26","D37","0","134","2","112","22","2","0"
"4784","D27","D37","0.2","131","5","110","21","4","1"
"4785","D28","D37","0","130","6","108","22","6","0"
"4786","D29","D37","0.404761904761905","94","42","89","5","25","17"
"4787","D3","D37","0","134","2","112","22","2","0"
"4788","D30","D37","0.241935483870968","74","62","67","7","47","15"
"4789","D31","D37","0.0588235294117647","119","17","98","21","16","1"
"4790","D32","D37","0.432432432432432","99","37","93","6","21","16"
"4791","D33","D37","0","124","12","102","22","12","0"
"4792","D34","D37","0.333333333333333","133","3","112","21","2","1"
"4793","D35","D37","0.5","134","2","113","21","1","1"
"4794","D36","D37","0.625","128","8","111","17","3","5"
"4795","D37","D37","1","114","22","114","0","0","22"
"4796","D38","D37","0.333333333333333","133","3","112","21","2","1"
"4797","D39","D37","1","121","15","114","7","0","15"
"4798","D4","D37","0.25","132","4","111","21","3","1"
"4799","D40","D37","0.6","131","5","112","19","2","3"
"4800","D41","D37","1","129","7","114","15","0","7"
"4801","D42","D37","0","133","3","111","22","3","0"
"4802","D43","D37","0","133","3","111","22","3","0"
"4803","D44","D37","0.421052631578947","98","38","92","6","22","16"
"4804","D45","D37","0.0833333333333333","124","12","103","21","11","1"
"4805","D46","D37","0.447368421052632","98","38","93","5","21","17"
"4806","D47","D37","0.0833333333333333","124","12","103","21","11","1"
"4807","D48","D37","0.576923076923077","110","26","103","7","11","15"
"4808","D49","D37","0","123","13","101","22","13","0"
"4809","D5","D37","0.333333333333333","133","3","112","21","2","1"
"4810","D50","D37","0","134","2","112","22","2","0"
"4811","D51","D37","1","135","1","114","21","0","1"
"4812","D52","D37","0","134","2","112","22","2","0"
"4813","D53","D37","0","134","2","112","22","2","0"
"4814","D9","D37","1","135","1","114","21","0","1"
"4815","RMDQ1_v1","D37","0.186046511627907","73","43","60","13","35","8"
"4816","RMDQ2_v1","D37","0.170212765957447","69","47","56","13","39","8"
"4817","RMDQ3_v1","D37","0.333333333333333","82","36","73","9","24","12"
"4818","RMDQ4_v1","D37","0.269230769230769","92","26","78","14","19","7"
"4819","RMDQ5_v1","D37","0.393939393939394","85","33","77","8","20","13"
"4820","RMDQ6_v1","D37","0.344827586206897","89","29","78","11","19","10"
"4821","RMDQ7_v1","D37","0.3","97","20","82","15","14","6"
"4822","RMDQ8_v1","D37","0","113","4","92","21","4","0"
"4823","RMDQ9_v1","D37","0.277777777777778","99","18","83","16","13","5"
"4824","RMDQ10_v1","D37","0.227272727272727","95","22","79","16","17","5"
"4825","RMDQ11_v1","D37","0.260869565217391","94","23","79","15","17","6"
"4826","RMDQ12_v1","D37","0.272727272727273","95","22","80","15","16","6"
"4827","RMDQ13_v1","D37","0.272727272727273","95","22","80","15","16","6"
"4828","RMDQ14_v1","D37","0.16","92","25","75","17","21","4"
"4829","RMDQ15_v1","D37","0.266666666666667","102","15","85","17","11","4"
"4830","RMDQ16_v1","D37","0.263157894736842","98","19","82","16","14","5"
"4831","RMDQ17_v1","D37","0.181818181818182","95","22","78","17","18","4"
"4832","RMDQ18_v1","D37","0.2","97","20","80","17","16","4"
"4833","RMDQ19_v1","D37","0.375","101","16","86","15","10","6"
"4834","RMDQ20_v1","D37","0.238095238095238","96","21","80","16","16","5"
"4835","RMDQ21_v1","D37","0.291666666666667","93","24","79","14","17","7"
"4836","RMDQ22_v1","D37","0.3","97","20","82","15","14","6"
"4837","RMDQ23_v1","D37","0.263157894736842","98","19","82","16","14","5"
"4838","RMDQ24_v1","D37","0.263157894736842","98","19","82","16","14","5"
"4839","DN4_1a_v1","D37","0.207547169811321","65","53","54","11","42","11"
"4840","DN4_1b_v1","D37","0.166666666666667","94","24","77","17","20","4"
"4841","DN4_1c_v1","D37","0.25","83","36","70","13","27","9"
"4842","DN4_2a_v1","D37","0.258064516129032","88","31","74","14","23","8"
"4843","DN4_2b_v1","D37","0.277777777777778","83","36","71","12","26","10"
"4844","DN4_2c_v1","D37","0.303030303030303","85","33","73","12","23","10"
"4845","DN4_2d_v1","D37","0.333333333333333","113","6","93","20","4","2"
"4846","DN4_3a_v1","D37","0.2","114","5","93","21","4","1"
"4847","DN4_3b_v1","D37","0.2","114","5","93","21","4","1"
"4848","DN4_4_v1","D37","0.25","115","4","94","21","3","1"
"4849","Fuma","D38","0.0652173913043478","82","46","82","0","43","3"
"4850","Cirurgia_coluna","D38","0.0363636363636364","63","55","63","0","53","2"
"4851","Aposentado","D38","0","101","31","99","2","31","0"
"4852","Desempregado","D38","0","105","25","103","2","25","0"
"4853","Licenca_Medica","D38","0.0555555555555556","114","18","113","1","17","1"
"4854","Aposentado_Invalidez","D38","0","123","8","121","2","8","0"
"4855","Analg.e9.sicos","D38","0.0113636363636364","42","88","40","2","87","1"
"4856","OutraDoenca","D38","0.02","80","50","78","2","49","1"
"4857","Dor_costas","D38","0","37","91","34","3","91","0"
"4858","Dor_pernas","D38","0.0545454545454545","72","55","72","0","52","3"
"4859","Retornar_trabalho","D38","0","99","20","96","3","20","0"
"4860","Masc","D38","0.0113636363636364","48","88","46","2","87","1"
"4861","Fem","D38","0.0416666666666667","88","48","87","1","46","2"
"4862","Casado_Amasiado","D38","0","81","55","78","3","55","0"
"4863","Solteiro","D38","0.0338983050847458","77","59","76","1","57","2"
"4864","Separado_Divorciado","D38","0","129","7","126","3","7","0"
"4865","X4","D38","0.333333333333333","133","3","131","2","2","1"
"4866","X5","D38","0","134","2","131","3","2","0"
"4867","X6","D38","0","126","10","123","3","10","0"
"4868","Livrar_costas","D38","0","14","86","11","3","86","0"
"4869","Livrar_perna","D38","0.214285714285714","86","14","86","0","11","3"
"4870","Livrar_perda_sens","D38","NaN","100","0","97","3","0","0"
"4871","D1","D38","0","135","1","132","3","1","0"
"4872","D15","D38","0.285714285714286","129","7","128","1","5","2"
"4873","D16","D38","0","116","20","113","3","20","0"
"4874","D17","D38","0","131","5","128","3","5","0"
"4875","D18","D38","0","120","16","117","3","16","0"
"4876","D19","D38","0","129","7","126","3","7","0"
"4877","D2","D38","0","128","8","125","3","8","0"
"4878","D20","D38","0","128","8","125","3","8","0"
"4879","D21","D38","0","129","7","126","3","7","0"
"4880","D22","D38","0","134","2","131","3","2","0"
"4881","D23","D38","0","134","2","131","3","2","0"
"4882","D24","D38","0","110","26","107","3","26","0"
"4883","D25","D38","0","132","4","129","3","4","0"
"4884","D26","D38","0","134","2","131","3","2","0"
"4885","D27","D38","0","131","5","128","3","5","0"
"4886","D28","D38","0","130","6","127","3","6","0"
"4887","D29","D38","0","94","42","91","3","42","0"
"4888","D3","D38","0","134","2","131","3","2","0"
"4889","D30","D38","0","74","62","71","3","62","0"
"4890","D31","D38","0.117647058823529","119","17","118","1","15","2"
"4891","D32","D38","0","99","37","96","3","37","0"
"4892","D33","D38","0.166666666666667","124","12","123","1","10","2"
"4893","D34","D38","0","133","3","130","3","3","0"
"4894","D35","D38","0","134","2","131","3","2","0"
"4895","D36","D38","0.375","128","8","128","0","5","3"
"4896","D37","D38","0.0454545454545455","114","22","112","2","21","1"
"4897","D38","D38","1","133","3","133","0","0","3"
"4898","D39","D38","0.0666666666666667","121","15","119","2","14","1"
"4899","D4","D38","0","132","4","129","3","4","0"
"4900","D40","D38","0.6","131","5","131","0","2","3"
"4901","D41","D38","0.142857142857143","129","7","127","2","6","1"
"4902","D42","D38","0","133","3","130","3","3","0"
"4903","D43","D38","0","133","3","130","3","3","0"
"4904","D44","D38","0.0263157894736842","98","38","96","2","37","1"
"4905","D45","D38","0.166666666666667","124","12","123","1","10","2"
"4906","D46","D38","0.0263157894736842","98","38","96","2","37","1"
"4907","D47","D38","0.25","124","12","124","0","9","3"
"4908","D48","D38","0","110","26","107","3","26","0"
"4909","D49","D38","0.153846153846154","123","13","122","1","11","2"
"4910","D5","D38","0","133","3","130","3","3","0"
"4911","D50","D38","0","134","2","131","3","2","0"
"4912","D51","D38","0","135","1","132","3","1","0"
"4913","D52","D38","0","134","2","131","3","2","0"
"4914","D53","D38","0","134","2","131","3","2","0"
"4915","D9","D38","0","135","1","132","3","1","0"
"4916","RMDQ1_v1","D38","0.0232558139534884","73","43","71","2","42","1"
"4917","RMDQ2_v1","D38","0.0212765957446809","69","47","67","2","46","1"
"4918","RMDQ3_v1","D38","0","82","36","79","3","36","0"
"4919","RMDQ4_v1","D38","0","92","26","89","3","26","0"
"4920","RMDQ5_v1","D38","0","85","33","82","3","33","0"
"4921","RMDQ6_v1","D38","0","89","29","86","3","29","0"
"4922","RMDQ7_v1","D38","0","97","20","94","3","20","0"
"4923","RMDQ8_v1","D38","0","113","4","110","3","4","0"
"4924","RMDQ9_v1","D38","0","99","18","96","3","18","0"
"4925","RMDQ10_v1","D38","0","95","22","92","3","22","0"
"4926","RMDQ11_v1","D38","0","94","23","91","3","23","0"
"4927","RMDQ12_v1","D38","0","95","22","92","3","22","0"
"4928","RMDQ13_v1","D38","0","95","22","92","3","22","0"
"4929","RMDQ14_v1","D38","0","92","25","89","3","25","0"
"4930","RMDQ15_v1","D38","0","102","15","99","3","15","0"
"4931","RMDQ16_v1","D38","0","98","19","95","3","19","0"
"4932","RMDQ17_v1","D38","0","95","22","92","3","22","0"
"4933","RMDQ18_v1","D38","0","97","20","94","3","20","0"
"4934","RMDQ19_v1","D38","0","101","16","98","3","16","0"
"4935","RMDQ20_v1","D38","0","96","21","93","3","21","0"
"4936","RMDQ21_v1","D38","0","93","24","90","3","24","0"
"4937","RMDQ22_v1","D38","0","97","20","94","3","20","0"
"4938","RMDQ23_v1","D38","0","98","19","95","3","19","0"
"4939","RMDQ24_v1","D38","0","98","19","95","3","19","0"
"4940","DN4_1a_v1","D38","0.0377358490566038","65","53","64","1","51","2"
"4941","DN4_1b_v1","D38","0","94","24","91","3","24","0"
"4942","DN4_1c_v1","D38","0.0555555555555556","83","36","82","1","34","2"
"4943","DN4_2a_v1","D38","0.0645161290322581","88","31","87","1","29","2"
"4944","DN4_2b_v1","D38","0.0833333333333333","83","36","83","0","33","3"
"4945","DN4_2c_v1","D38","0.0606060606060606","85","33","84","1","31","2"
"4946","DN4_2d_v1","D38","0","113","6","110","3","6","0"
"4947","DN4_3a_v1","D38","0","114","5","111","3","5","0"
"4948","DN4_3b_v1","D38","0","114","5","111","3","5","0"
"4949","DN4_4_v1","D38","0","115","4","112","3","4","0"
"4950","Fuma","D39","0.108695652173913","82","46","72","10","41","5"
"4951","Cirurgia_coluna","D39","0.109090909090909","63","55","55","8","49","6"
"4952","Aposentado","D39","0.225806451612903","101","31","93","8","24","7"
"4953","Desempregado","D39","0.04","105","25","91","14","24","1"
"4954","Licenca_Medica","D39","0.0555555555555556","114","18","100","14","17","1"
"4955","Aposentado_Invalidez","D39","0.125","123","8","109","14","7","1"
"4956","Analg.e9.sicos","D39","0.159090909090909","42","88","41","1","74","14"
"4957","OutraDoenca","D39","0.14","80","50","72","8","43","7"
"4958","Dor_costas","D39","0.131868131868132","37","91","34","3","79","12"
"4959","Dor_pernas","D39","0.236363636363636","72","55","70","2","42","13"
"4960","Retornar_trabalho","D39","0.25","99","20","90","9","15","5"
"4961","Masc","D39","0.125","48","88","44","4","77","11"
"4962","Fem","D39","0.0833333333333333","88","48","77","11","44","4"
"4963","Casado_Amasiado","D39","0.145454545454545","81","55","74","7","47","8"
"4964","Solteiro","D39","0.0508474576271186","77","59","65","12","56","3"
"4965","Separado_Divorciado","D39","0.142857142857143","129","7","115","14","6","1"
"4966","X4","D39","0","133","3","118","15","3","0"
"4967","X5","D39","0","134","2","119","15","2","0"
"4968","X6","D39","0.3","126","10","114","12","7","3"
"4969","Livrar_costas","D39","0.127906976744186","14","86","11","3","75","11"
"4970","Livrar_perna","D39","0.214285714285714","86","14","75","11","11","3"
"4971","Livrar_perda_sens","D39","NaN","100","0","86","14","0","0"
"4972","D1","D39","0","135","1","120","15","1","0"
"4973","D15","D39","0","129","7","114","15","7","0"
"4974","D16","D39","0.65","116","20","114","2","7","13"
"4975","D17","D39","0.2","131","5","117","14","4","1"
"4976","D18","D39","0.0625","120","16","106","14","15","1"
"4977","D19","D39","0.142857142857143","129","7","115","14","6","1"
"4978","D2","D39","0","128","8","113","15","8","0"
"4979","D20","D39","0","128","8","113","15","8","0"
"4980","D21","D39","0.142857142857143","129","7","115","14","6","1"
"4981","D22","D39","0","134","2","119","15","2","0"
"4982","D23","D39","0","134","2","119","15","2","0"
"4983","D24","D39","0.0384615384615385","110","26","96","14","25","1"
"4984","D25","D39","0","132","4","117","15","4","0"
"4985","D26","D39","0","134","2","119","15","2","0"
"4986","D27","D39","0","131","5","116","15","5","0"
"4987","D28","D39","0","130","6","115","15","6","0"
"4988","D29","D39","0.285714285714286","94","42","91","3","30","12"
"4989","D3","D39","0","134","2","119","15","2","0"
"4990","D30","D39","0.193548387096774","74","62","71","3","50","12"
"4991","D31","D39","0","119","17","104","15","17","0"
"4992","D32","D39","0.351351351351351","99","37","97","2","24","13"
"4993","D33","D39","0","124","12","109","15","12","0"
"4994","D34","D39","0","133","3","118","15","3","0"
"4995","D35","D39","0","134","2","119","15","2","0"
"4996","D36","D39","0.25","128","8","115","13","6","2"
"4997","D37","D39","0.681818181818182","114","22","114","0","7","15"
"4998","D38","D39","0.333333333333333","133","3","119","14","2","1"
"4999","D39","D39","1","121","15","121","0","0","15"
"5000","D4","D39","0","132","4","117","15","4","0"
"5001","D40","D39","0.2","131","5","117","14","4","1"
"5002","D41","D39","0.571428571428571","129","7","118","11","3","4"
"5003","D42","D39","0","133","3","118","15","3","0"
"5004","D43","D39","0","133","3","118","15","3","0"
"5005","D44","D39","0.342105263157895","98","38","96","2","25","13"
"5006","D45","D39","0.0833333333333333","124","12","110","14","11","1"
"5007","D46","D39","0.394736842105263","98","38","98","0","23","15"
"5008","D47","D39","0.0833333333333333","124","12","110","14","11","1"
"5009","D48","D39","0.461538461538462","110","26","107","3","14","12"
"5010","D49","D39","0","123","13","108","15","13","0"
"5011","D5","D39","0","133","3","118","15","3","0"
"5012","D50","D39","0","134","2","119","15","2","0"
"5013","D51","D39","0","135","1","120","15","1","0"
"5014","D52","D39","0","134","2","119","15","2","0"
"5015","D53","D39","0","134","2","119","15","2","0"
"5016","D9","D39","0","135","1","120","15","1","0"
"5017","RMDQ1_v1","D39","0.13953488372093","73","43","65","8","37","6"
"5018","RMDQ2_v1","D39","0.127659574468085","69","47","61","8","41","6"
"5019","RMDQ3_v1","D39","0.277777777777778","82","36","78","4","26","10"
"5020","RMDQ4_v1","D39","0.269230769230769","92","26","85","7","19","7"
"5021","RMDQ5_v1","D39","0.333333333333333","85","33","82","3","22","11"
"5022","RMDQ6_v1","D39","0.275862068965517","89","29","83","6","21","8"
"5023","RMDQ7_v1","D39","0.2","97","20","87","10","16","4"
"5024","RMDQ8_v1","D39","0","113","4","99","14","4","0"
"5025","RMDQ9_v1","D39","0.166666666666667","99","18","88","11","15","3"
"5026","RMDQ10_v1","D39","0.136363636363636","95","22","84","11","19","3"
"5027","RMDQ11_v1","D39","0.173913043478261","94","23","84","10","19","4"
"5028","RMDQ12_v1","D39","0.181818181818182","95","22","85","10","18","4"
"5029","RMDQ13_v1","D39","0.181818181818182","95","22","85","10","18","4"
"5030","RMDQ14_v1","D39","0.08","92","25","80","12","23","2"
"5031","RMDQ15_v1","D39","0.133333333333333","102","15","90","12","13","2"
"5032","RMDQ16_v1","D39","0.157894736842105","98","19","87","11","16","3"
"5033","RMDQ17_v1","D39","0.0909090909090909","95","22","83","12","20","2"
"5034","RMDQ18_v1","D39","0.1","97","20","85","12","18","2"
"5035","RMDQ19_v1","D39","0.1875","101","16","90","11","13","3"
"5036","RMDQ20_v1","D39","0.142857142857143","96","21","85","11","18","3"
"5037","RMDQ21_v1","D39","0.208333333333333","93","24","84","9","19","5"
"5038","RMDQ22_v1","D39","0.2","97","20","87","10","16","4"
"5039","RMDQ23_v1","D39","0.157894736842105","98","19","87","11","16","3"
"5040","RMDQ24_v1","D39","0.157894736842105","98","19","87","11","16","3"
"5041","DN4_1a_v1","D39","0.132075471698113","65","53","57","8","46","7"
"5042","DN4_1b_v1","D39","0.125","94","24","83","11","21","3"
"5043","DN4_1c_v1","D39","0.138888888888889","83","36","73","10","31","5"
"5044","DN4_2a_v1","D39","0.129032258064516","88","31","77","11","27","4"
"5045","DN4_2b_v1","D39","0.166666666666667","83","36","74","9","30","6"
"5046","DN4_2c_v1","D39","0.212121212121212","85","33","77","8","26","7"
"5047","DN4_2d_v1","D39","0.166666666666667","113","6","99","14","5","1"
"5048","DN4_3a_v1","D39","0","114","5","99","15","5","0"
"5049","DN4_3b_v1","D39","0","114","5","99","15","5","0"
"5050","DN4_4_v1","D39","0","115","4","100","15","4","0"
"5051","Fuma","D4","0.0869565217391304","82","46","82","0","42","4"
"5052","Cirurgia_coluna","D4","0.0363636363636364","63","55","62","1","53","2"
"5053","Aposentado","D4","0.032258064516129","101","31","98","3","30","1"
"5054","Desempregado","D4","0.12","105","25","104","1","22","3"
"5055","Licenca_Medica","D4","0.0555555555555556","114","18","111","3","17","1"
"5056","Aposentado_Invalidez","D4","0.125","123","8","120","3","7","1"
"5057","Analg.e9.sicos","D4","0.0454545454545455","42","88","42","0","84","4"
"5058","OutraDoenca","D4","0.06","80","50","79","1","47","3"
"5059","Dor_costas","D4","0.043956043956044","37","91","37","0","87","4"
"5060","Dor_pernas","D4","0.0363636363636364","72","55","70","2","53","2"
"5061","Retornar_trabalho","D4","0.05","99","20","96","3","19","1"
"5062","Masc","D4","0.0454545454545455","48","88","48","0","84","4"
"5063","Fem","D4","0","88","48","84","4","48","0"
"5064","Casado_Amasiado","D4","0","81","55","77","4","55","0"
"5065","Solteiro","D4","0.0508474576271186","77","59","76","1","56","3"
"5066","Separado_Divorciado","D4","0","129","7","125","4","7","0"
"5067","X4","D4","0.333333333333333","133","3","130","3","2","1"
"5068","X5","D4","0","134","2","130","4","2","0"
"5069","X6","D4","0","126","10","122","4","10","0"
"5070","Livrar_costas","D4","0.0232558139534884","14","86","14","0","84","2"
"5071","Livrar_perna","D4","0","86","14","84","2","14","0"
"5072","Livrar_perda_sens","D4","NaN","100","0","98","2","0","0"
"5073","D1","D4","0","135","1","131","4","1","0"
"5074","D15","D4","0.142857142857143","129","7","126","3","6","1"
"5075","D16","D4","0.05","116","20","113","3","19","1"
"5076","D17","D4","0","131","5","127","4","5","0"
"5077","D18","D4","0.125","120","16","118","2","14","2"
"5078","D19","D4","0.285714285714286","129","7","127","2","5","2"
"5079","D2","D4","0.375","128","8","127","1","5","3"
"5080","D20","D4","0","128","8","124","4","8","0"
"5081","D21","D4","0","129","7","125","4","7","0"
"5082","D22","D4","0","134","2","130","4","2","0"
"5083","D23","D4","0","134","2","130","4","2","0"
"5084","D24","D4","0.0384615384615385","110","26","107","3","25","1"
"5085","D25","D4","0","132","4","128","4","4","0"
"5086","D26","D4","0","134","2","130","4","2","0"
"5087","D27","D4","0","131","5","127","4","5","0"
"5088","D28","D4","0","130","6","126","4","6","0"
"5089","D29","D4","0","94","42","90","4","42","0"
"5090","D3","D4","1","134","2","132","2","0","2"
"5091","D30","D4","0.0161290322580645","74","62","71","3","61","1"
"5092","D31","D4","0","119","17","115","4","17","0"
"5093","D32","D4","0","99","37","95","4","37","0"
"5094","D33","D4","0","124","12","120","4","12","0"
"5095","D34","D4","0.333333333333333","133","3","130","3","2","1"
"5096","D35","D4","1","134","2","132","2","0","2"
"5097","D36","D4","0","128","8","124","4","8","0"
"5098","D37","D4","0.0454545454545455","114","22","111","3","21","1"
"5099","D38","D4","0","133","3","129","4","3","0"
"5100","D39","D4","0","121","15","117","4","15","0"
"5101","D4","D4","1","132","4","132","0","0","4"
"5102","D40","D4","0","131","5","127","4","5","0"
"5103","D41","D4","0","129","7","125","4","7","0"
"5104","D42","D4","0","133","3","129","4","3","0"
"5105","D43","D4","0","133","3","129","4","3","0"
"5106","D44","D4","0","98","38","94","4","38","0"
"5107","D45","D4","0","124","12","120","4","12","0"
"5108","D46","D4","0.0263157894736842","98","38","95","3","37","1"
"5109","D47","D4","0.0833333333333333","124","12","121","3","11","1"
"5110","D48","D4","0","110","26","106","4","26","0"
"5111","D49","D4","0","123","13","119","4","13","0"
"5112","D5","D4","0.333333333333333","133","3","130","3","2","1"
"5113","D50","D4","0","134","2","130","4","2","0"
"5114","D51","D4","1","135","1","132","3","0","1"
"5115","D52","D4","0","134","2","130","4","2","0"
"5116","D53","D4","0","134","2","130","4","2","0"
"5117","D9","D4","1","135","1","132","3","0","1"
"5118","RMDQ1_v1","D4","0.0465116279069767","73","43","72","1","41","2"
"5119","RMDQ2_v1","D4","0.0425531914893617","69","47","68","1","45","2"
"5120","RMDQ3_v1","D4","0.0555555555555556","82","36","81","1","34","2"
"5121","RMDQ4_v1","D4","0","92","26","89","3","26","0"
"5122","RMDQ5_v1","D4","0.0606060606060606","85","33","84","1","31","2"
"5123","RMDQ6_v1","D4","0.0689655172413793","89","29","88","1","27","2"
"5124","RMDQ7_v1","D4","0.1","97","20","96","1","18","2"
"5125","RMDQ8_v1","D4","0","113","4","110","3","4","0"
"5126","RMDQ9_v1","D4","0.111111111111111","99","18","98","1","16","2"
"5127","RMDQ10_v1","D4","0.0909090909090909","95","22","94","1","20","2"
"5128","RMDQ11_v1","D4","0.0869565217391304","94","23","93","1","21","2"
"5129","RMDQ12_v1","D4","0.0909090909090909","95","22","94","1","20","2"
"5130","RMDQ13_v1","D4","0.0909090909090909","95","22","94","1","20","2"
"5131","RMDQ14_v1","D4","0.08","92","25","91","1","23","2"
"5132","RMDQ15_v1","D4","0.133333333333333","102","15","101","1","13","2"
"5133","RMDQ16_v1","D4","0.105263157894737","98","19","97","1","17","2"
"5134","RMDQ17_v1","D4","0.0909090909090909","95","22","94","1","20","2"
"5135","RMDQ18_v1","D4","0.1","97","20","96","1","18","2"
"5136","RMDQ19_v1","D4","0.125","101","16","100","1","14","2"
"5137","RMDQ20_v1","D4","0.0952380952380952","96","21","95","1","19","2"
"5138","RMDQ21_v1","D4","0.0833333333333333","93","24","92","1","22","2"
"5139","RMDQ22_v1","D4","0.1","97","20","96","1","18","2"
"5140","RMDQ23_v1","D4","0.105263157894737","98","19","97","1","17","2"
"5141","RMDQ24_v1","D4","0.105263157894737","98","19","97","1","17","2"
"5142","DN4_1a_v1","D4","0.0566037735849057","65","53","65","0","50","3"
"5143","DN4_1b_v1","D4","0","94","24","91","3","24","0"
"5144","DN4_1c_v1","D4","0.0833333333333333","83","36","83","0","33","3"
"5145","DN4_2a_v1","D4","0.032258064516129","88","31","86","2","30","1"
"5146","DN4_2b_v1","D4","0.0833333333333333","83","36","83","0","33","3"
"5147","DN4_2c_v1","D4","0.0606060606060606","85","33","84","1","31","2"
"5148","DN4_2d_v1","D4","0.333333333333333","113","6","112","1","4","2"
"5149","DN4_3a_v1","D4","0.4","114","5","113","1","3","2"
"5150","DN4_3b_v1","D4","0.4","114","5","113","1","3","2"
"5151","DN4_4_v1","D4","0.5","115","4","114","1","2","2"
"5152","Fuma","D40","0.0869565217391304","82","46","82","0","42","4"
"5153","Cirurgia_coluna","D40","0.0727272727272727","63","55","63","0","51","4"
"5154","Aposentado","D40","0","101","31","97","4","31","0"
"5155","Desempregado","D40","0.04","105","25","102","3","24","1"
"5156","Licenca_Medica","D40","0.166666666666667","114","18","113","1","15","3"
"5157","Aposentado_Invalidez","D40","0","123","8","119","4","8","0"
"5158","Analg.e9.sicos","D40","0.0227272727272727","42","88","39","3","86","2"
"5159","OutraDoenca","D40","0.02","80","50","76","4","49","1"
"5160","Dor_costas","D40","0.021978021978022","37","91","34","3","89","2"
"5161","Dor_pernas","D40","0.0727272727272727","72","55","71","1","51","4"
"5162","Retornar_trabalho","D40","0","99","20","94","5","20","0"
"5163","Masc","D40","0.0340909090909091","48","88","46","2","85","3"
"5164","Fem","D40","0.0416666666666667","88","48","85","3","46","2"
"5165","Casado_Amasiado","D40","0.0181818181818182","81","55","77","4","54","1"
"5166","Solteiro","D40","0.0508474576271186","77","59","75","2","56","3"
"5167","Separado_Divorciado","D40","0","129","7","124","5","7","0"
"5168","X4","D40","0.333333333333333","133","3","129","4","2","1"
"5169","X5","D40","0","134","2","129","5","2","0"
"5170","X6","D40","0","126","10","121","5","10","0"
"5171","Livrar_costas","D40","0.0116279069767442","14","86","11","3","85","1"
"5172","Livrar_perna","D40","0.214285714285714","86","14","85","1","11","3"
"5173","Livrar_perda_sens","D40","NaN","100","0","96","4","0","0"
"5174","D1","D40","0","135","1","130","5","1","0"
"5175","D15","D40","0.571428571428571","129","7","128","1","3","4"
"5176","D16","D40","0","116","20","111","5","20","0"
"5177","D17","D40","0.4","131","5","128","3","3","2"
"5178","D18","D40","0.125","120","16","117","3","14","2"
"5179","D19","D40","0","129","7","124","5","7","0"
"5180","D2","D40","0","128","8","123","5","8","0"
"5181","D20","D40","0","128","8","123","5","8","0"
"5182","D21","D40","0","129","7","124","5","7","0"
"5183","D22","D40","0","134","2","129","5","2","0"
"5184","D23","D40","0","134","2","129","5","2","0"
"5185","D24","D40","0","110","26","105","5","26","0"
"5186","D25","D40","0","132","4","127","5","4","0"
"5187","D26","D40","0","134","2","129","5","2","0"
"5188","D27","D40","0","131","5","126","5","5","0"
"5189","D28","D40","0","130","6","125","5","6","0"
"5190","D29","D40","0.0476190476190476","94","42","91","3","40","2"
"5191","D3","D40","0","134","2","129","5","2","0"
"5192","D30","D40","0.0161290322580645","74","62","70","4","61","1"
"5193","D31","D40","0.176470588235294","119","17","117","2","14","3"
"5194","D32","D40","0","99","37","94","5","37","0"
"5195","D33","D40","0.166666666666667","124","12","121","3","10","2"
"5196","D34","D40","0","133","3","128","5","3","0"
"5197","D35","D40","0","134","2","129","5","2","0"
"5198","D36","D40","0.625","128","8","128","0","3","5"
"5199","D37","D40","0.136363636363636","114","22","112","2","19","3"
"5200","D38","D40","1","133","3","131","2","0","3"
"5201","D39","D40","0.0666666666666667","121","15","117","4","14","1"
"5202","D4","D40","0","132","4","127","5","4","0"
"5203","D40","D40","1","131","5","131","0","0","5"
"5204","D41","D40","0.428571428571429","129","7","127","2","4","3"
"5205","D42","D40","0","133","3","128","5","3","0"
"5206","D43","D40","0","133","3","128","5","3","0"
"5207","D44","D40","0.0263157894736842","98","38","94","4","37","1"
"5208","D45","D40","0.166666666666667","124","12","121","3","10","2"
"5209","D46","D40","0.0263157894736842","98","38","94","4","37","1"
"5210","D47","D40","0.25","124","12","122","2","9","3"
"5211","D48","D40","0","110","26","105","5","26","0"
"5212","D49","D40","0.153846153846154","123","13","120","3","11","2"
"5213","D5","D40","0","133","3","128","5","3","0"
"5214","D50","D40","0","134","2","129","5","2","0"
"5215","D51","D40","0","135","1","130","5","1","0"
"5216","D52","D40","0","134","2","129","5","2","0"
"5217","D53","D40","0","134","2","129","5","2","0"
"5218","D9","D40","0","135","1","130","5","1","0"
"5219","RMDQ1_v1","D40","0.0232558139534884","73","43","69","4","42","1"
"5220","RMDQ2_v1","D40","0.0212765957446809","69","47","65","4","46","1"
"5221","RMDQ3_v1","D40","0","82","36","77","5","36","0"
"5222","RMDQ4_v1","D40","0","92","26","87","5","26","0"
"5223","RMDQ5_v1","D40","0","85","33","80","5","33","0"
"5224","RMDQ6_v1","D40","0","89","29","84","5","29","0"
"5225","RMDQ7_v1","D40","0","97","20","92","5","20","0"
"5226","RMDQ8_v1","D40","0","113","4","108","5","4","0"
"5227","RMDQ9_v1","D40","0","99","18","94","5","18","0"
"5228","RMDQ10_v1","D40","0","95","22","90","5","22","0"
"5229","RMDQ11_v1","D40","0","94","23","89","5","23","0"
"5230","RMDQ12_v1","D40","0","95","22","90","5","22","0"
"5231","RMDQ13_v1","D40","0","95","22","90","5","22","0"
"5232","RMDQ14_v1","D40","0","92","25","87","5","25","0"
"5233","RMDQ15_v1","D40","0","102","15","97","5","15","0"
"5234","RMDQ16_v1","D40","0","98","19","93","5","19","0"
"5235","RMDQ17_v1","D40","0","95","22","90","5","22","0"
"5236","RMDQ18_v1","D40","0","97","20","92","5","20","0"
"5237","RMDQ19_v1","D40","0","101","16","96","5","16","0"
"5238","RMDQ20_v1","D40","0","96","21","91","5","21","0"
"5239","RMDQ21_v1","D40","0","93","24","88","5","24","0"
"5240","RMDQ22_v1","D40","0","97","20","92","5","20","0"
"5241","RMDQ23_v1","D40","0","98","19","93","5","19","0"
"5242","RMDQ24_v1","D40","0","98","19","93","5","19","0"
"5243","DN4_1a_v1","D40","0.0566037735849057","65","53","63","2","50","3"
"5244","DN4_1b_v1","D40","0","94","24","89","5","24","0"
"5245","DN4_1c_v1","D40","0.0833333333333333","83","36","81","2","33","3"
"5246","DN4_2a_v1","D40","0.0645161290322581","88","31","85","3","29","2"
"5247","DN4_2b_v1","D40","0.111111111111111","83","36","82","1","32","4"
"5248","DN4_2c_v1","D40","0.0606060606060606","85","33","82","3","31","2"
"5249","DN4_2d_v1","D40","0","113","6","108","5","6","0"
"5250","DN4_3a_v1","D40","0","114","5","109","5","5","0"
"5251","DN4_3b_v1","D40","0","114","5","109","5","5","0"
"5252","DN4_4_v1","D40","0","115","4","110","5","4","0"
"5253","Fuma","D41","0.0652173913043478","82","46","80","2","43","3"
"5254","Cirurgia_coluna","D41","0.0909090909090909","63","55","62","1","50","5"
"5255","Aposentado","D41","0.0645161290322581","101","31","96","5","29","2"
"5256","Desempregado","D41","0.04","105","25","99","6","24","1"
"5257","Licenca_Medica","D41","0.166666666666667","114","18","110","4","15","3"
"5258","Aposentado_Invalidez","D41","0.125","123","8","117","6","7","1"
"5259","Analg.e9.sicos","D41","0.0568181818181818","42","88","40","2","83","5"
"5260","OutraDoenca","D41","0.04","80","50","75","5","48","2"
"5261","Dor_costas","D41","0.0549450549450549","37","91","35","2","86","5"
"5262","Dor_pernas","D41","0.109090909090909","72","55","71","1","49","6"
"5263","Retornar_trabalho","D41","0.1","99","20","94","5","18","2"
"5264","Masc","D41","0.0795454545454545","48","88","48","0","81","7"
"5265","Fem","D41","0","88","48","81","7","48","0"
"5266","Casado_Amasiado","D41","0.0545454545454545","81","55","77","4","52","3"
"5267","Solteiro","D41","0.0508474576271186","77","59","73","4","56","3"
"5268","Separado_Divorciado","D41","0","129","7","122","7","7","0"
"5269","X4","D41","0","133","3","126","7","3","0"
"5270","X5","D41","0","134","2","127","7","2","0"
"5271","X6","D41","0.1","126","10","120","6","9","1"
"5272","Livrar_costas","D41","0.0581395348837209","14","86","13","1","81","5"
"5273","Livrar_perna","D41","0.0714285714285714","86","14","81","5","13","1"
"5274","Livrar_perda_sens","D41","NaN","100","0","94","6","0","0"
"5275","D1","D41","0","135","1","128","7","1","0"
"5276","D15","D41","0.428571428571429","129","7","125","4","4","3"
"5277","D16","D41","0.2","116","20","113","3","16","4"
"5278","D17","D41","0.4","131","5","126","5","3","2"
"5279","D18","D41","0.125","120","16","115","5","14","2"
"5280","D19","D41","0","129","7","122","7","7","0"
"5281","D2","D41","0","128","8","121","7","8","0"
"5282","D20","D41","0","128","8","121","7","8","0"
"5283","D21","D41","0","129","7","122","7","7","0"
"5284","D22","D41","0","134","2","127","7","2","0"
"5285","D23","D41","0","134","2","127","7","2","0"
"5286","D24","D41","0","110","26","103","7","26","0"
"5287","D25","D41","0","132","4","125","7","4","0"
"5288","D26","D41","0","134","2","127","7","2","0"
"5289","D27","D41","0","131","5","124","7","5","0"
"5290","D28","D41","0","130","6","123","7","6","0"
"5291","D29","D41","0.142857142857143","94","42","93","1","36","6"
"5292","D3","D41","0","134","2","127","7","2","0"
"5293","D30","D41","0.0645161290322581","74","62","71","3","58","4"
"5294","D31","D41","0.0588235294117647","119","17","113","6","16","1"
"5295","D32","D41","0.108108108108108","99","37","96","3","33","4"
"5296","D33","D41","0","124","12","117","7","12","0"
"5297","D34","D41","0","133","3","126","7","3","0"
"5298","D35","D41","0","134","2","127","7","2","0"
"5299","D36","D41","0.5","128","8","125","3","4","4"
"5300","D37","D41","0.318181818181818","114","22","114","0","15","7"
"5301","D38","D41","0.333333333333333","133","3","127","6","2","1"
"5302","D39","D41","0.266666666666667","121","15","118","3","11","4"
"5303","D4","D41","0","132","4","125","7","4","0"
"5304","D40","D41","0.6","131","5","127","4","2","3"
"5305","D41","D41","1","129","7","129","0","0","7"
"5306","D42","D41","0","133","3","126","7","3","0"
"5307","D43","D41","0","133","3","126","7","3","0"
"5308","D44","D41","0.105263157894737","98","38","95","3","34","4"
"5309","D45","D41","0.0833333333333333","124","12","118","6","11","1"
"5310","D46","D41","0.131578947368421","98","38","96","2","33","5"
"5311","D47","D41","0.0833333333333333","124","12","118","6","11","1"
"5312","D48","D41","0.153846153846154","110","26","107","3","22","4"
"5313","D49","D41","0","123","13","116","7","13","0"
"5314","D5","D41","0","133","3","126","7","3","0"
"5315","D50","D41","0","134","2","127","7","2","0"
"5316","D51","D41","0","135","1","128","7","1","0"
"5317","D52","D41","0","134","2","127","7","2","0"
"5318","D53","D41","0","134","2","127","7","2","0"
"5319","D9","D41","0","135","1","128","7","1","0"
"5320","RMDQ1_v1","D41","0.0697674418604651","73","43","69","4","40","3"
"5321","RMDQ2_v1","D41","0.0425531914893617","69","47","64","5","45","2"
"5322","RMDQ3_v1","D41","0.0277777777777778","82","36","76","6","35","1"
"5323","RMDQ4_v1","D41","0.0384615384615385","92","26","86","6","25","1"
"5324","RMDQ5_v1","D41","0.0606060606060606","85","33","80","5","31","2"
"5325","RMDQ6_v1","D41","0.0344827586206897","89","29","83","6","28","1"
"5326","RMDQ7_v1","D41","0.05","97","20","91","6","19","1"
"5327","RMDQ8_v1","D41","0","113","4","106","7","4","0"
"5328","RMDQ9_v1","D41","0.0555555555555556","99","18","93","6","17","1"
"5329","RMDQ10_v1","D41","0.0454545454545455","95","22","89","6","21","1"
"5330","RMDQ11_v1","D41","0.0434782608695652","94","23","88","6","22","1"
"5331","RMDQ12_v1","D41","0.0454545454545455","95","22","89","6","21","1"
"5332","RMDQ13_v1","D41","0.0454545454545455","95","22","89","6","21","1"
"5333","RMDQ14_v1","D41","0","92","25","85","7","25","0"
"5334","RMDQ15_v1","D41","0","102","15","95","7","15","0"
"5335","RMDQ16_v1","D41","0","98","19","91","7","19","0"
"5336","RMDQ17_v1","D41","0","95","22","88","7","22","0"
"5337","RMDQ18_v1","D41","0","97","20","90","7","20","0"
"5338","RMDQ19_v1","D41","0.0625","101","16","95","6","15","1"
"5339","RMDQ20_v1","D41","0.0476190476190476","96","21","90","6","20","1"
"5340","RMDQ21_v1","D41","0.0833333333333333","93","24","88","5","22","2"
"5341","RMDQ22_v1","D41","0.05","97","20","91","6","19","1"
"5342","RMDQ23_v1","D41","0.0526315789473684","98","19","92","6","18","1"
"5343","RMDQ24_v1","D41","0.0526315789473684","98","19","92","6","18","1"
"5344","DN4_1a_v1","D41","0.0566037735849057","65","53","61","4","50","3"
"5345","DN4_1b_v1","D41","0","94","24","87","7","24","0"
"5346","DN4_1c_v1","D41","0.0555555555555556","83","36","78","5","34","2"
"5347","DN4_2a_v1","D41","0.0645161290322581","88","31","83","5","29","2"
"5348","DN4_2b_v1","D41","0.138888888888889","83","36","81","2","31","5"
"5349","DN4_2c_v1","D41","0.0909090909090909","85","33","81","4","30","3"
"5350","DN4_2d_v1","D41","0.166666666666667","113","6","107","6","5","1"
"5351","DN4_3a_v1","D41","0","114","5","107","7","5","0"
"5352","DN4_3b_v1","D41","0","114","5","107","7","5","0"
"5353","DN4_4_v1","D41","0","115","4","108","7","4","0"
"5354","Fuma","D42","0.0217391304347826","82","46","80","2","45","1"
"5355","Cirurgia_coluna","D42","0","63","55","61","2","55","0"
"5356","Aposentado","D42","0.032258064516129","101","31","99","2","30","1"
"5357","Desempregado","D42","0.04","105","25","103","2","24","1"
"5358","Licenca_Medica","D42","0.0555555555555556","114","18","112","2","17","1"
"5359","Aposentado_Invalidez","D42","0","123","8","120","3","8","0"
"5360","Analg.e9.sicos","D42","0.0113636363636364","42","88","41","1","87","1"
"5361","OutraDoenca","D42","0","80","50","77","3","50","0"
"5362","Dor_costas","D42","0.032967032967033","37","91","37","0","88","3"
"5363","Dor_pernas","D42","0","72","55","69","3","55","0"
"5364","Retornar_trabalho","D42","0.05","99","20","97","2","19","1"
"5365","Masc","D42","0.0340909090909091","48","88","48","0","85","3"
"5366","Fem","D42","0","88","48","85","3","48","0"
"5367","Casado_Amasiado","D42","0.0363636363636364","81","55","80","1","53","2"
"5368","Solteiro","D42","0.0169491525423729","77","59","75","2","58","1"
"5369","Separado_Divorciado","D42","0","129","7","126","3","7","0"
"5370","X4","D42","0","133","3","130","3","3","0"
"5371","X5","D42","0","134","2","131","3","2","0"
"5372","X6","D42","0","126","10","123","3","10","0"
"5373","Livrar_costas","D42","0.0232558139534884","14","86","14","0","84","2"
"5374","Livrar_perna","D42","0","86","14","84","2","14","0"
"5375","Livrar_perda_sens","D42","NaN","100","0","98","2","0","0"
"5376","D1","D42","0","135","1","132","3","1","0"
"5377","D15","D42","0","129","7","126","3","7","0"
"5378","D16","D42","0","116","20","113","3","20","0"
"5379","D17","D42","0","131","5","128","3","5","0"
"5380","D18","D42","0.125","120","16","119","1","14","2"
"5381","D19","D42","0.285714285714286","129","7","128","1","5","2"
"5382","D2","D42","0","128","8","125","3","8","0"
"5383","D20","D42","0.25","128","8","127","1","6","2"
"5384","D21","D42","0.142857142857143","129","7","127","2","6","1"
"5385","D22","D42","1","134","2","133","1","0","2"
"5386","D23","D42","0","134","2","131","3","2","0"
"5387","D24","D42","0","110","26","107","3","26","0"
"5388","D25","D42","0","132","4","129","3","4","0"
"5389","D26","D42","0.5","134","2","132","2","1","1"
"5390","D27","D42","0","131","5","128","3","5","0"
"5391","D28","D42","0","130","6","127","3","6","0"
"5392","D29","D42","0","94","42","91","3","42","0"
"5393","D3","D42","0","134","2","131","3","2","0"
"5394","D30","D42","0.0161290322580645","74","62","72","2","61","1"
"5395","D31","D42","0","119","17","116","3","17","0"
"5396","D32","D42","0.027027027027027","99","37","97","2","36","1"
"5397","D33","D42","0","124","12","121","3","12","0"
"5398","D34","D42","0","133","3","130","3","3","0"
"5399","D35","D42","0","134","2","131","3","2","0"
"5400","D36","D42","0","128","8","125","3","8","0"
"5401","D37","D42","0","114","22","111","3","22","0"
"5402","D38","D42","0","133","3","130","3","3","0"
"5403","D39","D42","0","121","15","118","3","15","0"
"5404","D4","D42","0","132","4","129","3","4","0"
"5405","D40","D42","0","131","5","128","3","5","0"
"5406","D41","D42","0","129","7","126","3","7","0"
"5407","D42","D42","1","133","3","133","0","0","3"
"5408","D43","D42","0.333333333333333","133","3","131","2","2","1"
"5409","D44","D42","0.0263157894736842","98","38","96","2","37","1"
"5410","D45","D42","0","124","12","121","3","12","0"
"5411","D46","D42","0","98","38","95","3","38","0"
"5412","D47","D42","0","124","12","121","3","12","0"
"5413","D48","D42","0","110","26","107","3","26","0"
"5414","D49","D42","0","123","13","120","3","13","0"
"5415","D5","D42","0","133","3","130","3","3","0"
"5416","D50","D42","0","134","2","131","3","2","0"
"5417","D51","D42","0","135","1","132","3","1","0"
"5418","D52","D42","0.5","134","2","132","2","1","1"
"5419","D53","D42","0","134","2","131","3","2","0"
"5420","D9","D42","0","135","1","132","3","1","0"
"5421","RMDQ1_v1","D42","0.0232558139534884","73","43","72","1","42","1"
"5422","RMDQ2_v1","D42","0.0425531914893617","69","47","69","0","45","2"
"5423","RMDQ3_v1","D42","0.0277777777777778","82","36","81","1","35","1"
"5424","RMDQ4_v1","D42","0.0384615384615385","92","26","91","1","25","1"
"5425","RMDQ5_v1","D42","0.0303030303030303","85","33","84","1","32","1"
"5426","RMDQ6_v1","D42","0.0344827586206897","89","29","88","1","28","1"
"5427","RMDQ7_v1","D42","0.05","97","20","96","1","19","1"
"5428","RMDQ8_v1","D42","0","113","4","111","2","4","0"
"5429","RMDQ9_v1","D42","0","99","18","97","2","18","0"
"5430","RMDQ10_v1","D42","0.0454545454545455","95","22","94","1","21","1"
"5431","RMDQ11_v1","D42","0.0434782608695652","94","23","93","1","22","1"
"5432","RMDQ12_v1","D42","0.0909090909090909","95","22","95","0","20","2"
"5433","RMDQ13_v1","D42","0","95","22","93","2","22","0"
"5434","RMDQ14_v1","D42","0.08","92","25","92","0","23","2"
"5435","RMDQ15_v1","D42","0","102","15","100","2","15","0"
"5436","RMDQ16_v1","D42","0","98","19","96","2","19","0"
"5437","RMDQ17_v1","D42","0.0454545454545455","95","22","94","1","21","1"
"5438","RMDQ18_v1","D42","0.05","97","20","96","1","19","1"
"5439","RMDQ19_v1","D42","0","101","16","99","2","16","0"
"5440","RMDQ20_v1","D42","0.0476190476190476","96","21","95","1","20","1"
"5441","RMDQ21_v1","D42","0.0416666666666667","93","24","92","1","23","1"
"5442","RMDQ22_v1","D42","0.05","97","20","96","1","19","1"
"5443","RMDQ23_v1","D42","0.0526315789473684","98","19","97","1","18","1"
"5444","RMDQ24_v1","D42","0.0526315789473684","98","19","97","1","18","1"
"5445","DN4_1a_v1","D42","0","65","53","64","1","53","0"
"5446","DN4_1b_v1","D42","0","94","24","93","1","24","0"
"5447","DN4_1c_v1","D42","0","83","36","82","1","36","0"
"5448","DN4_2a_v1","D42","0","88","31","87","1","31","0"
"5449","DN4_2b_v1","D42","0","83","36","82","1","36","0"
"5450","DN4_2c_v1","D42","0","85","33","84","1","33","0"
"5451","DN4_2d_v1","D42","0","113","6","112","1","6","0"
"5452","DN4_3a_v1","D42","0","114","5","113","1","5","0"
"5453","DN4_3b_v1","D42","0","114","5","113","1","5","0"
"5454","DN4_4_v1","D42","0","115","4","114","1","4","0"
"5455","Fuma","D43","0.0434782608695652","82","46","81","1","44","2"
"5456","Cirurgia_coluna","D43","0.0181818181818182","63","55","62","1","54","1"
"5457","Aposentado","D43","0.032258064516129","101","31","99","2","30","1"
"5458","Desempregado","D43","0.04","105","25","103","2","24","1"
"5459","Licenca_Medica","D43","0.0555555555555556","114","18","112","2","17","1"
"5460","Aposentado_Invalidez","D43","0","123","8","120","3","8","0"
"5461","Analg.e9.sicos","D43","0.0340909090909091","42","88","42","0","85","3"
"5462","OutraDoenca","D43","0","80","50","77","3","50","0"
"5463","Dor_costas","D43","0.021978021978022","37","91","36","1","89","2"
"5464","Dor_pernas","D43","0","72","55","69","3","55","0"
"5465","Retornar_trabalho","D43","0.05","99","20","97","2","19","1"
"5466","Masc","D43","0.0113636363636364","48","88","46","2","87","1"
"5467","Fem","D43","0.0416666666666667","88","48","87","1","46","2"
"5468","Casado_Amasiado","D43","0.0545454545454545","81","55","81","0","52","3"
"5469","Solteiro","D43","0","77","59","74","3","59","0"
"5470","Separado_Divorciado","D43","0","129","7","126","3","7","0"
"5471","X4","D43","0","133","3","130","3","3","0"
"5472","X5","D43","0","134","2","131","3","2","0"
"5473","X6","D43","0","126","10","123","3","10","0"
"5474","Livrar_costas","D43","0.0232558139534884","14","86","14","0","84","2"
"5475","Livrar_perna","D43","0","86","14","84","2","14","0"
"5476","Livrar_perda_sens","D43","NaN","100","0","98","2","0","0"
"5477","D1","D43","0","135","1","132","3","1","0"
"5478","D15","D43","0","129","7","126","3","7","0"
"5479","D16","D43","0","116","20","113","3","20","0"
"5480","D17","D43","0","131","5","128","3","5","0"
"5481","D18","D43","0.125","120","16","119","1","14","2"
"5482","D19","D43","0.142857142857143","129","7","127","2","6","1"
"5483","D2","D43","0.125","128","8","126","2","7","1"
"5484","D20","D43","0.25","128","8","127","1","6","2"
"5485","D21","D43","0.285714285714286","129","7","128","1","5","2"
"5486","D22","D43","0.5","134","2","132","2","1","1"
"5487","D23","D43","0","134","2","131","3","2","0"
"5488","D24","D43","0","110","26","107","3","26","0"
"5489","D25","D43","0","132","4","129","3","4","0"
"5490","D26","D43","0.5","134","2","132","2","1","1"
"5491","D27","D43","0","131","5","128","3","5","0"
"5492","D28","D43","0.166666666666667","130","6","128","2","5","1"
"5493","D29","D43","0","94","42","91","3","42","0"
"5494","D3","D43","0","134","2","131","3","2","0"
"5495","D30","D43","0.0161290322580645","74","62","72","2","61","1"
"5496","D31","D43","0","119","17","116","3","17","0"
"5497","D32","D43","0","99","37","96","3","37","0"
"5498","D33","D43","0","124","12","121","3","12","0"
"5499","D34","D43","0.333333333333333","133","3","131","2","2","1"
"5500","D35","D43","0","134","2","131","3","2","0"
"5501","D36","D43","0","128","8","125","3","8","0"
"5502","D37","D43","0","114","22","111","3","22","0"
"5503","D38","D43","0","133","3","130","3","3","0"
"5504","D39","D43","0","121","15","118","3","15","0"
"5505","D4","D43","0","132","4","129","3","4","0"
"5506","D40","D43","0","131","5","128","3","5","0"
"5507","D41","D43","0","129","7","126","3","7","0"
"5508","D42","D43","0.333333333333333","133","3","131","2","2","1"
"5509","D43","D43","1","133","3","133","0","0","3"
"5510","D44","D43","0","98","38","95","3","38","0"
"5511","D45","D43","0","124","12","121","3","12","0"
"5512","D46","D43","0","98","38","95","3","38","0"
"5513","D47","D43","0","124","12","121","3","12","0"
"5514","D48","D43","0","110","26","107","3","26","0"
"5515","D49","D43","0","123","13","120","3","13","0"
"5516","D5","D43","0","133","3","130","3","3","0"
"5517","D50","D43","0.5","134","2","132","2","1","1"
"5518","D51","D43","0","135","1","132","3","1","0"
"5519","D52","D43","0.5","134","2","132","2","1","1"
"5520","D53","D43","1","134","2","133","1","0","2"
"5521","D9","D43","0","135","1","132","3","1","0"
"5522","RMDQ1_v1","D43","0.0232558139534884","73","43","72","1","42","1"
"5523","RMDQ2_v1","D43","0.0425531914893617","69","47","69","0","45","2"
"5524","RMDQ3_v1","D43","0.0277777777777778","82","36","81","1","35","1"
"5525","RMDQ4_v1","D43","0.0769230769230769","92","26","92","0","24","2"
"5526","RMDQ5_v1","D43","0.0303030303030303","85","33","84","1","32","1"
"5527","RMDQ6_v1","D43","0.0689655172413793","89","29","89","0","27","2"
"5528","RMDQ7_v1","D43","0.05","97","20","96","1","19","1"
"5529","RMDQ8_v1","D43","0","113","4","111","2","4","0"
"5530","RMDQ9_v1","D43","0.0555555555555556","99","18","98","1","17","1"
"5531","RMDQ10_v1","D43","0.0909090909090909","95","22","95","0","20","2"
"5532","RMDQ11_v1","D43","0.0869565217391304","94","23","94","0","21","2"
"5533","RMDQ12_v1","D43","0.0909090909090909","95","22","95","0","20","2"
"5534","RMDQ13_v1","D43","0.0454545454545455","95","22","94","1","21","1"
"5535","RMDQ14_v1","D43","0.08","92","25","92","0","23","2"
"5536","RMDQ15_v1","D43","0","102","15","100","2","15","0"
"5537","RMDQ16_v1","D43","0.0526315789473684","98","19","97","1","18","1"
"5538","RMDQ17_v1","D43","0.0454545454545455","95","22","94","1","21","1"
"5539","RMDQ18_v1","D43","0.05","97","20","96","1","19","1"
"5540","RMDQ19_v1","D43","0","101","16","99","2","16","0"
"5541","RMDQ20_v1","D43","0.0952380952380952","96","21","96","0","19","2"
"5542","RMDQ21_v1","D43","0.0833333333333333","93","24","93","0","22","2"
"5543","RMDQ22_v1","D43","0.05","97","20","96","1","19","1"
"5544","RMDQ23_v1","D43","0.0526315789473684","98","19","97","1","18","1"
"5545","RMDQ24_v1","D43","0.105263157894737","98","19","98","0","17","2"
"5546","DN4_1a_v1","D43","0.0188679245283019","65","53","65","0","52","1"
"5547","DN4_1b_v1","D43","0.0416666666666667","94","24","94","0","23","1"
"5548","DN4_1c_v1","D43","0.0277777777777778","83","36","83","0","35","1"
"5549","DN4_2a_v1","D43","0.032258064516129","88","31","88","0","30","1"
"5550","DN4_2b_v1","D43","0.0277777777777778","83","36","83","0","35","1"
"5551","DN4_2c_v1","D43","0.0303030303030303","85","33","85","0","32","1"
"5552","DN4_2d_v1","D43","0","113","6","112","1","6","0"
"5553","DN4_3a_v1","D43","0.2","114","5","114","0","4","1"
"5554","DN4_3b_v1","D43","0.2","114","5","114","0","4","1"
"5555","DN4_4_v1","D43","0.25","115","4","115","0","3","1"
"5556","Fuma","D44","0.239130434782609","82","46","56","26","35","11"
"5557","Cirurgia_coluna","D44","0.327272727272727","63","55","46","17","37","18"
"5558","Aposentado","D44","0.387096774193548","101","31","75","26","19","12"
"5559","Desempregado","D44","0.12","105","25","70","35","22","3"
"5560","Licenca_Medica","D44","0.333333333333333","114","18","82","32","12","6"
"5561","Aposentado_Invalidez","D44","0.5","123","8","90","33","4","4"
"5562","Analg.e9.sicos","D44","0.375","42","88","37","5","55","33"
"5563","OutraDoenca","D44","0.28","80","50","57","23","36","14"
"5564","Dor_costas","D44","0.362637362637363","37","91","33","4","58","33"
"5565","Dor_pernas","D44","0.563636363636364","72","55","66","6","24","31"
"5566","Retornar_trabalho","D44","0.35","99","20","72","27","13","7"
"5567","Masc","D44","0.329545454545455","48","88","39","9","59","29"
"5568","Fem","D44","0.1875","88","48","59","29","39","9"
"5569","Casado_Amasiado","D44","0.345454545454545","81","55","62","19","36","19"
"5570","Solteiro","D44","0.203389830508475","77","59","51","26","47","12"
"5571","Separado_Divorciado","D44","0.285714285714286","129","7","93","36","5","2"
"5572","X4","D44","0","133","3","95","38","3","0"
"5573","X5","D44","0","134","2","96","38","2","0"
"5574","X6","D44","0.5","126","10","93","33","5","5"
"5575","Livrar_costas","D44","0.325581395348837","14","86","6","8","58","28"
"5576","Livrar_perna","D44","0.571428571428571","86","14","58","28","6","8"
"5577","Livrar_perda_sens","D44","NaN","100","0","64","36","0","0"
"5578","D1","D44","0","135","1","97","38","1","0"
"5579","D15","D44","0.285714285714286","129","7","93","36","5","2"
"5580","D16","D44","0.8","116","20","94","22","4","16"
"5581","D17","D44","0","131","5","93","38","5","0"
"5582","D18","D44","0","120","16","82","38","16","0"
"5583","D19","D44","0","129","7","91","38","7","0"
"5584","D2","D44","0.125","128","8","91","37","7","1"
"5585","D20","D44","0","128","8","90","38","8","0"
"5586","D21","D44","0","129","7","91","38","7","0"
"5587","D22","D44","0","134","2","96","38","2","0"
"5588","D23","D44","0.5","134","2","97","37","1","1"
"5589","D24","D44","0.115384615384615","110","26","75","35","23","3"
"5590","D25","D44","0","132","4","94","38","4","0"
"5591","D26","D44","0","134","2","96","38","2","0"
"5592","D27","D44","0.4","131","5","95","36","3","2"
"5593","D28","D44","0","130","6","92","38","6","0"
"5594","D29","D44","0.738095238095238","94","42","87","7","11","31"
"5595","D3","D44","0","134","2","96","38","2","0"
"5596","D30","D44","0.532258064516129","74","62","69","5","29","33"
"5597","D31","D44","0.235294117647059","119","17","85","34","13","4"
"5598","D32","D44","0.864864864864865","99","37","93","6","5","32"
"5599","D33","D44","0.25","124","12","89","35","9","3"
"5600","D34","D44","0","133","3","95","38","3","0"
"5601","D35","D44","0","134","2","96","38","2","0"
"5602","D36","D44","0.375","128","8","93","35","5","3"
"5603","D37","D44","0.727272727272727","114","22","92","22","6","16"
"5604","D38","D44","0.333333333333333","133","3","96","37","2","1"
"5605","D39","D44","0.866666666666667","121","15","96","25","2","13"
"5606","D4","D44","0","132","4","94","38","4","0"
"5607","D40","D44","0.2","131","5","94","37","4","1"
"5608","D41","D44","0.571428571428571","129","7","95","34","3","4"
"5609","D42","D44","0.333333333333333","133","3","96","37","2","1"
"5610","D43","D44","0","133","3","95","38","3","0"
"5611","D44","D44","1","98","38","98","0","0","38"
"5612","D45","D44","0.583333333333333","124","12","93","31","5","7"
"5613","D46","D44","0.894736842105263","98","38","94","4","4","34"
"5614","D47","D44","0.5","124","12","92","32","6","6"
"5615","D48","D44","0.846153846153846","110","26","94","16","4","22"
"5616","D49","D44","0.461538461538462","123","13","91","32","7","6"
"5617","D5","D44","0.333333333333333","133","3","96","37","2","1"
"5618","D50","D44","0","134","2","96","38","2","0"
"5619","D51","D44","0","135","1","97","38","1","0"
"5620","D52","D44","0.5","134","2","97","37","1","1"
"5621","D53","D44","0","134","2","96","38","2","0"
"5622","D9","D44","0","135","1","97","38","1","0"
"5623","RMDQ1_v1","D44","0.348837209302326","73","43","51","22","28","15"
"5624","RMDQ2_v1","D44","0.319148936170213","69","47","47","22","32","15"
"5625","RMDQ3_v1","D44","0.388888888888889","82","36","59","23","22","14"
"5626","RMDQ4_v1","D44","0.269230769230769","92","26","62","30","19","7"
"5627","RMDQ5_v1","D44","0.424242424242424","85","33","62","23","19","14"
"5628","RMDQ6_v1","D44","0.379310344827586","89","29","63","26","18","11"
"5629","RMDQ7_v1","D44","0.4","97","20","68","29","12","8"
"5630","RMDQ8_v1","D44","0.25","113","4","77","36","3","1"
"5631","RMDQ9_v1","D44","0.333333333333333","99","18","68","31","12","6"
"5632","RMDQ10_v1","D44","0.272727272727273","95","22","64","31","16","6"
"5633","RMDQ11_v1","D44","0.304347826086957","94","23","64","30","16","7"
"5634","RMDQ12_v1","D44","0.363636363636364","95","22","66","29","14","8"
"5635","RMDQ13_v1","D44","0.363636363636364","95","22","66","29","14","8"
"5636","RMDQ14_v1","D44","0.32","92","25","63","29","17","8"
"5637","RMDQ15_v1","D44","0.4","102","15","71","31","9","6"
"5638","RMDQ16_v1","D44","0.368421052631579","98","19","68","30","12","7"
"5639","RMDQ17_v1","D44","0.272727272727273","95","22","64","31","16","6"
"5640","RMDQ18_v1","D44","0.3","97","20","66","31","14","6"
"5641","RMDQ19_v1","D44","0.4375","101","16","71","30","9","7"
"5642","RMDQ20_v1","D44","0.285714285714286","96","21","65","31","15","6"
"5643","RMDQ21_v1","D44","0.333333333333333","93","24","64","29","16","8"
"5644","RMDQ22_v1","D44","0.35","97","20","67","30","13","7"
"5645","RMDQ23_v1","D44","0.315789473684211","98","19","67","31","13","6"
"5646","RMDQ24_v1","D44","0.315789473684211","98","19","67","31","13","6"
"5647","DN4_1a_v1","D44","0.415094339622642","65","53","50","15","31","22"
"5648","DN4_1b_v1","D44","0.333333333333333","94","24","65","29","16","8"
"5649","DN4_1c_v1","D44","0.388888888888889","83","36","59","24","22","14"
"5650","DN4_2a_v1","D44","0.451612903225806","88","31","64","24","17","14"
"5651","DN4_2b_v1","D44","0.305555555555556","83","36","56","27","25","11"
"5652","DN4_2c_v1","D44","0.393939393939394","85","33","61","24","20","13"
"5653","DN4_2d_v1","D44","0.166666666666667","113","6","76","37","5","1"
"5654","DN4_3a_v1","D44","0","114","5","76","38","5","0"
"5655","DN4_3b_v1","D44","0","114","5","76","38","5","0"
"5656","DN4_4_v1","D44","0","115","4","77","38","4","0"
"5657","Fuma","D45","0.130434782608696","82","46","77","5","40","6"
"5658","Cirurgia_coluna","D45","0.127272727272727","63","55","60","3","48","7"
"5659","Aposentado","D45","0.0645161290322581","101","31","92","9","29","2"
"5660","Desempregado","D45","0.04","105","25","95","10","24","1"
"5661","Licenca_Medica","D45","0.0555555555555556","114","18","104","10","17","1"
"5662","Aposentado_Invalidez","D45","0.125","123","8","114","9","7","1"
"5663","Analg.e9.sicos","D45","0.102272727272727","42","88","39","3","79","9"
"5664","OutraDoenca","D45","0.1","80","50","73","7","45","5"
"5665","Dor_costas","D45","0.0989010989010989","37","91","34","3","82","9"
"5666","Dor_pernas","D45","0.218181818181818","72","55","72","0","43","12"
"5667","Retornar_trabalho","D45","0.1","99","20","91","8","18","2"
"5668","Masc","D45","0.0909090909090909","48","88","44","4","80","8"
"5669","Fem","D45","0.0833333333333333","88","48","80","8","44","4"
"5670","Casado_Amasiado","D45","0.0363636363636364","81","55","71","10","53","2"
"5671","Solteiro","D45","0.152542372881356","77","59","74","3","50","9"
"5672","Separado_Divorciado","D45","0","129","7","117","12","7","0"
"5673","X4","D45","0","133","3","121","12","3","0"
"5674","X5","D45","0","134","2","122","12","2","0"
"5675","X6","D45","0.1","126","10","115","11","9","1"
"5676","Livrar_costas","D45","0.0930232558139535","14","86","10","4","78","8"
"5677","Livrar_perna","D45","0.285714285714286","86","14","78","8","10","4"
"5678","Livrar_perda_sens","D45","NaN","100","0","88","12","0","0"
"5679","D1","D45","0","135","1","123","12","1","0"
"5680","D15","D45","0.285714285714286","129","7","119","10","5","2"
"5681","D16","D45","0.1","116","20","106","10","18","2"
"5682","D17","D45","0","131","5","119","12","5","0"
"5683","D18","D45","0","120","16","108","12","16","0"
"5684","D19","D45","0","129","7","117","12","7","0"
"5685","D2","D45","0.125","128","8","117","11","7","1"
"5686","D20","D45","0","128","8","116","12","8","0"
"5687","D21","D45","0","129","7","117","12","7","0"
"5688","D22","D45","0","134","2","122","12","2","0"
"5689","D23","D45","0.5","134","2","123","11","1","1"
"5690","D24","D45","0.0384615384615385","110","26","99","11","25","1"
"5691","D25","D45","0","132","4","120","12","4","0"
"5692","D26","D45","0","134","2","122","12","2","0"
"5693","D27","D45","0","131","5","119","12","5","0"
"5694","D28","D45","0","130","6","118","12","6","0"
"5695","D29","D45","0.0714285714285714","94","42","85","9","39","3"
"5696","D3","D45","0","134","2","122","12","2","0"
"5697","D30","D45","0.161290322580645","74","62","72","2","52","10"
"5698","D31","D45","0.411764705882353","119","17","114","5","10","7"
"5699","D32","D45","0.0810810810810811","99","37","90","9","34","3"
"5700","D33","D45","0.666666666666667","124","12","120","4","4","8"
"5701","D34","D45","0","133","3","121","12","3","0"
"5702","D35","D45","0","134","2","122","12","2","0"
"5703","D36","D45","0.25","128","8","118","10","6","2"
"5704","D37","D45","0.0454545454545455","114","22","103","11","21","1"
"5705","D38","D45","0.666666666666667","133","3","123","10","1","2"
"5706","D39","D45","0.0666666666666667","121","15","110","11","14","1"
"5707","D4","D45","0","132","4","120","12","4","0"
"5708","D40","D45","0.4","131","5","121","10","3","2"
"5709","D41","D45","0.142857142857143","129","7","118","11","6","1"
"5710","D42","D45","0","133","3","121","12","3","0"
"5711","D43","D45","0","133","3","121","12","3","0"
"5712","D44","D45","0.184210526315789","98","38","93","5","31","7"
"5713","D45","D45","1","124","12","124","0","0","12"
"5714","D46","D45","0.184210526315789","98","38","93","5","31","7"
"5715","D47","D45","0.833333333333333","124","12","122","2","2","10"
"5716","D48","D45","0.115384615384615","110","26","101","9","23","3"
"5717","D49","D45","0.615384615384615","123","13","119","4","5","8"
"5718","D5","D45","0.333333333333333","133","3","122","11","2","1"
"5719","D50","D45","0","134","2","122","12","2","0"
"5720","D51","D45","0","135","1","123","12","1","0"
"5721","D52","D45","0","134","2","122","12","2","0"
"5722","D53","D45","0","134","2","122","12","2","0"
"5723","D9","D45","0","135","1","123","12","1","0"
"5724","RMDQ1_v1","D45","0.13953488372093","73","43","67","6","37","6"
"5725","RMDQ2_v1","D45","0.127659574468085","69","47","63","6","41","6"
"5726","RMDQ3_v1","D45","0.0555555555555556","82","36","72","10","34","2"
"5727","RMDQ4_v1","D45","0","92","26","80","12","26","0"
"5728","RMDQ5_v1","D45","0.0606060606060606","85","33","75","10","31","2"
"5729","RMDQ6_v1","D45","0.0344827586206897","89","29","78","11","28","1"
"5730","RMDQ7_v1","D45","0.1","97","20","87","10","18","2"
"5731","RMDQ8_v1","D45","0.25","113","4","102","11","3","1"
"5732","RMDQ9_v1","D45","0.0555555555555556","99","18","88","11","17","1"
"5733","RMDQ10_v1","D45","0.0454545454545455","95","22","84","11","21","1"
"5734","RMDQ11_v1","D45","0.0434782608695652","94","23","83","11","22","1"
"5735","RMDQ12_v1","D45","0.0454545454545455","95","22","84","11","21","1"
"5736","RMDQ13_v1","D45","0.0454545454545455","95","22","84","11","21","1"
"5737","RMDQ14_v1","D45","0.04","92","25","81","11","24","1"
"5738","RMDQ15_v1","D45","0.0666666666666667","102","15","91","11","14","1"
"5739","RMDQ16_v1","D45","0.0526315789473684","98","19","87","11","18","1"
"5740","RMDQ17_v1","D45","0.0454545454545455","95","22","84","11","21","1"
"5741","RMDQ18_v1","D45","0.05","97","20","86","11","19","1"
"5742","RMDQ19_v1","D45","0.0625","101","16","90","11","15","1"
"5743","RMDQ20_v1","D45","0.0476190476190476","96","21","85","11","20","1"
"5744","RMDQ21_v1","D45","0.0416666666666667","93","24","82","11","23","1"
"5745","RMDQ22_v1","D45","0.05","97","20","86","11","19","1"
"5746","RMDQ23_v1","D45","0.0526315789473684","98","19","87","11","18","1"
"5747","RMDQ24_v1","D45","0.0526315789473684","98","19","87","11","18","1"
"5748","DN4_1a_v1","D45","0.188679245283019","65","53","63","2","43","10"
"5749","DN4_1b_v1","D45","0.0416666666666667","94","24","83","11","23","1"
"5750","DN4_1c_v1","D45","0.194444444444444","83","36","78","5","29","7"
"5751","DN4_2a_v1","D45","0.258064516129032","88","31","84","4","23","8"
"5752","DN4_2b_v1","D45","0.222222222222222","83","36","79","4","28","8"
"5753","DN4_2c_v1","D45","0.151515151515152","85","33","78","7","28","5"
"5754","DN4_2d_v1","D45","0","113","6","101","12","6","0"
"5755","DN4_3a_v1","D45","0","114","5","102","12","5","0"
"5756","DN4_3b_v1","D45","0","114","5","102","12","5","0"
"5757","DN4_4_v1","D45","0","115","4","103","12","4","0"
"5758","Fuma","D46","0.239130434782609","82","46","56","26","35","11"
"5759","Cirurgia_coluna","D46","0.309090909090909","63","55","46","17","38","17"
"5760","Aposentado","D46","0.354838709677419","101","31","74","27","20","11"
"5761","Desempregado","D46","0.16","105","25","71","34","21","4"
"5762","Licenca_Medica","D46","0.222222222222222","114","18","80","34","14","4"
"5763","Aposentado_Invalidez","D46","0.625","123","8","90","33","3","5"
"5764","Analg.e9.sicos","D46","0.375","42","88","37","5","55","33"
"5765","OutraDoenca","D46","0.34","80","50","60","20","33","17"
"5766","Dor_costas","D46","0.340659340659341","37","91","31","6","60","31"
"5767","Dor_pernas","D46","0.581818181818182","72","55","67","5","23","32"
"5768","Retornar_trabalho","D46","0.45","99","20","73","26","11","9"
"5769","Masc","D46","0.318181818181818","48","88","38","10","60","28"
"5770","Fem","D46","0.208333333333333","88","48","60","28","38","10"
"5771","Casado_Amasiado","D46","0.345454545454545","81","55","62","19","36","19"
"5772","Solteiro","D46","0.186440677966102","77","59","50","27","48","11"
"5773","Separado_Divorciado","D46","0.285714285714286","129","7","93","36","5","2"
"5774","X4","D46","0","133","3","95","38","3","0"
"5775","X5","D46","0","134","2","96","38","2","0"
"5776","X6","D46","0.6","126","10","94","32","4","6"
"5777","Livrar_costas","D46","0.313953488372093","14","86","5","9","59","27"
"5778","Livrar_perna","D46","0.642857142857143","86","14","59","27","5","9"
"5779","Livrar_perda_sens","D46","NaN","100","0","64","36","0","0"
"5780","D1","D46","0","135","1","97","38","1","0"
"5781","D15","D46","0.285714285714286","129","7","93","36","5","2"
"5782","D16","D46","0.8","116","20","94","22","4","16"
"5783","D17","D46","0.2","131","5","94","37","4","1"
"5784","D18","D46","0.125","120","16","84","36","14","2"
"5785","D19","D46","0.285714285714286","129","7","93","36","5","2"
"5786","D2","D46","0.25","128","8","92","36","6","2"
"5787","D20","D46","0","128","8","90","38","8","0"
"5788","D21","D46","0.142857142857143","129","7","92","37","6","1"
"5789","D22","D46","0","134","2","96","38","2","0"
"5790","D23","D46","0.5","134","2","97","37","1","1"
"5791","D24","D46","0.192307692307692","110","26","77","33","21","5"
"5792","D25","D46","0","132","4","94","38","4","0"
"5793","D26","D46","0","134","2","96","38","2","0"
"5794","D27","D46","0.2","131","5","94","37","4","1"
"5795","D28","D46","0","130","6","92","38","6","0"
"5796","D29","D46","0.714285714285714","94","42","86","8","12","30"
"5797","D3","D46","0.5","134","2","97","37","1","1"
"5798","D30","D46","0.532258064516129","74","62","69","5","29","33"
"5799","D31","D46","0.235294117647059","119","17","85","34","13","4"
"5800","D32","D46","0.810810810810811","99","37","91","8","7","30"
"5801","D33","D46","0.25","124","12","89","35","9","3"
"5802","D34","D46","0","133","3","95","38","3","0"
"5803","D35","D46","0","134","2","96","38","2","0"
"5804","D36","D46","0.375","128","8","93","35","5","3"
"5805","D37","D46","0.772727272727273","114","22","93","21","5","17"
"5806","D38","D46","0.333333333333333","133","3","96","37","2","1"
"5807","D39","D46","1","121","15","98","23","0","15"
"5808","D4","D46","0.25","132","4","95","37","3","1"
"5809","D40","D46","0.2","131","5","94","37","4","1"
"5810","D41","D46","0.714285714285714","129","7","96","33","2","5"
"5811","D42","D46","0","133","3","95","38","3","0"
"5812","D43","D46","0","133","3","95","38","3","0"
"5813","D44","D46","0.894736842105263","98","38","94","4","4","34"
"5814","D45","D46","0.583333333333333","124","12","93","31","5","7"
"5815","D46","D46","1","98","38","98","0","0","38"
"5816","D47","D46","0.666666666666667","124","12","94","30","4","8"
"5817","D48","D46","0.923076923076923","110","26","96","14","2","24"
"5818","D49","D46","0.538461538461538","123","13","92","31","6","7"
"5819","D5","D46","0.333333333333333","133","3","96","37","2","1"
"5820","D50","D46","0","134","2","96","38","2","0"
"5821","D51","D46","0","135","1","97","38","1","0"
"5822","D52","D46","0","134","2","96","38","2","0"
"5823","D53","D46","0","134","2","96","38","2","0"
"5824","D9","D46","0","135","1","97","38","1","0"
"5825","RMDQ1_v1","D46","0.348837209302326","73","43","51","22","28","15"
"5826","RMDQ2_v1","D46","0.340425531914894","69","47","48","21","31","16"
"5827","RMDQ3_v1","D46","0.416666666666667","82","36","60","22","21","15"
"5828","RMDQ4_v1","D46","0.269230769230769","92","26","62","30","19","7"
"5829","RMDQ5_v1","D46","0.484848484848485","85","33","64","21","17","16"
"5830","RMDQ6_v1","D46","0.413793103448276","89","29","64","25","17","12"
"5831","RMDQ7_v1","D46","0.45","97","20","69","28","11","9"
"5832","RMDQ8_v1","D46","0.25","113","4","77","36","3","1"
"5833","RMDQ9_v1","D46","0.388888888888889","99","18","69","30","11","7"
"5834","RMDQ10_v1","D46","0.318181818181818","95","22","65","30","15","7"
"5835","RMDQ11_v1","D46","0.347826086956522","94","23","65","29","15","8"
"5836","RMDQ12_v1","D46","0.363636363636364","95","22","66","29","14","8"
"5837","RMDQ13_v1","D46","0.409090909090909","95","22","67","28","13","9"
"5838","RMDQ14_v1","D46","0.28","92","25","62","30","18","7"
"5839","RMDQ15_v1","D46","0.4","102","15","71","31","9","6"
"5840","RMDQ16_v1","D46","0.368421052631579","98","19","68","30","12","7"
"5841","RMDQ17_v1","D46","0.272727272727273","95","22","64","31","16","6"
"5842","RMDQ18_v1","D46","0.3","97","20","66","31","14","6"
"5843","RMDQ19_v1","D46","0.5","101","16","72","29","8","8"
"5844","RMDQ20_v1","D46","0.333333333333333","96","21","66","30","14","7"
"5845","RMDQ21_v1","D46","0.375","93","24","65","28","15","9"
"5846","RMDQ22_v1","D46","0.4","97","20","68","29","12","8"
"5847","RMDQ23_v1","D46","0.368421052631579","98","19","68","30","12","7"
"5848","RMDQ24_v1","D46","0.368421052631579","98","19","68","30","12","7"
"5849","DN4_1a_v1","D46","0.433962264150943","65","53","51","14","30","23"
"5850","DN4_1b_v1","D46","0.333333333333333","94","24","65","29","16","8"
"5851","DN4_1c_v1","D46","0.416666666666667","83","36","60","23","21","15"
"5852","DN4_2a_v1","D46","0.451612903225806","88","31","64","24","17","14"
"5853","DN4_2b_v1","D46","0.361111111111111","83","36","58","25","23","13"
"5854","DN4_2c_v1","D46","0.424242424242424","85","33","62","23","19","14"
"5855","DN4_2d_v1","D46","0.333333333333333","113","6","77","36","4","2"
"5856","DN4_3a_v1","D46","0.2","114","5","77","37","4","1"
"5857","DN4_3b_v1","D46","0.2","114","5","77","37","4","1"
"5858","DN4_4_v1","D46","0.25","115","4","78","37","3","1"
"5859","Fuma","D47","0.152173913043478","82","46","77","5","39","7"
"5860","Cirurgia_coluna","D47","0.109090909090909","63","55","60","3","49","6"
"5861","Aposentado","D47","0.032258064516129","101","31","91","10","30","1"
"5862","Desempregado","D47","0.08","105","25","96","9","23","2"
"5863","Licenca_Medica","D47","0.0555555555555556","114","18","104","10","17","1"
"5864","Aposentado_Invalidez","D47","0.25","123","8","114","9","6","2"
"5865","Analg.e9.sicos","D47","0.0909090909090909","42","88","38","4","80","8"
"5866","OutraDoenca","D47","0.1","80","50","73","7","45","5"
"5867","Dor_costas","D47","0.0879120879120879","37","91","33","4","83","8"
"5868","Dor_pernas","D47","0.218181818181818","72","55","72","0","43","12"
"5869","Retornar_trabalho","D47","0.15","99","20","91","8","17","3"
"5870","Masc","D47","0.0909090909090909","48","88","44","4","80","8"
"5871","Fem","D47","0.0833333333333333","88","48","80","8","44","4"
"5872","Casado_Amasiado","D47","0.0363636363636364","81","55","71","10","53","2"
"5873","Solteiro","D47","0.135593220338983","77","59","73","4","51","8"
"5874","Separado_Divorciado","D47","0","129","7","117","12","7","0"
"5875","X4","D47","0.333333333333333","133","3","122","11","2","1"
"5876","X5","D47","0","134","2","122","12","2","0"
"5877","X6","D47","0.1","126","10","115","11","9","1"
"5878","Livrar_costas","D47","0.0813953488372093","14","86","9","5","79","7"
"5879","Livrar_perna","D47","0.357142857142857","86","14","79","7","9","5"
"5880","Livrar_perda_sens","D47","NaN","100","0","88","12","0","0"
"5881","D1","D47","0","135","1","123","12","1","0"
"5882","D15","D47","0.428571428571429","129","7","120","9","4","3"
"5883","D16","D47","0.05","116","20","105","11","19","1"
"5884","D17","D47","0","131","5","119","12","5","0"
"5885","D18","D47","0.0625","120","16","109","11","15","1"
"5886","D19","D47","0.142857142857143","129","7","118","11","6","1"
"5887","D2","D47","0.25","128","8","118","10","6","2"
"5888","D20","D47","0","128","8","116","12","8","0"
"5889","D21","D47","0","129","7","117","12","7","0"
"5890","D22","D47","0","134","2","122","12","2","0"
"5891","D23","D47","0.5","134","2","123","11","1","1"
"5892","D24","D47","0.0769230769230769","110","26","100","10","24","2"
"5893","D25","D47","0","132","4","120","12","4","0"
"5894","D26","D47","0","134","2","122","12","2","0"
"5895","D27","D47","0","131","5","119","12","5","0"
"5896","D28","D47","0","130","6","118","12","6","0"
"5897","D29","D47","0.0714285714285714","94","42","85","9","39","3"
"5898","D3","D47","0.5","134","2","123","11","1","1"
"5899","D30","D47","0.145161290322581","74","62","71","3","53","9"
"5900","D31","D47","0.470588235294118","119","17","115","4","9","8"
"5901","D32","D47","0.0540540540540541","99","37","89","10","35","2"
"5902","D33","D47","0.583333333333333","124","12","119","5","5","7"
"5903","D34","D47","0","133","3","121","12","3","0"
"5904","D35","D47","0","134","2","122","12","2","0"
"5905","D36","D47","0.375","128","8","119","9","5","3"
"5906","D37","D47","0.0454545454545455","114","22","103","11","21","1"
"5907","D38","D47","1","133","3","124","9","0","3"
"5908","D39","D47","0.0666666666666667","121","15","110","11","14","1"
"5909","D4","D47","0.25","132","4","121","11","3","1"
"5910","D40","D47","0.6","131","5","122","9","2","3"
"5911","D41","D47","0.142857142857143","129","7","118","11","6","1"
"5912","D42","D47","0","133","3","121","12","3","0"
"5913","D43","D47","0","133","3","121","12","3","0"
"5914","D44","D47","0.157894736842105","98","38","92","6","32","6"
"5915","D45","D47","0.833333333333333","124","12","122","2","2","10"
"5916","D46","D47","0.210526315789474","98","38","94","4","30","8"
"5917","D47","D47","1","124","12","124","0","0","12"
"5918","D48","D47","0.115384615384615","110","26","101","9","23","3"
"5919","D49","D47","0.692307692307692","123","13","120","3","4","9"
"5920","D5","D47","0.333333333333333","133","3","122","11","2","1"
"5921","D50","D47","0","134","2","122","12","2","0"
"5922","D51","D47","0","135","1","123","12","1","0"
"5923","D52","D47","0","134","2","122","12","2","0"
"5924","D53","D47","0","134","2","122","12","2","0"
"5925","D9","D47","0","135","1","123","12","1","0"
"5926","RMDQ1_v1","D47","0.13953488372093","73","43","67","6","37","6"
"5927","RMDQ2_v1","D47","0.148936170212766","69","47","64","5","40","7"
"5928","RMDQ3_v1","D47","0.0833333333333333","82","36","73","9","33","3"
"5929","RMDQ4_v1","D47","0","92","26","80","12","26","0"
"5930","RMDQ5_v1","D47","0.0909090909090909","85","33","76","9","30","3"
"5931","RMDQ6_v1","D47","0.0689655172413793","89","29","79","10","27","2"
"5932","RMDQ7_v1","D47","0.15","97","20","88","9","17","3"
"5933","RMDQ8_v1","D47","0.25","113","4","102","11","3","1"
"5934","RMDQ9_v1","D47","0.111111111111111","99","18","89","10","16","2"
"5935","RMDQ10_v1","D47","0.0909090909090909","95","22","85","10","20","2"
"5936","RMDQ11_v1","D47","0.0869565217391304","94","23","84","10","21","2"
"5937","RMDQ12_v1","D47","0.0909090909090909","95","22","85","10","20","2"
"5938","RMDQ13_v1","D47","0.0909090909090909","95","22","85","10","20","2"
"5939","RMDQ14_v1","D47","0.08","92","25","82","10","23","2"
"5940","RMDQ15_v1","D47","0.133333333333333","102","15","92","10","13","2"
"5941","RMDQ16_v1","D47","0.105263157894737","98","19","88","10","17","2"
"5942","RMDQ17_v1","D47","0.0909090909090909","95","22","85","10","20","2"
"5943","RMDQ18_v1","D47","0.1","97","20","87","10","18","2"
"5944","RMDQ19_v1","D47","0.125","101","16","91","10","14","2"
"5945","RMDQ20_v1","D47","0.0952380952380952","96","21","86","10","19","2"
"5946","RMDQ21_v1","D47","0.0833333333333333","93","24","83","10","22","2"
"5947","RMDQ22_v1","D47","0.1","97","20","87","10","18","2"
"5948","RMDQ23_v1","D47","0.105263157894737","98","19","88","10","17","2"
"5949","RMDQ24_v1","D47","0.105263157894737","98","19","88","10","17","2"
"5950","DN4_1a_v1","D47","0.188679245283019","65","53","63","2","43","10"
"5951","DN4_1b_v1","D47","0.0416666666666667","94","24","83","11","23","1"
"5952","DN4_1c_v1","D47","0.25","83","36","80","3","27","9"
"5953","DN4_2a_v1","D47","0.258064516129032","88","31","84","4","23","8"
"5954","DN4_2b_v1","D47","0.25","83","36","80","3","27","9"
"5955","DN4_2c_v1","D47","0.151515151515152","85","33","78","7","28","5"
"5956","DN4_2d_v1","D47","0","113","6","101","12","6","0"
"5957","DN4_3a_v1","D47","0.2","114","5","103","11","4","1"
"5958","DN4_3b_v1","D47","0.2","114","5","103","11","4","1"
"5959","DN4_4_v1","D47","0.25","115","4","104","11","3","1"
"5960","Fuma","D48","0.108695652173913","82","46","62","20","41","5"
"5961","Cirurgia_coluna","D48","0.163636363636364","63","55","48","15","46","9"
"5962","Aposentado","D48","0.32258064516129","101","31","85","16","21","10"
"5963","Desempregado","D48","0.12","105","25","82","23","22","3"
"5964","Licenca_Medica","D48","0.166666666666667","114","18","91","23","15","3"
"5965","Aposentado_Invalidez","D48","0.25","123","8","99","24","6","2"
"5966","Analg.e9.sicos","D48","0.25","42","88","38","4","66","22"
"5967","OutraDoenca","D48","0.28","80","50","68","12","36","14"
"5968","Dor_costas","D48","0.230769230769231","37","91","33","4","70","21"
"5969","Dor_pernas","D48","0.418181818181818","72","55","70","2","32","23"
"5970","Retornar_trabalho","D48","0.45","99","20","85","14","11","9"
"5971","Masc","D48","0.215909090909091","48","88","41","7","69","19"
"5972","Fem","D48","0.145833333333333","88","48","69","19","41","7"
"5973","Casado_Amasiado","D48","0.218181818181818","81","55","67","14","43","12"
"5974","Solteiro","D48","0.135593220338983","77","59","59","18","51","8"
"5975","Separado_Divorciado","D48","0.142857142857143","129","7","104","25","6","1"
"5976","X4","D48","0","133","3","107","26","3","0"
"5977","X5","D48","0","134","2","108","26","2","0"
"5978","X6","D48","0.5","126","10","105","21","5","5"
"5979","Livrar_costas","D48","0.209302325581395","14","86","8","6","68","18"
"5980","Livrar_perna","D48","0.428571428571429","86","14","68","18","8","6"
"5981","Livrar_perda_sens","D48","NaN","100","0","76","24","0","0"
"5982","D1","D48","0","135","1","109","26","1","0"
"5983","D15","D48","0.142857142857143","129","7","104","25","6","1"
"5984","D16","D48","0.75","116","20","105","11","5","15"
"5985","D17","D48","0","131","5","105","26","5","0"
"5986","D18","D48","0","120","16","94","26","16","0"
"5987","D19","D48","0","129","7","103","26","7","0"
"5988","D2","D48","0.125","128","8","103","25","7","1"
"5989","D20","D48","0","128","8","102","26","8","0"
"5990","D21","D48","0","129","7","103","26","7","0"
"5991","D22","D48","0","134","2","108","26","2","0"
"5992","D23","D48","0.5","134","2","109","25","1","1"
"5993","D24","D48","0.0769230769230769","110","26","86","24","24","2"
"5994","D25","D48","0","132","4","106","26","4","0"
"5995","D26","D48","0","134","2","108","26","2","0"
"5996","D27","D48","0.2","131","5","106","25","4","1"
"5997","D28","D48","0","130","6","104","26","6","0"
"5998","D29","D48","0.476190476190476","94","42","88","6","22","20"
"5999","D3","D48","0","134","2","108","26","2","0"
"6000","D30","D48","0.370967741935484","74","62","71","3","39","23"
"6001","D31","D48","0.0588235294117647","119","17","94","25","16","1"
"6002","D32","D48","0.567567567567568","99","37","94","5","16","21"
"6003","D33","D48","0.0833333333333333","124","12","99","25","11","1"
"6004","D34","D48","0","133","3","107","26","3","0"
"6005","D35","D48","0","134","2","108","26","2","0"
"6006","D36","D48","0.125","128","8","103","25","7","1"
"6007","D37","D48","0.681818181818182","114","22","103","11","7","15"
"6008","D38","D48","0","133","3","107","26","3","0"
"6009","D39","D48","0.8","121","15","107","14","3","12"
"6010","D4","D48","0","132","4","106","26","4","0"
"6011","D40","D48","0","131","5","105","26","5","0"
"6012","D41","D48","0.571428571428571","129","7","107","22","3","4"
"6013","D42","D48","0","133","3","107","26","3","0"
"6014","D43","D48","0","133","3","107","26","3","0"
"6015","D44","D48","0.578947368421053","98","38","94","4","16","22"
"6016","D45","D48","0.25","124","12","101","23","9","3"
"6017","D46","D48","0.631578947368421","98","38","96","2","14","24"
"6018","D47","D48","0.25","124","12","101","23","9","3"
"6019","D48","D48","1","110","26","110","0","0","26"
"6020","D49","D48","0.230769230769231","123","13","100","23","10","3"
"6021","D5","D48","0.333333333333333","133","3","108","25","2","1"
"6022","D50","D48","0","134","2","108","26","2","0"
"6023","D51","D48","0","135","1","109","26","1","0"
"6024","D52","D48","0","134","2","108","26","2","0"
"6025","D53","D48","0","134","2","108","26","2","0"
"6026","D9","D48","0","135","1","109","26","1","0"
"6027","RMDQ1_v1","D48","0.232558139534884","73","43","57","16","33","10"
"6028","RMDQ2_v1","D48","0.212765957446809","69","47","53","16","37","10"
"6029","RMDQ3_v1","D48","0.305555555555556","82","36","67","15","25","11"
"6030","RMDQ4_v1","D48","0.307692307692308","92","26","74","18","18","8"
"6031","RMDQ5_v1","D48","0.363636363636364","85","33","71","14","21","12"
"6032","RMDQ6_v1","D48","0.310344827586207","89","29","72","17","20","9"
"6033","RMDQ7_v1","D48","0.25","97","20","76","21","15","5"
"6034","RMDQ8_v1","D48","0.5","113","4","89","24","2","2"
"6035","RMDQ9_v1","D48","0.222222222222222","99","18","77","22","14","4"
"6036","RMDQ10_v1","D48","0.181818181818182","95","22","73","22","18","4"
"6037","RMDQ11_v1","D48","0.217391304347826","94","23","73","21","18","5"
"6038","RMDQ12_v1","D48","0.227272727272727","95","22","74","21","17","5"
"6039","RMDQ13_v1","D48","0.272727272727273","95","22","75","20","16","6"
"6040","RMDQ14_v1","D48","0.12","92","25","69","23","22","3"
"6041","RMDQ15_v1","D48","0.2","102","15","79","23","12","3"
"6042","RMDQ16_v1","D48","0.210526315789474","98","19","76","22","15","4"
"6043","RMDQ17_v1","D48","0.136363636363636","95","22","72","23","19","3"
"6044","RMDQ18_v1","D48","0.15","97","20","74","23","17","3"
"6045","RMDQ19_v1","D48","0.3125","101","16","80","21","11","5"
"6046","RMDQ20_v1","D48","0.19047619047619","96","21","74","22","17","4"
"6047","RMDQ21_v1","D48","0.25","93","24","73","20","18","6"
"6048","RMDQ22_v1","D48","0.25","97","20","76","21","15","5"
"6049","RMDQ23_v1","D48","0.210526315789474","98","19","76","22","15","4"
"6050","RMDQ24_v1","D48","0.210526315789474","98","19","76","22","15","4"
"6051","DN4_1a_v1","D48","0.245283018867925","65","53","54","11","40","13"
"6052","DN4_1b_v1","D48","0.208333333333333","94","24","75","19","19","5"
"6053","DN4_1c_v1","D48","0.305555555555556","83","36","69","14","25","11"
"6054","DN4_2a_v1","D48","0.387096774193548","88","31","75","13","19","12"
"6055","DN4_2b_v1","D48","0.25","83","36","67","16","27","9"
"6056","DN4_2c_v1","D48","0.272727272727273","85","33","70","15","24","9"
"6057","DN4_2d_v1","D48","0.333333333333333","113","6","90","23","4","2"
"6058","DN4_3a_v1","D48","0","114","5","89","25","5","0"
"6059","DN4_3b_v1","D48","0","114","5","89","25","5","0"
"6060","DN4_4_v1","D48","0","115","4","90","25","4","0"
"6061","Fuma","D49","0.0869565217391304","82","46","73","9","42","4"
"6062","Cirurgia_coluna","D49","0.0909090909090909","63","55","57","6","50","5"
"6063","Aposentado","D49","0.032258064516129","101","31","90","11","30","1"
"6064","Desempregado","D49","0.04","105","25","94","11","24","1"
"6065","Licenca_Medica","D49","0.0555555555555556","114","18","103","11","17","1"
"6066","Aposentado_Invalidez","D49","0","123","8","111","12","8","0"
"6067","Analg.e9.sicos","D49","0.0909090909090909","42","88","37","5","80","8"
"6068","OutraDoenca","D49","0.08","80","50","71","9","46","4"
"6069","Dor_costas","D49","0.10989010989011","37","91","34","3","81","10"
"6070","Dor_pernas","D49","0.181818181818182","72","55","69","3","45","10"
"6071","Retornar_trabalho","D49","0.1","99","20","89","10","18","2"
"6072","Masc","D49","0.0909090909090909","48","88","43","5","80","8"
"6073","Fem","D49","0.104166666666667","88","48","80","8","43","5"
"6074","Casado_Amasiado","D49","0.0909090909090909","81","55","73","8","50","5"
"6075","Solteiro","D49","0.101694915254237","77","59","70","7","53","6"
"6076","Separado_Divorciado","D49","0","129","7","116","13","7","0"
"6077","X4","D49","0.333333333333333","133","3","121","12","2","1"
"6078","X5","D49","0","134","2","121","13","2","0"
"6079","X6","D49","0.1","126","10","114","12","9","1"
"6080","Livrar_costas","D49","0.104651162790698","14","86","10","4","77","9"
"6081","Livrar_perna","D49","0.285714285714286","86","14","77","9","10","4"
"6082","Livrar_perda_sens","D49","NaN","100","0","87","13","0","0"
"6083","D1","D49","0","135","1","122","13","1","0"
"6084","D15","D49","0.285714285714286","129","7","118","11","5","2"
"6085","D16","D49","0","116","20","103","13","20","0"
"6086","D17","D49","0","131","5","118","13","5","0"
"6087","D18","D49","0","120","16","107","13","16","0"
"6088","D19","D49","0","129","7","116","13","7","0"
"6089","D2","D49","0.125","128","8","116","12","7","1"
"6090","D20","D49","0","128","8","115","13","8","0"
"6091","D21","D49","0.285714285714286","129","7","118","11","5","2"
"6092","D22","D49","0","134","2","121","13","2","0"
"6093","D23","D49","0.5","134","2","122","12","1","1"
"6094","D24","D49","0.115384615384615","110","26","100","10","23","3"
"6095","D25","D49","0","132","4","119","13","4","0"
"6096","D26","D49","0","134","2","121","13","2","0"
"6097","D27","D49","0","131","5","118","13","5","0"
"6098","D28","D49","0","130","6","117","13","6","0"
"6099","D29","D49","0.0952380952380952","94","42","85","9","38","4"
"6100","D3","D49","0","134","2","121","13","2","0"
"6101","D30","D49","0.17741935483871","74","62","72","2","51","11"
"6102","D31","D49","0.411764705882353","119","17","113","6","10","7"
"6103","D32","D49","0.108108108108108","99","37","90","9","33","4"
"6104","D33","D49","0.75","124","12","120","4","3","9"
"6105","D34","D49","0","133","3","120","13","3","0"
"6106","D35","D49","0","134","2","121","13","2","0"
"6107","D36","D49","0.25","128","8","117","11","6","2"
"6108","D37","D49","0","114","22","101","13","22","0"
"6109","D38","D49","0.666666666666667","133","3","122","11","1","2"
"6110","D39","D49","0","121","15","108","13","15","0"
"6111","D4","D49","0","132","4","119","13","4","0"
"6112","D40","D49","0.4","131","5","120","11","3","2"
"6113","D41","D49","0","129","7","116","13","7","0"
"6114","D42","D49","0","133","3","120","13","3","0"
"6115","D43","D49","0","133","3","120","13","3","0"
"6116","D44","D49","0.157894736842105","98","38","91","7","32","6"
"6117","D45","D49","0.666666666666667","124","12","119","5","4","8"
"6118","D46","D49","0.184210526315789","98","38","92","6","31","7"
"6119","D47","D49","0.75","124","12","120","4","3","9"
"6120","D48","D49","0.115384615384615","110","26","100","10","23","3"
"6121","D49","D49","1","123","13","123","0","0","13"
"6122","D5","D49","0.333333333333333","133","3","121","12","2","1"
"6123","D50","D49","0","134","2","121","13","2","0"
"6124","D51","D49","0","135","1","122","13","1","0"
"6125","D52","D49","0","134","2","121","13","2","0"
"6126","D53","D49","0","134","2","121","13","2","0"
"6127","D9","D49","0","135","1","122","13","1","0"
"6128","RMDQ1_v1","D49","0.116279069767442","73","43","65","8","38","5"
"6129","RMDQ2_v1","D49","0.127659574468085","69","47","62","7","41","6"
"6130","RMDQ3_v1","D49","0.0555555555555556","82","36","71","11","34","2"
"6131","RMDQ4_v1","D49","0","92","26","79","13","26","0"
"6132","RMDQ5_v1","D49","0.0606060606060606","85","33","74","11","31","2"
"6133","RMDQ6_v1","D49","0.0344827586206897","89","29","77","12","28","1"
"6134","RMDQ7_v1","D49","0.1","97","20","86","11","18","2"
"6135","RMDQ8_v1","D49","0.25","113","4","101","12","3","1"
"6136","RMDQ9_v1","D49","0.0555555555555556","99","18","87","12","17","1"
"6137","RMDQ10_v1","D49","0.0909090909090909","95","22","84","11","20","2"
"6138","RMDQ11_v1","D49","0.0434782608695652","94","23","82","12","22","1"
"6139","RMDQ12_v1","D49","0.0454545454545455","95","22","83","12","21","1"
"6140","RMDQ13_v1","D49","0.0454545454545455","95","22","83","12","21","1"
"6141","RMDQ14_v1","D49","0.04","92","25","80","12","24","1"
"6142","RMDQ15_v1","D49","0.0666666666666667","102","15","90","12","14","1"
"6143","RMDQ16_v1","D49","0.0526315789473684","98","19","86","12","18","1"
"6144","RMDQ17_v1","D49","0.0454545454545455","95","22","83","12","21","1"
"6145","RMDQ18_v1","D49","0.05","97","20","85","12","19","1"
"6146","RMDQ19_v1","D49","0.0625","101","16","89","12","15","1"
"6147","RMDQ20_v1","D49","0.0476190476190476","96","21","84","12","20","1"
"6148","RMDQ21_v1","D49","0.0416666666666667","93","24","81","12","23","1"
"6149","RMDQ22_v1","D49","0.05","97","20","85","12","19","1"
"6150","RMDQ23_v1","D49","0.105263157894737","98","19","87","11","17","2"
"6151","RMDQ24_v1","D49","0.0526315789473684","98","19","86","12","18","1"
"6152","DN4_1a_v1","D49","0.150943396226415","65","53","60","5","45","8"
"6153","DN4_1b_v1","D49","0.0833333333333333","94","24","83","11","22","2"
"6154","DN4_1c_v1","D49","0.222222222222222","83","36","78","5","28","8"
"6155","DN4_2a_v1","D49","0.32258064516129","88","31","85","3","21","10"
"6156","DN4_2b_v1","D49","0.222222222222222","83","36","78","5","28","8"
"6157","DN4_2c_v1","D49","0.181818181818182","85","33","78","7","27","6"
"6158","DN4_2d_v1","D49","0.166666666666667","113","6","101","12","5","1"
"6159","DN4_3a_v1","D49","0","114","5","101","13","5","0"
"6160","DN4_3b_v1","D49","0","114","5","101","13","5","0"
"6161","DN4_4_v1","D49","0","115","4","102","13","4","0"
"6162","Fuma","D5","0.0652173913043478","82","46","82","0","43","3"
"6163","Cirurgia_coluna","D5","0.0363636363636364","63","55","63","0","53","2"
"6164","Aposentado","D5","0.0645161290322581","101","31","100","1","29","2"
"6165","Desempregado","D5","0.08","105","25","104","1","23","2"
"6166","Licenca_Medica","D5","0.111111111111111","114","18","113","1","16","2"
"6167","Aposentado_Invalidez","D5","0","123","8","120","3","8","0"
"6168","Analg.e9.sicos","D5","0.0227272727272727","42","88","41","1","86","2"
"6169","OutraDoenca","D5","0.04","80","50","79","1","48","2"
"6170","Dor_costas","D5","0.032967032967033","37","91","37","0","88","3"
"6171","Dor_pernas","D5","0.0363636363636364","72","55","71","1","53","2"
"6172","Retornar_trabalho","D5","0.05","99","20","97","2","19","1"
"6173","Masc","D5","0.0227272727272727","48","88","47","1","86","2"
"6174","Fem","D5","0.0208333333333333","88","48","86","2","47","1"
"6175","Casado_Amasiado","D5","0","81","55","78","3","55","0"
"6176","Solteiro","D5","0.0338983050847458","77","59","76","1","57","2"
"6177","Separado_Divorciado","D5","0","129","7","126","3","7","0"
"6178","X4","D5","0","133","3","130","3","3","0"
"6179","X5","D5","0","134","2","131","3","2","0"
"6180","X6","D5","0.1","126","10","124","2","9","1"
"6181","Livrar_costas","D5","0.0348837209302326","14","86","14","0","83","3"
"6182","Livrar_perna","D5","0","86","14","83","3","14","0"
"6183","Livrar_perda_sens","D5","NaN","100","0","97","3","0","0"
"6184","D1","D5","0","135","1","132","3","1","0"
"6185","D15","D5","0.142857142857143","129","7","127","2","6","1"
"6186","D16","D5","0.05","116","20","114","2","19","1"
"6187","D17","D5","0","131","5","128","3","5","0"
"6188","D18","D5","0","120","16","117","3","16","0"
"6189","D19","D5","0","129","7","126","3","7","0"
"6190","D2","D5","0.375","128","8","128","0","5","3"
"6191","D20","D5","0","128","8","125","3","8","0"
"6192","D21","D5","0","129","7","126","3","7","0"
"6193","D22","D5","0","134","2","131","3","2","0"
"6194","D23","D5","0","134","2","131","3","2","0"
"6195","D24","D5","0.0769230769230769","110","26","109","1","24","2"
"6196","D25","D5","0","132","4","129","3","4","0"
"6197","D26","D5","0","134","2","131","3","2","0"
"6198","D27","D5","0","131","5","128","3","5","0"
"6199","D28","D5","0","130","6","127","3","6","0"
"6200","D29","D5","0.0238095238095238","94","42","92","2","41","1"
"6201","D3","D5","0","134","2","131","3","2","0"
"6202","D30","D5","0.0161290322580645","74","62","72","2","61","1"
"6203","D31","D5","0.0588235294117647","119","17","117","2","16","1"
"6204","D32","D5","0","99","37","96","3","37","0"
"6205","D33","D5","0","124","12","121","3","12","0"
"6206","D34","D5","0.666666666666667","133","3","132","1","1","2"
"6207","D35","D5","0.5","134","2","132","2","1","1"
"6208","D36","D5","0","128","8","125","3","8","0"
"6209","D37","D5","0.0454545454545455","114","22","112","2","21","1"
"6210","D38","D5","0","133","3","130","3","3","0"
"6211","D39","D5","0","121","15","118","3","15","0"
"6212","D4","D5","0.25","132","4","130","2","3","1"
"6213","D40","D5","0","131","5","128","3","5","0"
"6214","D41","D5","0","129","7","126","3","7","0"
"6215","D42","D5","0","133","3","130","3","3","0"
"6216","D43","D5","0","133","3","130","3","3","0"
"6217","D44","D5","0.0263157894736842","98","38","96","2","37","1"
"6218","D45","D5","0.0833333333333333","124","12","122","2","11","1"
"6219","D46","D5","0.0263157894736842","98","38","96","2","37","1"
"6220","D47","D5","0.0833333333333333","124","12","122","2","11","1"
"6221","D48","D5","0.0384615384615385","110","26","108","2","25","1"
"6222","D49","D5","0.0769230769230769","123","13","121","2","12","1"
"6223","D5","D5","1","133","3","133","0","0","3"
"6224","D50","D5","0.5","134","2","132","2","1","1"
"6225","D51","D5","1","135","1","133","2","0","1"
"6226","D52","D5","0","134","2","131","3","2","0"
"6227","D53","D5","0","134","2","131","3","2","0"
"6228","D9","D5","1","135","1","133","2","0","1"
"6229","RMDQ1_v1","D5","0.0232558139534884","73","43","71","2","42","1"
"6230","RMDQ2_v1","D5","0.0425531914893617","69","47","68","1","45","2"
"6231","RMDQ3_v1","D5","0.0555555555555556","82","36","81","1","34","2"
"6232","RMDQ4_v1","D5","0","92","26","89","3","26","0"
"6233","RMDQ5_v1","D5","0.0606060606060606","85","33","84","1","31","2"
"6234","RMDQ6_v1","D5","0.0344827586206897","89","29","87","2","28","1"
"6235","RMDQ7_v1","D5","0.1","97","20","96","1","18","2"
"6236","RMDQ8_v1","D5","0.25","113","4","111","2","3","1"
"6237","RMDQ9_v1","D5","0.0555555555555556","99","18","97","2","17","1"
"6238","RMDQ10_v1","D5","0.0454545454545455","95","22","93","2","21","1"
"6239","RMDQ11_v1","D5","0.0434782608695652","94","23","92","2","22","1"
"6240","RMDQ12_v1","D5","0.0454545454545455","95","22","93","2","21","1"
"6241","RMDQ13_v1","D5","0.0454545454545455","95","22","93","2","21","1"
"6242","RMDQ14_v1","D5","0.04","92","25","90","2","24","1"
"6243","RMDQ15_v1","D5","0.0666666666666667","102","15","100","2","14","1"
"6244","RMDQ16_v1","D5","0.0526315789473684","98","19","96","2","18","1"
"6245","RMDQ17_v1","D5","0.0454545454545455","95","22","93","2","21","1"
"6246","RMDQ18_v1","D5","0.05","97","20","95","2","19","1"
"6247","RMDQ19_v1","D5","0.0625","101","16","99","2","15","1"
"6248","RMDQ20_v1","D5","0.0476190476190476","96","21","94","2","20","1"
"6249","RMDQ21_v1","D5","0.0416666666666667","93","24","91","2","23","1"
"6250","RMDQ22_v1","D5","0.05","97","20","95","2","19","1"
"6251","RMDQ23_v1","D5","0.0526315789473684","98","19","96","2","18","1"
"6252","RMDQ24_v1","D5","0.0526315789473684","98","19","96","2","18","1"
"6253","DN4_1a_v1","D5","0.0377358490566038","65","53","64","1","51","2"
"6254","DN4_1b_v1","D5","0","94","24","91","3","24","0"
"6255","DN4_1c_v1","D5","0.0555555555555556","83","36","82","1","34","2"
"6256","DN4_2a_v1","D5","0.0645161290322581","88","31","87","1","29","2"
"6257","DN4_2b_v1","D5","0.0555555555555556","83","36","82","1","34","2"
"6258","DN4_2c_v1","D5","0.0303030303030303","85","33","83","2","32","1"
"6259","DN4_2d_v1","D5","0.166666666666667","113","6","111","2","5","1"
"6260","DN4_3a_v1","D5","0.2","114","5","112","2","4","1"
"6261","DN4_3b_v1","D5","0.2","114","5","112","2","4","1"
"6262","DN4_4_v1","D5","0.25","115","4","113","2","3","1"
"6263","Fuma","D50","0.0434782608695652","82","46","82","0","44","2"
"6264","Cirurgia_coluna","D50","0.0181818181818182","63","55","63","0","54","1"
"6265","Aposentado","D50","0","101","31","99","2","31","0"
"6266","Desempregado","D50","0.04","105","25","104","1","24","1"
"6267","Licenca_Medica","D50","0.0555555555555556","114","18","113","1","17","1"
"6268","Aposentado_Invalidez","D50","0","123","8","121","2","8","0"
"6269","Analg.e9.sicos","D50","0.0113636363636364","42","88","41","1","87","1"
"6270","OutraDoenca","D50","0.02","80","50","79","1","49","1"
"6271","Dor_costas","D50","0.010989010989011","37","91","36","1","90","1"
"6272","Dor_pernas","D50","0","72","55","70","2","55","0"
"6273","Retornar_trabalho","D50","0","99","20","97","2","20","0"
"6274","Masc","D50","0","48","88","46","2","88","0"
"6275","Fem","D50","0.0416666666666667","88","48","88","0","46","2"
"6276","Casado_Amasiado","D50","0.0181818181818182","81","55","80","1","54","1"
"6277","Solteiro","D50","0.0169491525423729","77","59","76","1","58","1"
"6278","Separado_Divorciado","D50","0","129","7","127","2","7","0"
"6279","X4","D50","0","133","3","131","2","3","0"
"6280","X5","D50","0","134","2","132","2","2","0"
"6281","X6","D50","0","126","10","124","2","10","0"
"6282","Livrar_costas","D50","0.0116279069767442","14","86","14","0","85","1"
"6283","Livrar_perna","D50","0","86","14","85","1","14","0"
"6284","Livrar_perda_sens","D50","NaN","100","0","99","1","0","0"
"6285","D1","D50","0","135","1","133","2","1","0"
"6286","D15","D50","0","129","7","127","2","7","0"
"6287","D16","D50","0","116","20","114","2","20","0"
"6288","D17","D50","0","131","5","129","2","5","0"
"6289","D18","D50","0","120","16","118","2","16","0"
"6290","D19","D50","0","129","7","127","2","7","0"
"6291","D2","D50","0.125","128","8","127","1","7","1"
"6292","D20","D50","0","128","8","126","2","8","0"
"6293","D21","D50","0","129","7","127","2","7","0"
"6294","D22","D50","0","134","2","132","2","2","0"
"6295","D23","D50","0","134","2","132","2","2","0"
"6296","D24","D50","0.0384615384615385","110","26","109","1","25","1"
"6297","D25","D50","0","132","4","130","2","4","0"
"6298","D26","D50","0","134","2","132","2","2","0"
"6299","D27","D50","0","131","5","129","2","5","0"
"6300","D28","D50","0","130","6","128","2","6","0"
"6301","D29","D50","0.0238095238095238","94","42","93","1","41","1"
"6302","D3","D50","0","134","2","132","2","2","0"
"6303","D30","D50","0","74","62","72","2","62","0"
"6304","D31","D50","0.0588235294117647","119","17","118","1","16","1"
"6305","D32","D50","0","99","37","97","2","37","0"
"6306","D33","D50","0","124","12","122","2","12","0"
"6307","D34","D50","0.666666666666667","133","3","133","0","1","2"
"6308","D35","D50","0","134","2","132","2","2","0"
"6309","D36","D50","0","128","8","126","2","8","0"
"6310","D37","D50","0","114","22","112","2","22","0"
"6311","D38","D50","0","133","3","131","2","3","0"
"6312","D39","D50","0","121","15","119","2","15","0"
"6313","D4","D50","0","132","4","130","2","4","0"
"6314","D40","D50","0","131","5","129","2","5","0"
"6315","D41","D50","0","129","7","127","2","7","0"
"6316","D42","D50","0","133","3","131","2","3","0"
"6317","D43","D50","0.333333333333333","133","3","132","1","2","1"
"6318","D44","D50","0","98","38","96","2","38","0"
"6319","D45","D50","0","124","12","122","2","12","0"
"6320","D46","D50","0","98","38","96","2","38","0"
"6321","D47","D50","0","124","12","122","2","12","0"
"6322","D48","D50","0","110","26","108","2","26","0"
"6323","D49","D50","0","123","13","121","2","13","0"
"6324","D5","D50","0.333333333333333","133","3","132","1","2","1"
"6325","D50","D50","1","134","2","134","0","0","2"
"6326","D51","D50","0","135","1","133","2","1","0"
"6327","D52","D50","0.5","134","2","133","1","1","1"
"6328","D53","D50","0.5","134","2","133","1","1","1"
"6329","D9","D50","0","135","1","133","2","1","0"
"6330","RMDQ1_v1","D50","0","73","43","72","1","43","0"
"6331","RMDQ2_v1","D50","0","69","47","68","1","47","0"
"6332","RMDQ3_v1","D50","0","82","36","81","1","36","0"
"6333","RMDQ4_v1","D50","0","92","26","91","1","26","0"
"6334","RMDQ5_v1","D50","0","85","33","84","1","33","0"
"6335","RMDQ6_v1","D50","0","89","29","88","1","29","0"
"6336","RMDQ7_v1","D50","0","97","20","96","1","20","0"
"6337","RMDQ8_v1","D50","0","113","4","112","1","4","0"
"6338","RMDQ9_v1","D50","0","99","18","98","1","18","0"
"6339","RMDQ10_v1","D50","0","95","22","94","1","22","0"
"6340","RMDQ11_v1","D50","0","94","23","93","1","23","0"
"6341","RMDQ12_v1","D50","0","95","22","94","1","22","0"
"6342","RMDQ13_v1","D50","0","95","22","94","1","22","0"
"6343","RMDQ14_v1","D50","0","92","25","91","1","25","0"
"6344","RMDQ15_v1","D50","0","102","15","101","1","15","0"
"6345","RMDQ16_v1","D50","0","98","19","97","1","19","0"
"6346","RMDQ17_v1","D50","0","95","22","94","1","22","0"
"6347","RMDQ18_v1","D50","0","97","20","96","1","20","0"
"6348","RMDQ19_v1","D50","0","101","16","100","1","16","0"
"6349","RMDQ20_v1","D50","0","96","21","95","1","21","0"
"6350","RMDQ21_v1","D50","0","93","24","92","1","24","0"
"6351","RMDQ22_v1","D50","0","97","20","96","1","20","0"
"6352","RMDQ23_v1","D50","0","98","19","97","1","19","0"
"6353","RMDQ24_v1","D50","0","98","19","97","1","19","0"
"6354","DN4_1a_v1","D50","0.0188679245283019","65","53","64","1","52","1"
"6355","DN4_1b_v1","D50","0.0416666666666667","94","24","93","1","23","1"
"6356","DN4_1c_v1","D50","0.0277777777777778","83","36","82","1","35","1"
"6357","DN4_2a_v1","D50","0.032258064516129","88","31","87","1","30","1"
"6358","DN4_2b_v1","D50","0.0277777777777778","83","36","82","1","35","1"
"6359","DN4_2c_v1","D50","0.0303030303030303","85","33","84","1","32","1"
"6360","DN4_2d_v1","D50","0","113","6","111","2","6","0"
"6361","DN4_3a_v1","D50","0.2","114","5","113","1","4","1"
"6362","DN4_3b_v1","D50","0.2","114","5","113","1","4","1"
"6363","DN4_4_v1","D50","0.25","115","4","114","1","3","1"
"6364","Fuma","D51","0.0217391304347826","82","46","82","0","45","1"
"6365","Cirurgia_coluna","D51","0.0181818181818182","63","55","63","0","54","1"
"6366","Aposentado","D51","0.032258064516129","101","31","101","0","30","1"
"6367","Desempregado","D51","0.04","105","25","105","0","24","1"
"6368","Licenca_Medica","D51","0.0555555555555556","114","18","114","0","17","1"
"6369","Aposentado_Invalidez","D51","0","123","8","122","1","8","0"
"6370","Analg.e9.sicos","D51","0.0113636363636364","42","88","42","0","87","1"
"6371","OutraDoenca","D51","0","80","50","79","1","50","0"
"6372","Dor_costas","D51","0.010989010989011","37","91","37","0","90","1"
"6373","Dor_pernas","D51","0.0181818181818182","72","55","72","0","54","1"
"6374","Retornar_trabalho","D51","0","99","20","98","1","20","0"
"6375","Masc","D51","0.0113636363636364","48","88","48","0","87","1"
"6376","Fem","D51","0","88","48","87","1","48","0"
"6377","Casado_Amasiado","D51","0","81","55","80","1","55","0"
"6378","Solteiro","D51","0.0169491525423729","77","59","77","0","58","1"
"6379","Separado_Divorciado","D51","0","129","7","128","1","7","0"
"6380","X4","D51","0","133","3","132","1","3","0"
"6381","X5","D51","0","134","2","133","1","2","0"
"6382","X6","D51","0","126","10","125","1","10","0"
"6383","Livrar_costas","D51","0.0116279069767442","14","86","14","0","85","1"
"6384","Livrar_perna","D51","0","86","14","85","1","14","0"
"6385","Livrar_perda_sens","D51","NaN","100","0","99","1","0","0"
"6386","D1","D51","0","135","1","134","1","1","0"
"6387","D15","D51","0.142857142857143","129","7","129","0","6","1"
"6388","D16","D51","0.05","116","20","116","0","19","1"
"6389","D17","D51","0","131","5","130","1","5","0"
"6390","D18","D51","0","120","16","119","1","16","0"
"6391","D19","D51","0","129","7","128","1","7","0"
"6392","D2","D51","0.125","128","8","128","0","7","1"
"6393","D20","D51","0","128","8","127","1","8","0"
"6394","D21","D51","0","129","7","128","1","7","0"
"6395","D22","D51","0","134","2","133","1","2","0"
"6396","D23","D51","0","134","2","133","1","2","0"
"6397","D24","D51","0","110","26","109","1","26","0"
"6398","D25","D51","0","132","4","131","1","4","0"
"6399","D26","D51","0","134","2","133","1","2","0"
"6400","D27","D51","0","131","5","130","1","5","0"
"6401","D28","D51","0","130","6","129","1","6","0"
"6402","D29","D51","0","94","42","93","1","42","0"
"6403","D3","D51","0","134","2","133","1","2","0"
"6404","D30","D51","0","74","62","73","1","62","0"
"6405","D31","D51","0","119","17","118","1","17","0"
"6406","D32","D51","0","99","37","98","1","37","0"
"6407","D33","D51","0","124","12","123","1","12","0"
"6408","D34","D51","0.333333333333333","133","3","133","0","2","1"
"6409","D35","D51","0.5","134","2","134","0","1","1"
"6410","D36","D51","0","128","8","127","1","8","0"
"6411","D37","D51","0.0454545454545455","114","22","114","0","21","1"
"6412","D38","D51","0","133","3","132","1","3","0"
"6413","D39","D51","0","121","15","120","1","15","0"
"6414","D4","D51","0.25","132","4","132","0","3","1"
"6415","D40","D51","0","131","5","130","1","5","0"
"6416","D41","D51","0","129","7","128","1","7","0"
"6417","D42","D51","0","133","3","132","1","3","0"
"6418","D43","D51","0","133","3","132","1","3","0"
"6419","D44","D51","0","98","38","97","1","38","0"
"6420","D45","D51","0","124","12","123","1","12","0"
"6421","D46","D51","0","98","38","97","1","38","0"
"6422","D47","D51","0","124","12","123","1","12","0"
"6423","D48","D51","0","110","26","109","1","26","0"
"6424","D49","D51","0","123","13","122","1","13","0"
"6425","D5","D51","0.333333333333333","133","3","133","0","2","1"
"6426","D50","D51","0","134","2","133","1","2","0"
"6427","D51","D51","1","135","1","135","0","0","1"
"6428","D52","D51","0","134","2","133","1","2","0"
"6429","D53","D51","0","134","2","133","1","2","0"
"6430","D9","D51","1","135","1","135","0","0","1"
"6431","RMDQ1_v1","D51","0.0232558139534884","73","43","73","0","42","1"
"6432","RMDQ2_v1","D51","0.0212765957446809","69","47","69","0","46","1"
"6433","RMDQ3_v1","D51","0.0277777777777778","82","36","82","0","35","1"
"6434","RMDQ4_v1","D51","0","92","26","91","1","26","0"
"6435","RMDQ5_v1","D51","0.0303030303030303","85","33","85","0","32","1"
"6436","RMDQ6_v1","D51","0.0344827586206897","89","29","89","0","28","1"
"6437","RMDQ7_v1","D51","0.05","97","20","97","0","19","1"
"6438","RMDQ8_v1","D51","0","113","4","112","1","4","0"
"6439","RMDQ9_v1","D51","0.0555555555555556","99","18","99","0","17","1"
"6440","RMDQ10_v1","D51","0.0454545454545455","95","22","95","0","21","1"
"6441","RMDQ11_v1","D51","0.0434782608695652","94","23","94","0","22","1"
"6442","RMDQ12_v1","D51","0.0454545454545455","95","22","95","0","21","1"
"6443","RMDQ13_v1","D51","0.0454545454545455","95","22","95","0","21","1"
"6444","RMDQ14_v1","D51","0.04","92","25","92","0","24","1"
"6445","RMDQ15_v1","D51","0.0666666666666667","102","15","102","0","14","1"
"6446","RMDQ16_v1","D51","0.0526315789473684","98","19","98","0","18","1"
"6447","RMDQ17_v1","D51","0.0454545454545455","95","22","95","0","21","1"
"6448","RMDQ18_v1","D51","0.05","97","20","97","0","19","1"
"6449","RMDQ19_v1","D51","0.0625","101","16","101","0","15","1"
"6450","RMDQ20_v1","D51","0.0476190476190476","96","21","96","0","20","1"
"6451","RMDQ21_v1","D51","0.0416666666666667","93","24","93","0","23","1"
"6452","RMDQ22_v1","D51","0.05","97","20","97","0","19","1"
"6453","RMDQ23_v1","D51","0.0526315789473684","98","19","98","0","18","1"
"6454","RMDQ24_v1","D51","0.0526315789473684","98","19","98","0","18","1"
"6455","DN4_1a_v1","D51","0.0188679245283019","65","53","65","0","52","1"
"6456","DN4_1b_v1","D51","0","94","24","93","1","24","0"
"6457","DN4_1c_v1","D51","0.0277777777777778","83","36","83","0","35","1"
"6458","DN4_2a_v1","D51","0.032258064516129","88","31","88","0","30","1"
"6459","DN4_2b_v1","D51","0.0277777777777778","83","36","83","0","35","1"
"6460","DN4_2c_v1","D51","0.0303030303030303","85","33","85","0","32","1"
"6461","DN4_2d_v1","D51","0.166666666666667","113","6","113","0","5","1"
"6462","DN4_3a_v1","D51","0.2","114","5","114","0","4","1"
"6463","DN4_3b_v1","D51","0.2","114","5","114","0","4","1"
"6464","DN4_4_v1","D51","0.25","115","4","115","0","3","1"
"6465","Fuma","D52","0.0217391304347826","82","46","81","1","45","1"
"6466","Cirurgia_coluna","D52","0.0181818181818182","63","55","62","1","54","1"
"6467","Aposentado","D52","0","101","31","99","2","31","0"
"6468","Desempregado","D52","0","105","25","103","2","25","0"
"6469","Licenca_Medica","D52","0","114","18","112","2","18","0"
"6470","Aposentado_Invalidez","D52","0","123","8","121","2","8","0"
"6471","Analg.e9.sicos","D52","0.0113636363636364","42","88","41","1","87","1"
"6472","OutraDoenca","D52","0","80","50","78","2","50","0"
"6473","Dor_costas","D52","0.010989010989011","37","91","36","1","90","1"
"6474","Dor_pernas","D52","0","72","55","70","2","55","0"
"6475","Retornar_trabalho","D52","0","99","20","97","2","20","0"
"6476","Masc","D52","0.0113636363636364","48","88","47","1","87","1"
"6477","Fem","D52","0.0208333333333333","88","48","87","1","47","1"
"6478","Casado_Amasiado","D52","0.0181818181818182","81","55","80","1","54","1"
"6479","Solteiro","D52","0.0169491525423729","77","59","76","1","58","1"
"6480","Separado_Divorciado","D52","0","129","7","127","2","7","0"
"6481","X4","D52","0","133","3","131","2","3","0"
"6482","X5","D52","0","134","2","132","2","2","0"
"6483","X6","D52","0","126","10","124","2","10","0"
"6484","Livrar_costas","D52","0.0116279069767442","14","86","14","0","85","1"
"6485","Livrar_perna","D52","0","86","14","85","1","14","0"
"6486","Livrar_perda_sens","D52","NaN","100","0","99","1","0","0"
"6487","D1","D52","0","135","1","133","2","1","0"
"6488","D15","D52","0","129","7","127","2","7","0"
"6489","D16","D52","0","116","20","114","2","20","0"
"6490","D17","D52","0","131","5","129","2","5","0"
"6491","D18","D52","0","120","16","118","2","16","0"
"6492","D19","D52","0","129","7","127","2","7","0"
"6493","D2","D52","0","128","8","126","2","8","0"
"6494","D20","D52","0","128","8","126","2","8","0"
"6495","D21","D52","0","129","7","127","2","7","0"
"6496","D22","D52","0","134","2","132","2","2","0"
"6497","D23","D52","0","134","2","132","2","2","0"
"6498","D24","D52","0","110","26","108","2","26","0"
"6499","D25","D52","0","132","4","130","2","4","0"
"6500","D26","D52","0","134","2","132","2","2","0"
"6501","D27","D52","0","131","5","129","2","5","0"
"6502","D28","D52","0","130","6","128","2","6","0"
"6503","D29","D52","0","94","42","92","2","42","0"
"6504","D3","D52","0","134","2","132","2","2","0"
"6505","D30","D52","0","74","62","72","2","62","0"
"6506","D31","D52","0","119","17","117","2","17","0"
"6507","D32","D52","0.027027027027027","99","37","98","1","36","1"
"6508","D33","D52","0","124","12","122","2","12","0"
"6509","D34","D52","0.333333333333333","133","3","132","1","2","1"
"6510","D35","D52","0","134","2","132","2","2","0"
"6511","D36","D52","0","128","8","126","2","8","0"
"6512","D37","D52","0","114","22","112","2","22","0"
"6513","D38","D52","0","133","3","131","2","3","0"
"6514","D39","D52","0","121","15","119","2","15","0"
"6515","D4","D52","0","132","4","130","2","4","0"
"6516","D40","D52","0","131","5","129","2","5","0"
"6517","D41","D52","0","129","7","127","2","7","0"
"6518","D42","D52","0.333333333333333","133","3","132","1","2","1"
"6519","D43","D52","0.333333333333333","133","3","132","1","2","1"
"6520","D44","D52","0.0263157894736842","98","38","97","1","37","1"
"6521","D45","D52","0","124","12","122","2","12","0"
"6522","D46","D52","0","98","38","96","2","38","0"
"6523","D47","D52","0","124","12","122","2","12","0"
"6524","D48","D52","0","110","26","108","2","26","0"
"6525","D49","D52","0","123","13","121","2","13","0"
"6526","D5","D52","0","133","3","131","2","3","0"
"6527","D50","D52","0.5","134","2","133","1","1","1"
"6528","D51","D52","0","135","1","133","2","1","0"
"6529","D52","D52","1","134","2","134","0","0","2"
"6530","D53","D52","0.5","134","2","133","1","1","1"
"6531","D9","D52","0","135","1","133","2","1","0"
"6532","RMDQ1_v1","D52","0.0232558139534884","73","43","73","0","42","1"
"6533","RMDQ2_v1","D52","0.0212765957446809","69","47","69","0","46","1"
"6534","RMDQ3_v1","D52","0","82","36","81","1","36","0"
"6535","RMDQ4_v1","D52","0","92","26","91","1","26","0"
"6536","RMDQ5_v1","D52","0","85","33","84","1","33","0"
"6537","RMDQ6_v1","D52","0","89","29","88","1","29","0"
"6538","RMDQ7_v1","D52","0.05","97","20","97","0","19","1"
"6539","RMDQ8_v1","D52","0","113","4","112","1","4","0"
"6540","RMDQ9_v1","D52","0","99","18","98","1","18","0"
"6541","RMDQ10_v1","D52","0","95","22","94","1","22","0"
"6542","RMDQ11_v1","D52","0","94","23","93","1","23","0"
"6543","RMDQ12_v1","D52","0.0454545454545455","95","22","95","0","21","1"
"6544","RMDQ13_v1","D52","0","95","22","94","1","22","0"
"6545","RMDQ14_v1","D52","0.04","92","25","92","0","24","1"
"6546","RMDQ15_v1","D52","0","102","15","101","1","15","0"
"6547","RMDQ16_v1","D52","0","98","19","97","1","19","0"
"6548","RMDQ17_v1","D52","0","95","22","94","1","22","0"
"6549","RMDQ18_v1","D52","0","97","20","96","1","20","0"
"6550","RMDQ19_v1","D52","0","101","16","100","1","16","0"
"6551","RMDQ20_v1","D52","0","96","21","95","1","21","0"
"6552","RMDQ21_v1","D52","0","93","24","92","1","24","0"
"6553","RMDQ22_v1","D52","0","97","20","96","1","20","0"
"6554","RMDQ23_v1","D52","0","98","19","97","1","19","0"
"6555","RMDQ24_v1","D52","0","98","19","97","1","19","0"
"6556","DN4_1a_v1","D52","0.0188679245283019","65","53","64","1","52","1"
"6557","DN4_1b_v1","D52","0.0416666666666667","94","24","93","1","23","1"
"6558","DN4_1c_v1","D52","0.0277777777777778","83","36","82","1","35","1"
"6559","DN4_2a_v1","D52","0.032258064516129","88","31","87","1","30","1"
"6560","DN4_2b_v1","D52","0.0277777777777778","83","36","82","1","35","1"
"6561","DN4_2c_v1","D52","0.0303030303030303","85","33","84","1","32","1"
"6562","DN4_2d_v1","D52","0","113","6","111","2","6","0"
"6563","DN4_3a_v1","D52","0.2","114","5","113","1","4","1"
"6564","DN4_3b_v1","D52","0.2","114","5","113","1","4","1"
"6565","DN4_4_v1","D52","0.25","115","4","114","1","3","1"
"6566","Fuma","D53","0.0434782608695652","82","46","82","0","44","2"
"6567","Cirurgia_coluna","D53","0.0181818181818182","63","55","62","1","54","1"
"6568","Aposentado","D53","0","101","31","99","2","31","0"
"6569","Desempregado","D53","0","105","25","103","2","25","0"
"6570","Licenca_Medica","D53","0","114","18","112","2","18","0"
"6571","Aposentado_Invalidez","D53","0","123","8","121","2","8","0"
"6572","Analg.e9.sicos","D53","0.0227272727272727","42","88","42","0","86","2"
"6573","OutraDoenca","D53","0","80","50","78","2","50","0"
"6574","Dor_costas","D53","0.010989010989011","37","91","36","1","90","1"
"6575","Dor_pernas","D53","0","72","55","70","2","55","0"
"6576","Retornar_trabalho","D53","0","99","20","97","2","20","0"
"6577","Masc","D53","0","48","88","46","2","88","0"
"6578","Fem","D53","0.0416666666666667","88","48","88","0","46","2"
"6579","Casado_Amasiado","D53","0.0363636363636364","81","55","81","0","53","2"
"6580","Solteiro","D53","0","77","59","75","2","59","0"
"6581","Separado_Divorciado","D53","0","129","7","127","2","7","0"
"6582","X4","D53","0","133","3","131","2","3","0"
"6583","X5","D53","0","134","2","132","2","2","0"
"6584","X6","D53","0","126","10","124","2","10","0"
"6585","Livrar_costas","D53","0.0116279069767442","14","86","14","0","85","1"
"6586","Livrar_perna","D53","0","86","14","85","1","14","0"
"6587","Livrar_perda_sens","D53","NaN","100","0","99","1","0","0"
"6588","D1","D53","0","135","1","133","2","1","0"
"6589","D15","D53","0","129","7","127","2","7","0"
"6590","D16","D53","0","116","20","114","2","20","0"
"6591","D17","D53","0","131","5","129","2","5","0"
"6592","D18","D53","0.0625","120","16","119","1","15","1"
"6593","D19","D53","0","129","7","127","2","7","0"
"6594","D2","D53","0.125","128","8","127","1","7","1"
"6595","D20","D53","0.125","128","8","127","1","7","1"
"6596","D21","D53","0.142857142857143","129","7","128","1","6","1"
"6597","D22","D53","0","134","2","132","2","2","0"
"6598","D23","D53","0","134","2","132","2","2","0"
"6599","D24","D53","0","110","26","108","2","26","0"
"6600","D25","D53","0","132","4","130","2","4","0"
"6601","D26","D53","0","134","2","132","2","2","0"
"6602","D27","D53","0","131","5","129","2","5","0"
"6603","D28","D53","0.166666666666667","130","6","129","1","5","1"
"6604","D29","D53","0","94","42","92","2","42","0"
"6605","D3","D53","0","134","2","132","2","2","0"
"6606","D30","D53","0","74","62","72","2","62","0"
"6607","D31","D53","0","119","17","117","2","17","0"
"6608","D32","D53","0","99","37","97","2","37","0"
"6609","D33","D53","0","124","12","122","2","12","0"
"6610","D34","D53","0.333333333333333","133","3","132","1","2","1"
"6611","D35","D53","0","134","2","132","2","2","0"
"6612","D36","D53","0","128","8","126","2","8","0"
"6613","D37","D53","0","114","22","112","2","22","0"
"6614","D38","D53","0","133","3","131","2","3","0"
"6615","D39","D53","0","121","15","119","2","15","0"
"6616","D4","D53","0","132","4","130","2","4","0"
"6617","D40","D53","0","131","5","129","2","5","0"
"6618","D41","D53","0","129","7","127","2","7","0"
"6619","D42","D53","0","133","3","131","2","3","0"
"6620","D43","D53","0.666666666666667","133","3","133","0","1","2"
"6621","D44","D53","0","98","38","96","2","38","0"
"6622","D45","D53","0","124","12","122","2","12","0"
"6623","D46","D53","0","98","38","96","2","38","0"
"6624","D47","D53","0","124","12","122","2","12","0"
"6625","D48","D53","0","110","26","108","2","26","0"
"6626","D49","D53","0","123","13","121","2","13","0"
"6627","D5","D53","0","133","3","131","2","3","0"
"6628","D50","D53","0.5","134","2","133","1","1","1"
"6629","D51","D53","0","135","1","133","2","1","0"
"6630","D52","D53","0.5","134","2","133","1","1","1"
"6631","D53","D53","1","134","2","134","0","0","2"
"6632","D9","D53","0","135","1","133","2","1","0"
"6633","RMDQ1_v1","D53","0.0232558139534884","73","43","73","0","42","1"
"6634","RMDQ2_v1","D53","0.0212765957446809","69","47","69","0","46","1"
"6635","RMDQ3_v1","D53","0","82","36","81","1","36","0"
"6636","RMDQ4_v1","D53","0.0384615384615385","92","26","92","0","25","1"
"6637","RMDQ5_v1","D53","0","85","33","84","1","33","0"
"6638","RMDQ6_v1","D53","0.0344827586206897","89","29","89","0","28","1"
"6639","RMDQ7_v1","D53","0.05","97","20","97","0","19","1"
"6640","RMDQ8_v1","D53","0","113","4","112","1","4","0"
"6641","RMDQ9_v1","D53","0.0555555555555556","99","18","99","0","17","1"
"6642","RMDQ10_v1","D53","0.0454545454545455","95","22","95","0","21","1"
"6643","RMDQ11_v1","D53","0.0434782608695652","94","23","94","0","22","1"
"6644","RMDQ12_v1","D53","0.0454545454545455","95","22","95","0","21","1"
"6645","RMDQ13_v1","D53","0.0454545454545455","95","22","95","0","21","1"
"6646","RMDQ14_v1","D53","0.04","92","25","92","0","24","1"
"6647","RMDQ15_v1","D53","0","102","15","101","1","15","0"
"6648","RMDQ16_v1","D53","0.0526315789473684","98","19","98","0","18","1"
"6649","RMDQ17_v1","D53","0","95","22","94","1","22","0"
"6650","RMDQ18_v1","D53","0","97","20","96","1","20","0"
"6651","RMDQ19_v1","D53","0","101","16","100","1","16","0"
"6652","RMDQ20_v1","D53","0.0476190476190476","96","21","96","0","20","1"
"6653","RMDQ21_v1","D53","0.0416666666666667","93","24","93","0","23","1"
"6654","RMDQ22_v1","D53","0","97","20","96","1","20","0"
"6655","RMDQ23_v1","D53","0","98","19","97","1","19","0"
"6656","RMDQ24_v1","D53","0.0526315789473684","98","19","98","0","18","1"
"6657","DN4_1a_v1","D53","0.0188679245283019","65","53","65","0","52","1"
"6658","DN4_1b_v1","D53","0.0416666666666667","94","24","94","0","23","1"
"6659","DN4_1c_v1","D53","0.0277777777777778","83","36","83","0","35","1"
"6660","DN4_2a_v1","D53","0.032258064516129","88","31","88","0","30","1"
"6661","DN4_2b_v1","D53","0.0277777777777778","83","36","83","0","35","1"
"6662","DN4_2c_v1","D53","0.0303030303030303","85","33","85","0","32","1"
"6663","DN4_2d_v1","D53","0","113","6","112","1","6","0"
"6664","DN4_3a_v1","D53","0.2","114","5","114","0","4","1"
"6665","DN4_3b_v1","D53","0.2","114","5","114","0","4","1"
"6666","DN4_4_v1","D53","0.25","115","4","115","0","3","1"
"6667","Fuma","D9","0.0217391304347826","82","46","82","0","45","1"
"6668","Cirurgia_coluna","D9","0.0181818181818182","63","55","63","0","54","1"
"6669","Aposentado","D9","0.032258064516129","101","31","101","0","30","1"
"6670","Desempregado","D9","0.04","105","25","105","0","24","1"
"6671","Licenca_Medica","D9","0.0555555555555556","114","18","114","0","17","1"
"6672","Aposentado_Invalidez","D9","0","123","8","122","1","8","0"
"6673","Analg.e9.sicos","D9","0.0113636363636364","42","88","42","0","87","1"
"6674","OutraDoenca","D9","0","80","50","79","1","50","0"
"6675","Dor_costas","D9","0.010989010989011","37","91","37","0","90","1"
"6676","Dor_pernas","D9","0.0181818181818182","72","55","72","0","54","1"
"6677","Retornar_trabalho","D9","0","99","20","98","1","20","0"
"6678","Masc","D9","0.0113636363636364","48","88","48","0","87","1"
"6679","Fem","D9","0","88","48","87","1","48","0"
"6680","Casado_Amasiado","D9","0","81","55","80","1","55","0"
"6681","Solteiro","D9","0.0169491525423729","77","59","77","0","58","1"
"6682","Separado_Divorciado","D9","0","129","7","128","1","7","0"
"6683","X4","D9","0","133","3","132","1","3","0"
"6684","X5","D9","0","134","2","133","1","2","0"
"6685","X6","D9","0","126","10","125","1","10","0"
"6686","Livrar_costas","D9","0.0116279069767442","14","86","14","0","85","1"
"6687","Livrar_perna","D9","0","86","14","85","1","14","0"
"6688","Livrar_perda_sens","D9","NaN","100","0","99","1","0","0"
"6689","D1","D9","0","135","1","134","1","1","0"
"6690","D15","D9","0.142857142857143","129","7","129","0","6","1"
"6691","D16","D9","0.05","116","20","116","0","19","1"
"6692","D17","D9","0","131","5","130","1","5","0"
"6693","D18","D9","0","120","16","119","1","16","0"
"6694","D19","D9","0","129","7","128","1","7","0"
"6695","D2","D9","0.125","128","8","128","0","7","1"
"6696","D20","D9","0","128","8","127","1","8","0"
"6697","D21","D9","0","129","7","128","1","7","0"
"6698","D22","D9","0","134","2","133","1","2","0"
"6699","D23","D9","0","134","2","133","1","2","0"
"6700","D24","D9","0","110","26","109","1","26","0"
"6701","D25","D9","0","132","4","131","1","4","0"
"6702","D26","D9","0","134","2","133","1","2","0"
"6703","D27","D9","0","131","5","130","1","5","0"
"6704","D28","D9","0","130","6","129","1","6","0"
"6705","D29","D9","0","94","42","93","1","42","0"
"6706","D3","D9","0","134","2","133","1","2","0"
"6707","D30","D9","0","74","62","73","1","62","0"
"6708","D31","D9","0","119","17","118","1","17","0"
"6709","D32","D9","0","99","37","98","1","37","0"
"6710","D33","D9","0","124","12","123","1","12","0"
"6711","D34","D9","0.333333333333333","133","3","133","0","2","1"
"6712","D35","D9","0.5","134","2","134","0","1","1"
"6713","D36","D9","0","128","8","127","1","8","0"
"6714","D37","D9","0.0454545454545455","114","22","114","0","21","1"
"6715","D38","D9","0","133","3","132","1","3","0"
"6716","D39","D9","0","121","15","120","1","15","0"
"6717","D4","D9","0.25","132","4","132","0","3","1"
"6718","D40","D9","0","131","5","130","1","5","0"
"6719","D41","D9","0","129","7","128","1","7","0"
"6720","D42","D9","0","133","3","132","1","3","0"
"6721","D43","D9","0","133","3","132","1","3","0"
"6722","D44","D9","0","98","38","97","1","38","0"
"6723","D45","D9","0","124","12","123","1","12","0"
"6724","D46","D9","0","98","38","97","1","38","0"
"6725","D47","D9","0","124","12","123","1","12","0"
"6726","D48","D9","0","110","26","109","1","26","0"
"6727","D49","D9","0","123","13","122","1","13","0"
"6728","D5","D9","0.333333333333333","133","3","133","0","2","1"
"6729","D50","D9","0","134","2","133","1","2","0"
"6730","D51","D9","1","135","1","135","0","0","1"
"6731","D52","D9","0","134","2","133","1","2","0"
"6732","D53","D9","0","134","2","133","1","2","0"
"6733","D9","D9","1","135","1","135","0","0","1"
"6734","RMDQ1_v1","D9","0.0232558139534884","73","43","73","0","42","1"
"6735","RMDQ2_v1","D9","0.0212765957446809","69","47","69","0","46","1"
"6736","RMDQ3_v1","D9","0.0277777777777778","82","36","82","0","35","1"
"6737","RMDQ4_v1","D9","0","92","26","91","1","26","0"
"6738","RMDQ5_v1","D9","0.0303030303030303","85","33","85","0","32","1"
"6739","RMDQ6_v1","D9","0.0344827586206897","89","29","89","0","28","1"
"6740","RMDQ7_v1","D9","0.05","97","20","97","0","19","1"
"6741","RMDQ8_v1","D9","0","113","4","112","1","4","0"
"6742","RMDQ9_v1","D9","0.0555555555555556","99","18","99","0","17","1"
"6743","RMDQ10_v1","D9","0.0454545454545455","95","22","95","0","21","1"
"6744","RMDQ11_v1","D9","0.0434782608695652","94","23","94","0","22","1"
"6745","RMDQ12_v1","D9","0.0454545454545455","95","22","95","0","21","1"
"6746","RMDQ13_v1","D9","0.0454545454545455","95","22","95","0","21","1"
"6747","RMDQ14_v1","D9","0.04","92","25","92","0","24","1"
"6748","RMDQ15_v1","D9","0.0666666666666667","102","15","102","0","14","1"
"6749","RMDQ16_v1","D9","0.0526315789473684","98","19","98","0","18","1"
"6750","RMDQ17_v1","D9","0.0454545454545455","95","22","95","0","21","1"
"6751","RMDQ18_v1","D9","0.05","97","20","97","0","19","1"
"6752","RMDQ19_v1","D9","0.0625","101","16","101","0","15","1"
"6753","RMDQ20_v1","D9","0.0476190476190476","96","21","96","0","20","1"
"6754","RMDQ21_v1","D9","0.0416666666666667","93","24","93","0","23","1"
"6755","RMDQ22_v1","D9","0.05","97","20","97","0","19","1"
"6756","RMDQ23_v1","D9","0.0526315789473684","98","19","98","0","18","1"
"6757","RMDQ24_v1","D9","0.0526315789473684","98","19","98","0","18","1"
"6758","DN4_1a_v1","D9","0.0188679245283019","65","53","65","0","52","1"
"6759","DN4_1b_v1","D9","0","94","24","93","1","24","0"
"6760","DN4_1c_v1","D9","0.0277777777777778","83","36","83","0","35","1"
"6761","DN4_2a_v1","D9","0.032258064516129","88","31","88","0","30","1"
"6762","DN4_2b_v1","D9","0.0277777777777778","83","36","83","0","35","1"
"6763","DN4_2c_v1","D9","0.0303030303030303","85","33","85","0","32","1"
"6764","DN4_2d_v1","D9","0.166666666666667","113","6","113","0","5","1"
"6765","DN4_3a_v1","D9","0.2","114","5","114","0","4","1"
"6766","DN4_3b_v1","D9","0.2","114","5","114","0","4","1"
"6767","DN4_4_v1","D9","0.25","115","4","115","0","3","1"
"6768","Fuma","RMDQ1_v1","0.333333333333333","146","36","84","62","24","12"
"6769","Cirurgia_coluna","RMDQ1_v1","0.397058823529412","126","68","78","48","41","27"
"6770","Aposentado","RMDQ1_v1","0.424242424242424","149","33","94","55","19","14"
"6771","Desempregado","RMDQ1_v1","0.5","152","26","98","54","13","13"
"6772","Licenca_Medica","RMDQ1_v1","0.263157894736842","161","19","97","64","14","5"
"6773","Aposentado_Invalidez","RMDQ1_v1","0.75","170","8","109","61","2","6"
"6774","Analg.e9.sicos","RMDQ1_v1","0.411347517730496","57","140","41","16","82","58"
"6775","OutraDoenca","RMDQ1_v1","0.44","113","75","72","41","42","33"
"6776","Dor_costas","RMDQ1_v1","0.414634146341463","67","122","44","23","71","51"
"6777","Dor_pernas","RMDQ1_v1","0.415384615384615","122","65","75","47","38","27"
"6778","Retornar_trabalho","RMDQ1_v1","0.473684210526316","167","19","106","61","10","9"
"6779","Masc","RMDQ1_v1","0.402684563758389","71","148","46","25","88","60"
"6780","Fem","RMDQ1_v1","0.352112676056338","148","71","88","60","46","25"
"6781","Casado_Amasiado","RMDQ1_v1","0.469135802469136","100","81","68","32","43","38"
"6782","Solteiro","RMDQ1_v1","0.32","107","74","61","46","50","24"
"6783","Separado_Divorciado","RMDQ1_v1","0.285714285714286","174","7","106","68","5","2"
"6784","X4","RMDQ1_v1","0","178","3","108","70","3","0"
"6785","X5","RMDQ1_v1","0.75","177","4","110","67","1","3"
"6786","X6","RMDQ1_v1","0.25","169","12","102","67","9","3"
"6787","Livrar_costas","RMDQ1_v1","0.420560747663551","16","106","10","6","61","45"
"6788","Livrar_perna","RMDQ1_v1","0.357142857142857","108","14","62","46","9","5"
"6789","Livrar_perda_sens","RMDQ1_v1","0.5","120","2","70","50","1","1"
"6790","D1","RMDQ1_v1","1","115","1","73","42","0","1"
"6791","D15","RMDQ1_v1","0.428571428571429","109","7","69","40","4","3"
"6792","D16","RMDQ1_v1","0.5","96","20","63","33","10","10"
"6793","D17","RMDQ1_v1","0.2","111","5","69","42","4","1"
"6794","D18","RMDQ1_v1","0.384615384615385","104","12","66","38","7","5"
"6795","D19","RMDQ1_v1","0.333333333333333","110","6","69","41","4","2"
"6796","D2","RMDQ1_v1","0.375","108","8","68","40","5","3"
"6797","D20","RMDQ1_v1","0.428571428571429","110","6","70","40","3","3"
"6798","D21","RMDQ1_v1","0.428571428571429","109","7","69","40","4","3"
"6799","D22","RMDQ1_v1","0","115","1","72","43","1","0"
"6800","D23","RMDQ1_v1","0.5","114","2","72","42","1","1"
"6801","D24","RMDQ1_v1","0.333333333333333","92","24","57","35","16","8"
"6802","D25","RMDQ1_v1","0.333333333333333","113","3","71","42","2","1"
"6803","D26","RMDQ1_v1","0.5","114","2","72","42","1","1"
"6804","D27","RMDQ1_v1","0.25","112","4","70","42","3","1"
"6805","D28","RMDQ1_v1","0.6","111","5","71","40","2","3"
"6806","D29","RMDQ1_v1","0.380952380952381","74","42","47","27","26","16"
"6807","D3","RMDQ1_v1","0.5","114","2","72","42","1","1"
"6808","D30","RMDQ1_v1","0.442622950819672","55","61","39","16","34","27"
"6809","D31","RMDQ1_v1","0.470588235294118","99","17","64","35","9","8"
"6810","D32","RMDQ1_v1","0.405405405405405","79","37","51","28","22","15"
"6811","D33","RMDQ1_v1","0.5","104","12","67","37","6","6"
"6812","D34","RMDQ1_v1","0.5","114","2","72","42","1","1"
"6813","D35","RMDQ1_v1","1","115","1","73","42","0","1"
"6814","D36","RMDQ1_v1","0.285714285714286","109","7","68","41","5","2"
"6815","D37","RMDQ1_v1","0.380952380952381","95","21","60","35","13","8"
"6816","D38","RMDQ1_v1","0.333333333333333","113","3","71","42","2","1"
"6817","D39","RMDQ1_v1","0.428571428571429","102","14","65","37","8","6"
"6818","D4","RMDQ1_v1","0.666666666666667","113","3","72","41","1","2"
"6819","D40","RMDQ1_v1","0.2","111","5","69","42","4","1"
"6820","D41","RMDQ1_v1","0.428571428571429","109","7","69","40","4","3"
"6821","D42","RMDQ1_v1","0.5","114","2","72","42","1","1"
"6822","D43","RMDQ1_v1","0.5","114","2","72","42","1","1"
"6823","D44","RMDQ1_v1","0.405405405405405","79","37","51","28","22","15"
"6824","D45","RMDQ1_v1","0.5","104","12","67","37","6","6"
"6825","D46","RMDQ1_v1","0.405405405405405","79","37","51","28","22","15"
"6826","D47","RMDQ1_v1","0.5","104","12","67","37","6","6"
"6827","D48","RMDQ1_v1","0.384615384615385","90","26","57","33","16","10"
"6828","D49","RMDQ1_v1","0.384615384615385","103","13","65","38","8","5"
"6829","D5","RMDQ1_v1","0.333333333333333","113","3","71","42","2","1"
"6830","D50","RMDQ1_v1","0","115","1","72","43","1","0"
"6831","D51","RMDQ1_v1","1","115","1","73","42","0","1"
"6832","D52","RMDQ1_v1","1","115","1","73","42","0","1"
"6833","D53","RMDQ1_v1","1","115","1","73","42","0","1"
"6834","D9","RMDQ1_v1","1","115","1","73","42","0","1"
"6835","RMDQ1_v1","RMDQ1_v1","1","134","85","134","0","0","85"
"6836","RMDQ2_v1","RMDQ1_v1","0.922222222222222","129","90","127","2","7","83"
"6837","RMDQ3_v1","RMDQ1_v1","0.607594936708861","141","78","104","37","30","48"
"6838","RMDQ4_v1","RMDQ1_v1","0.5","166","53","108","58","26","27"
"6839","RMDQ5_v1","RMDQ1_v1","0.625","147","72","107","40","27","45"
"6840","RMDQ6_v1","RMDQ1_v1","0.535714285714286","163","56","108","55","26","30"
"6841","RMDQ7_v1","RMDQ1_v1","0.846153846153846","180","39","128","52","6","33"
"6842","RMDQ8_v1","RMDQ1_v1","0.5","211","8","130","81","4","4"
"6843","RMDQ9_v1","RMDQ1_v1","0.911764705882353","185","34","131","54","3","31"
"6844","RMDQ10_v1","RMDQ1_v1","0.75","179","40","124","55","10","30"
"6845","RMDQ11_v1","RMDQ1_v1","0.714285714285714","177","42","122","55","12","30"
"6846","RMDQ12_v1","RMDQ1_v1","0.75","175","44","123","52","11","33"
"6847","RMDQ13_v1","RMDQ1_v1","0.717391304347826","173","46","121","52","13","33"
"6848","RMDQ14_v1","RMDQ1_v1","0.836734693877551","170","49","126","44","8","41"
"6849","RMDQ15_v1","RMDQ1_v1","0.935483870967742","188","31","132","56","2","29"
"6850","RMDQ16_v1","RMDQ1_v1","0.810810810810811","182","37","127","55","7","30"
"6851","RMDQ17_v1","RMDQ1_v1","0.714285714285714","170","49","120","50","14","35"
"6852","RMDQ18_v1","RMDQ1_v1","0.777777777777778","183","36","126","57","8","28"
"6853","RMDQ19_v1","RMDQ1_v1","0.875","187","32","130","57","4","28"
"6854","RMDQ20_v1","RMDQ1_v1","0.815789473684211","181","38","127","54","7","31"
"6855","RMDQ21_v1","RMDQ1_v1","0.854166666666667","171","48","127","44","7","41"
"6856","RMDQ22_v1","RMDQ1_v1","0.763157894736842","181","38","125","56","9","29"
"6857","RMDQ23_v1","RMDQ1_v1","0.783783783783784","182","37","126","56","8","29"
"6858","RMDQ24_v1","RMDQ1_v1","0.857142857142857","184","35","129","55","5","30"
"6859","DN4_1a_v1","RMDQ1_v1","0.4","109","99","68","41","59","40"
"6860","DN4_1b_v1","RMDQ1_v1","0.234042553191489","160","47","90","70","36","11"
"6861","DN4_1c_v1","RMDQ1_v1","0.4","152","59","95","57","35","24"
"6862","DN4_2a_v1","RMDQ1_v1","0.357142857142857","156","55","95","61","35","20"
"6863","DN4_2b_v1","RMDQ1_v1","0.387096774193548","150","61","93","57","37","24"
"6864","DN4_2c_v1","RMDQ1_v1","0.525423728813559","150","58","100","50","27","31"
"6865","DN4_2d_v1","RMDQ1_v1","0.545454545454545","200","11","125","75","5","6"
"6866","DN4_3a_v1","RMDQ1_v1","0.714285714285714","204","7","128","76","2","5"
"6867","DN4_3b_v1","RMDQ1_v1","0.571428571428571","204","7","127","77","3","4"
"6868","DN4_4_v1","RMDQ1_v1","0.666666666666667","205","6","128","77","2","4"
"6869","Fuma","RMDQ2_v1","0.361111111111111","146","36","81","65","23","13"
"6870","Cirurgia_coluna","RMDQ2_v1","0.397058823529412","126","68","75","51","41","27"
"6871","Aposentado","RMDQ2_v1","0.454545454545455","149","33","90","59","18","15"
"6872","Desempregado","RMDQ2_v1","0.576923076923077","152","26","95","57","11","15"
"6873","Licenca_Medica","RMDQ2_v1","0.315789473684211","161","19","93","68","13","6"
"6874","Aposentado_Invalidez","RMDQ2_v1","0.625","170","8","102","68","3","5"
"6875","Analg.e9.sicos","RMDQ2_v1","0.446808510638298","57","140","41","16","77","63"
"6876","OutraDoenca","RMDQ2_v1","0.466666666666667","113","75","69","44","40","35"
"6877","Dor_costas","RMDQ2_v1","0.463414634146341","67","122","45","22","65","57"
"6878","Dor_pernas","RMDQ2_v1","0.446153846153846","122","65","72","50","36","29"
"6879","Retornar_trabalho","RMDQ2_v1","0.578947368421053","167","19","102","65","8","11"
"6880","Masc","RMDQ2_v1","0.429530201342282","71","148","45","26","84","64"
"6881","Fem","RMDQ2_v1","0.366197183098592","148","71","84","64","45","26"
"6882","Casado_Amasiado","RMDQ2_v1","0.506172839506173","100","81","66","34","40","41"
"6883","Solteiro","RMDQ2_v1","0.346666666666667","107","74","58","49","48","26"
"6884","Separado_Divorciado","RMDQ2_v1","0.285714285714286","174","7","101","73","5","2"
"6885","X4","RMDQ2_v1","0","178","3","103","75","3","0"
"6886","X5","RMDQ2_v1","0.75","177","4","105","72","1","3"
"6887","X6","RMDQ2_v1","0.25","169","12","97","72","9","3"
"6888","Livrar_costas","RMDQ2_v1","0.467289719626168","16","106","10","6","56","50"
"6889","Livrar_perna","RMDQ2_v1","0.357142857142857","108","14","57","51","9","5"
"6890","Livrar_perda_sens","RMDQ2_v1","0.5","120","2","65","55","1","1"
"6891","D1","RMDQ2_v1","1","115","1","69","46","0","1"
"6892","D15","RMDQ2_v1","0.428571428571429","109","7","65","44","4","3"
"6893","D16","RMDQ2_v1","0.45","96","20","58","38","11","9"
"6894","D17","RMDQ2_v1","0.4","111","5","66","45","3","2"
"6895","D18","RMDQ2_v1","0.615384615384615","104","12","65","39","4","8"
"6896","D19","RMDQ2_v1","0.666666666666667","110","6","67","43","2","4"
"6897","D2","RMDQ2_v1","0.5","108","8","65","43","4","4"
"6898","D20","RMDQ2_v1","0.571428571428571","110","6","67","43","2","4"
"6899","D21","RMDQ2_v1","0.714285714285714","109","7","67","42","2","5"
"6900","D22","RMDQ2_v1","1","115","1","69","46","0","1"
"6901","D23","RMDQ2_v1","1","114","2","69","45","0","2"
"6902","D24","RMDQ2_v1","0.458333333333333","92","24","56","36","13","11"
"6903","D25","RMDQ2_v1","0.666666666666667","113","3","68","45","1","2"
"6904","D26","RMDQ2_v1","1","114","2","69","45","0","2"
"6905","D27","RMDQ2_v1","0.5","112","4","67","45","2","2"
"6906","D28","RMDQ2_v1","0.8","111","5","68","43","1","4"
"6907","D29","RMDQ2_v1","0.357142857142857","74","42","42","32","27","15"
"6908","D3","RMDQ2_v1","0.5","114","2","68","46","1","1"
"6909","D30","RMDQ2_v1","0.459016393442623","55","61","36","19","33","28"
"6910","D31","RMDQ2_v1","0.470588235294118","99","17","60","39","9","8"
"6911","D32","RMDQ2_v1","0.378378378378378","79","37","46","33","23","14"
"6912","D33","RMDQ2_v1","0.416666666666667","104","12","62","42","7","5"
"6913","D34","RMDQ2_v1","0.5","114","2","68","46","1","1"
"6914","D35","RMDQ2_v1","1","115","1","69","46","0","1"
"6915","D36","RMDQ2_v1","0.285714285714286","109","7","64","45","5","2"
"6916","D37","RMDQ2_v1","0.380952380952381","95","21","56","39","13","8"
"6917","D38","RMDQ2_v1","0.333333333333333","113","3","67","46","2","1"
"6918","D39","RMDQ2_v1","0.428571428571429","102","14","61","41","8","6"
"6919","D4","RMDQ2_v1","0.666666666666667","113","3","68","45","1","2"
"6920","D40","RMDQ2_v1","0.2","111","5","65","46","4","1"
"6921","D41","RMDQ2_v1","0.285714285714286","109","7","64","45","5","2"
"6922","D42","RMDQ2_v1","1","114","2","69","45","0","2"
"6923","D43","RMDQ2_v1","1","114","2","69","45","0","2"
"6924","D44","RMDQ2_v1","0.405405405405405","79","37","47","32","22","15"
"6925","D45","RMDQ2_v1","0.5","104","12","63","41","6","6"
"6926","D46","RMDQ2_v1","0.432432432432432","79","37","48","31","21","16"
"6927","D47","RMDQ2_v1","0.583333333333333","104","12","64","40","5","7"
"6928","D48","RMDQ2_v1","0.384615384615385","90","26","53","37","16","10"
"6929","D49","RMDQ2_v1","0.461538461538462","103","13","62","41","7","6"
"6930","D5","RMDQ2_v1","0.666666666666667","113","3","68","45","1","2"
"6931","D50","RMDQ2_v1","0","115","1","68","47","1","0"
"6932","D51","RMDQ2_v1","1","115","1","69","46","0","1"
"6933","D52","RMDQ2_v1","1","115","1","69","46","0","1"
"6934","D53","RMDQ2_v1","1","115","1","69","46","0","1"
"6935","D9","RMDQ2_v1","1","115","1","69","46","0","1"
"6936","RMDQ1_v1","RMDQ2_v1","0.976470588235294","134","85","127","7","2","83"
"6937","RMDQ2_v1","RMDQ2_v1","1","129","90","129","0","0","90"
"6938","RMDQ3_v1","RMDQ2_v1","0.670886075949367","141","78","104","37","25","53"
"6939","RMDQ4_v1","RMDQ2_v1","0.574074074074074","166","53","107","59","22","31"
"6940","RMDQ5_v1","RMDQ2_v1","0.680555555555556","147","72","106","41","23","49"
"6941","RMDQ6_v1","RMDQ2_v1","0.553571428571429","163","56","104","59","25","31"
"6942","RMDQ7_v1","RMDQ2_v1","0.897435897435897","180","39","125","55","4","35"
"6943","RMDQ8_v1","RMDQ2_v1","0.625","211","8","126","85","3","5"
"6944","RMDQ9_v1","RMDQ2_v1","0.882352941176471","185","34","125","60","4","30"
"6945","RMDQ10_v1","RMDQ2_v1","0.825","179","40","122","57","7","33"
"6946","RMDQ11_v1","RMDQ2_v1","0.785714285714286","177","42","120","57","9","33"
"6947","RMDQ12_v1","RMDQ2_v1","0.772727272727273","175","44","119","56","10","34"
"6948","RMDQ13_v1","RMDQ2_v1","0.695652173913043","173","46","115","58","14","32"
"6949","RMDQ14_v1","RMDQ2_v1","0.918367346938776","170","49","125","45","4","45"
"6950","RMDQ15_v1","RMDQ2_v1","0.935483870967742","188","31","127","61","2","29"
"6951","RMDQ16_v1","RMDQ2_v1","0.810810810810811","182","37","122","60","7","30"
"6952","RMDQ17_v1","RMDQ2_v1","0.755102040816326","170","49","117","53","12","37"
"6953","RMDQ18_v1","RMDQ2_v1","0.888888888888889","183","36","125","58","4","32"
"6954","RMDQ19_v1","RMDQ2_v1","0.84375","187","32","124","63","5","27"
"6955","RMDQ20_v1","RMDQ2_v1","0.842105263157895","181","38","123","58","6","32"
"6956","RMDQ21_v1","RMDQ2_v1","0.916666666666667","171","48","125","46","4","44"
"6957","RMDQ22_v1","RMDQ2_v1","0.789473684210526","181","38","121","60","8","30"
"6958","RMDQ23_v1","RMDQ2_v1","0.810810810810811","182","37","122","60","7","30"
"6959","RMDQ24_v1","RMDQ2_v1","0.885714285714286","184","35","125","59","4","31"
"6960","DN4_1a_v1","RMDQ2_v1","0.43","109","99","70","39","56","43"
"6961","DN4_1b_v1","RMDQ2_v1","0.234042553191489","160","47","89","71","36","11"
"6962","DN4_1c_v1","RMDQ2_v1","0.45","152","59","97","55","32","27"
"6963","DN4_2a_v1","RMDQ2_v1","0.375","156","55","95","61","34","21"
"6964","DN4_2b_v1","RMDQ2_v1","0.419354838709677","150","61","94","56","35","26"
"6965","DN4_2c_v1","RMDQ2_v1","0.508474576271186","150","58","98","52","28","30"
"6966","DN4_2d_v1","RMDQ2_v1","0.454545454545455","200","11","123","77","6","5"
"6967","DN4_3a_v1","RMDQ2_v1","0.714285714285714","204","7","127","77","2","5"
"6968","DN4_3b_v1","RMDQ2_v1","0.571428571428571","204","7","126","78","3","4"
"6969","DN4_4_v1","RMDQ2_v1","0.666666666666667","205","6","127","78","2","4"
"6970","Fuma","RMDQ3_v1","0.361111111111111","148","36","93","55","23","13"
"6971","Cirurgia_coluna","RMDQ3_v1","0.347826086956522","127","69","79","48","45","24"
"6972","Aposentado","RMDQ3_v1","0.441176470588235","150","34","96","54","19","15"
"6973","Desempregado","RMDQ3_v1","0.307692307692308","154","26","93","61","18","8"
"6974","Licenca_Medica","RMDQ3_v1","0.210526315789474","163","19","98","65","15","4"
"6975","Aposentado_Invalidez","RMDQ3_v1","0.375","172","8","106","66","5","3"
"6976","Analg.e9.sicos","RMDQ3_v1","0.415492957746479","57","142","45","12","83","59"
"6977","OutraDoenca","RMDQ3_v1","0.407894736842105","114","76","75","39","45","31"
"6978","Dor_costas","RMDQ3_v1","0.395161290322581","67","124","45","22","75","49"
"6979","Dor_pernas","RMDQ3_v1","0.353846153846154","124","65","77","47","42","23"
"6980","Retornar_trabalho","RMDQ3_v1","0.55","168","20","109","59","9","11"
"6981","Masc","RMDQ3_v1","0.373333333333333","71","150","47","24","94","56"
"6982","Fem","RMDQ3_v1","0.338028169014085","150","71","94","56","47","24"
"6983","Casado_Amasiado","RMDQ3_v1","0.419753086419753","102","81","70","32","47","34"
"6984","Solteiro","RMDQ3_v1","0.306666666666667","108","75","65","43","52","23"
"6985","Separado_Divorciado","RMDQ3_v1","0.25","175","8","111","64","6","2"
"6986","X4","RMDQ3_v1","0","180","3","114","66","3","0"
"6987","X5","RMDQ3_v1","0.25","179","4","114","65","3","1"
"6988","X6","RMDQ3_v1","0.5","171","12","111","60","6","6"
"6989","Livrar_costas","RMDQ3_v1","0.407407407407407","16","108","13","3","64","44"
"6990","Livrar_perna","RMDQ3_v1","0.214285714285714","110","14","66","44","11","3"
"6991","Livrar_perda_sens","RMDQ3_v1","0","122","2","75","47","2","0"
"6992","D1","RMDQ3_v1","1","117","1","82","35","0","1"
"6993","D15","RMDQ3_v1","0.142857142857143","111","7","76","35","6","1"
"6994","D16","RMDQ3_v1","0.6","98","20","74","24","8","12"
"6995","D17","RMDQ3_v1","0.4","113","5","79","34","3","2"
"6996","D18","RMDQ3_v1","0.461538461538462","105","13","75","30","7","6"
"6997","D19","RMDQ3_v1","0.666666666666667","112","6","80","32","2","4"
"6998","D2","RMDQ3_v1","0.375","110","8","77","33","5","3"
"6999","D20","RMDQ3_v1","0.428571428571429","111","7","78","33","4","3"
"7000","D21","RMDQ3_v1","0.428571428571429","111","7","78","33","4","3"
"7001","D22","RMDQ3_v1","1","117","1","82","35","0","1"
"7002","D23","RMDQ3_v1","0","116","2","80","36","2","0"
"7003","D24","RMDQ3_v1","0.208333333333333","94","24","63","31","19","5"
"7004","D25","RMDQ3_v1","0.333333333333333","115","3","80","35","2","1"
"7005","D26","RMDQ3_v1","0.5","116","2","81","35","1","1"
"7006","D27","RMDQ3_v1","0.5","114","4","80","34","2","2"
"7007","D28","RMDQ3_v1","0.2","113","5","78","35","4","1"
"7008","D29","RMDQ3_v1","0.380952380952381","76","42","56","20","26","16"
"7009","D3","RMDQ3_v1","0.5","116","2","81","35","1","1"
"7010","D30","RMDQ3_v1","0.387096774193548","56","62","44","12","38","24"
"7011","D31","RMDQ3_v1","0.176470588235294","101","17","68","33","14","3"
"7012","D32","RMDQ3_v1","0.405405405405405","81","37","60","21","22","15"
"7013","D33","RMDQ3_v1","0.0833333333333333","106","12","71","35","11","1"
"7014","D34","RMDQ3_v1","0.5","116","2","81","35","1","1"
"7015","D35","RMDQ3_v1","1","117","1","82","35","0","1"
"7016","D36","RMDQ3_v1","0.142857142857143","111","7","76","35","6","1"
"7017","D37","RMDQ3_v1","0.571428571428571","97","21","73","24","9","12"
"7018","D38","RMDQ3_v1","0","115","3","79","36","3","0"
"7019","D39","RMDQ3_v1","0.714285714285714","104","14","78","26","4","10"
"7020","D4","RMDQ3_v1","0.666666666666667","115","3","81","34","1","2"
"7021","D40","RMDQ3_v1","0","113","5","77","36","5","0"
"7022","D41","RMDQ3_v1","0.142857142857143","111","7","76","35","6","1"
"7023","D42","RMDQ3_v1","0.5","116","2","81","35","1","1"
"7024","D43","RMDQ3_v1","0.5","116","2","81","35","1","1"
"7025","D44","RMDQ3_v1","0.378378378378378","81","37","59","22","23","14"
"7026","D45","RMDQ3_v1","0.166666666666667","106","12","72","34","10","2"
"7027","D46","RMDQ3_v1","0.405405405405405","81","37","60","21","22","15"
"7028","D47","RMDQ3_v1","0.25","106","12","73","33","9","3"
"7029","D48","RMDQ3_v1","0.423076923076923","92","26","67","25","15","11"
"7030","D49","RMDQ3_v1","0.153846153846154","105","13","71","34","11","2"
"7031","D5","RMDQ3_v1","0.666666666666667","115","3","81","34","1","2"
"7032","D50","RMDQ3_v1","0","117","1","81","36","1","0"
"7033","D51","RMDQ3_v1","1","117","1","82","35","0","1"
"7034","D52","RMDQ3_v1","0","117","1","81","36","1","0"
"7035","D53","RMDQ3_v1","0","117","1","81","36","1","0"
"7036","D9","RMDQ3_v1","1","117","1","82","35","0","1"
"7037","RMDQ1_v1","RMDQ3_v1","0.564705882352941","134","85","104","30","37","48"
"7038","RMDQ2_v1","RMDQ3_v1","0.588888888888889","129","90","104","25","37","53"
"7039","RMDQ3_v1","RMDQ3_v1","1","141","80","141","0","0","80"
"7040","RMDQ4_v1","RMDQ3_v1","0.945454545454545","166","55","138","28","3","52"
"7041","RMDQ5_v1","RMDQ3_v1","0.986301369863014","148","73","140","8","1","72"
"7042","RMDQ6_v1","RMDQ3_v1","0.929824561403509","164","57","137","27","4","53"
"7043","RMDQ7_v1","RMDQ3_v1","0.871794871794872","181","39","136","45","5","34"
"7044","RMDQ8_v1","RMDQ3_v1","1","212","8","141","71","0","8"
"7045","RMDQ9_v1","RMDQ3_v1","0.941176470588235","186","34","139","47","2","32"
"7046","RMDQ10_v1","RMDQ3_v1","0.825","180","40","134","46","7","33"
"7047","RMDQ11_v1","RMDQ3_v1","0.880952380952381","178","42","136","42","5","37"
"7048","RMDQ12_v1","RMDQ3_v1","0.840909090909091","176","44","134","42","7","37"
"7049","RMDQ13_v1","RMDQ3_v1","0.826086956521739","174","46","133","41","8","38"
"7050","RMDQ14_v1","RMDQ3_v1","0.755102040816326","171","49","129","42","12","37"
"7051","RMDQ15_v1","RMDQ3_v1","0.870967741935484","189","31","137","52","4","27"
"7052","RMDQ16_v1","RMDQ3_v1","0.864864864864865","183","37","136","47","5","32"
"7053","RMDQ17_v1","RMDQ3_v1","0.836734693877551","171","49","133","38","8","41"
"7054","RMDQ18_v1","RMDQ3_v1","0.916666666666667","184","36","138","46","3","33"
"7055","RMDQ19_v1","RMDQ3_v1","0.9375","188","32","139","49","2","30"
"7056","RMDQ20_v1","RMDQ3_v1","0.868421052631579","182","38","136","46","5","33"
"7057","RMDQ21_v1","RMDQ3_v1","0.854166666666667","172","48","134","38","7","41"
"7058","RMDQ22_v1","RMDQ3_v1","0.973684210526316","182","38","140","42","1","37"
"7059","RMDQ23_v1","RMDQ3_v1","0.891891891891892","183","37","137","46","4","33"
"7060","RMDQ24_v1","RMDQ3_v1","0.942857142857143","185","35","139","46","2","33"
"7061","DN4_1a_v1","RMDQ3_v1","0.42","109","100","76","33","58","42"
"7062","DN4_1b_v1","RMDQ3_v1","0.48936170212766","161","47","113","48","24","23"
"7063","DN4_1c_v1","RMDQ3_v1","0.316666666666667","152","60","96","56","41","19"
"7064","DN4_2a_v1","RMDQ3_v1","0.357142857142857","156","56","101","55","36","20"
"7065","DN4_2b_v1","RMDQ3_v1","0.419354838709677","150","62","101","49","36","26"
"7066","DN4_2c_v1","RMDQ3_v1","0.440677966101695","150","59","101","49","33","26"
"7067","DN4_2d_v1","RMDQ3_v1","0.181818181818182","201","11","128","73","9","2"
"7068","DN4_3a_v1","RMDQ3_v1","0.714285714285714","205","7","135","70","2","5"
"7069","DN4_3b_v1","RMDQ3_v1","0.571428571428571","205","7","134","71","3","4"
"7070","DN4_4_v1","RMDQ3_v1","0.666666666666667","206","6","135","71","2","4"
"7071","Fuma","RMDQ4_v1","0.222222222222222","148","36","110","38","28","8"
"7072","Cirurgia_coluna","RMDQ4_v1","0.202898550724638","127","69","89","38","55","14"
"7073","Aposentado","RMDQ4_v1","0.411764705882353","150","34","114","36","20","14"
"7074","Desempregado","RMDQ4_v1","0.230769230769231","154","26","110","44","20","6"
"7075","Licenca_Medica","RMDQ4_v1","0.105263157894737","163","19","115","48","17","2"
"7076","Aposentado_Invalidez","RMDQ4_v1","0","172","8","121","51","8","0"
"7077","Analg.e9.sicos","RMDQ4_v1","0.28169014084507","57","142","48","9","102","40"
"7078","OutraDoenca","RMDQ4_v1","0.315789473684211","114","76","88","26","52","24"
"7079","Dor_costas","RMDQ4_v1","0.266129032258065","67","124","49","18","91","33"
"7080","Dor_pernas","RMDQ4_v1","0.184615384615385","124","65","85","39","53","12"
"7081","Retornar_trabalho","RMDQ4_v1","0.45","168","20","128","40","11","9"
"7082","Masc","RMDQ4_v1","0.246666666666667","71","150","53","18","113","37"
"7083","Fem","RMDQ4_v1","0.253521126760563","150","71","113","37","53","18"
"7084","Casado_Amasiado","RMDQ4_v1","0.308641975308642","102","81","80","22","56","25"
"7085","Solteiro","RMDQ4_v1","0.213333333333333","108","75","77","31","59","16"
"7086","Separado_Divorciado","RMDQ4_v1","0.25","175","8","130","45","6","2"
"7087","X4","RMDQ4_v1","0","180","3","133","47","3","0"
"7088","X5","RMDQ4_v1","0","179","4","132","47","4","0"
"7089","X6","RMDQ4_v1","0.333333333333333","171","12","128","43","8","4"
"7090","Livrar_costas","RMDQ4_v1","0.296296296296296","16","108","15","1","76","32"
"7091","Livrar_perna","RMDQ4_v1","0.0714285714285714","110","14","78","32","13","1"
"7092","Livrar_perda_sens","RMDQ4_v1","0","122","2","89","33","2","0"
"7093","D1","RMDQ4_v1","1","117","1","92","25","0","1"
"7094","D15","RMDQ4_v1","0","111","7","85","26","7","0"
"7095","D16","RMDQ4_v1","0.35","98","20","79","19","13","7"
"7096","D17","RMDQ4_v1","0.2","113","5","88","25","4","1"
"7097","D18","RMDQ4_v1","0.461538461538462","105","13","85","20","7","6"
"7098","D19","RMDQ4_v1","0.166666666666667","112","6","87","25","5","1"
"7099","D2","RMDQ4_v1","0.125","110","8","85","25","7","1"
"7100","D20","RMDQ4_v1","0.428571428571429","111","7","88","23","4","3"
"7101","D21","RMDQ4_v1","0.285714285714286","111","7","87","24","5","2"
"7102","D22","RMDQ4_v1","1","117","1","92","25","0","1"
"7103","D23","RMDQ4_v1","0.5","116","2","91","25","1","1"
"7104","D24","RMDQ4_v1","0.0833333333333333","94","24","70","24","22","2"
"7105","D25","RMDQ4_v1","0.333333333333333","115","3","90","25","2","1"
"7106","D26","RMDQ4_v1","0.5","116","2","91","25","1","1"
"7107","D27","RMDQ4_v1","0.5","114","4","90","24","2","2"
"7108","D28","RMDQ4_v1","0.6","113","5","90","23","2","3"
"7109","D29","RMDQ4_v1","0.238095238095238","76","42","60","16","32","10"
"7110","D3","RMDQ4_v1","0","116","2","90","26","2","0"
"7111","D30","RMDQ4_v1","0.241935483870968","56","62","45","11","47","15"
"7112","D31","RMDQ4_v1","0.117647058823529","101","17","77","24","15","2"
"7113","D32","RMDQ4_v1","0.216216216216216","81","37","63","18","29","8"
"7114","D33","RMDQ4_v1","0","106","12","80","26","12","0"
"7115","D34","RMDQ4_v1","0","116","2","90","26","2","0"
"7116","D35","RMDQ4_v1","0","117","1","91","26","1","0"
"7117","D36","RMDQ4_v1","0.142857142857143","111","7","86","25","6","1"
"7118","D37","RMDQ4_v1","0.333333333333333","97","21","78","19","14","7"
"7119","D38","RMDQ4_v1","0","115","3","89","26","3","0"
"7120","D39","RMDQ4_v1","0.5","104","14","85","19","7","7"
"7121","D4","RMDQ4_v1","0","115","3","89","26","3","0"
"7122","D40","RMDQ4_v1","0","113","5","87","26","5","0"
"7123","D41","RMDQ4_v1","0.142857142857143","111","7","86","25","6","1"
"7124","D42","RMDQ4_v1","0.5","116","2","91","25","1","1"
"7125","D43","RMDQ4_v1","1","116","2","92","24","0","2"
"7126","D44","RMDQ4_v1","0.189189189189189","81","37","62","19","30","7"
"7127","D45","RMDQ4_v1","0","106","12","80","26","12","0"
"7128","D46","RMDQ4_v1","0.189189189189189","81","37","62","19","30","7"
"7129","D47","RMDQ4_v1","0","106","12","80","26","12","0"
"7130","D48","RMDQ4_v1","0.307692307692308","92","26","74","18","18","8"
"7131","D49","RMDQ4_v1","0","105","13","79","26","13","0"
"7132","D5","RMDQ4_v1","0","115","3","89","26","3","0"
"7133","D50","RMDQ4_v1","0","117","1","91","26","1","0"
"7134","D51","RMDQ4_v1","0","117","1","91","26","1","0"
"7135","D52","RMDQ4_v1","0","117","1","91","26","1","0"
"7136","D53","RMDQ4_v1","1","117","1","92","25","0","1"
"7137","D9","RMDQ4_v1","0","117","1","91","26","1","0"
"7138","RMDQ1_v1","RMDQ4_v1","0.317647058823529","134","85","108","26","58","27"
"7139","RMDQ2_v1","RMDQ4_v1","0.344444444444444","129","90","107","22","59","31"
"7140","RMDQ3_v1","RMDQ4_v1","0.65","141","80","138","3","28","52"
"7141","RMDQ4_v1","RMDQ4_v1","1","166","55","166","0","0","55"
"7142","RMDQ5_v1","RMDQ4_v1","0.643835616438356","148","73","140","8","26","47"
"7143","RMDQ6_v1","RMDQ4_v1","0.56140350877193","164","57","141","23","25","32"
"7144","RMDQ7_v1","RMDQ4_v1","0.256410256410256","181","39","137","44","29","10"
"7145","RMDQ8_v1","RMDQ4_v1","0.875","212","8","165","47","1","7"
"7146","RMDQ9_v1","RMDQ4_v1","0.323529411764706","186","34","143","43","23","11"
"7147","RMDQ10_v1","RMDQ4_v1","0.35","180","40","140","40","26","14"
"7148","RMDQ11_v1","RMDQ4_v1","0.428571428571429","178","42","142","36","24","18"
"7149","RMDQ12_v1","RMDQ4_v1","0.363636363636364","176","44","138","38","28","16"
"7150","RMDQ13_v1","RMDQ4_v1","0.369565217391304","174","46","137","37","29","17"
"7151","RMDQ14_v1","RMDQ4_v1","0.36734693877551","171","49","135","36","31","18"
"7152","RMDQ15_v1","RMDQ4_v1","0.161290322580645","189","31","140","49","26","5"
"7153","RMDQ16_v1","RMDQ4_v1","0.297297297297297","183","37","140","43","26","11"
"7154","RMDQ17_v1","RMDQ4_v1","0.387755102040816","171","49","136","35","30","19"
"7155","RMDQ18_v1","RMDQ4_v1","0.361111111111111","184","36","143","41","23","13"
"7156","RMDQ19_v1","RMDQ4_v1","0.25","188","32","142","46","24","8"
"7157","RMDQ20_v1","RMDQ4_v1","0.315789473684211","182","38","140","42","26","12"
"7158","RMDQ21_v1","RMDQ4_v1","0.458333333333333","172","48","140","32","26","22"
"7159","RMDQ22_v1","RMDQ4_v1","0.394736842105263","182","38","143","39","23","15"
"7160","RMDQ23_v1","RMDQ4_v1","0.297297297297297","183","37","140","43","26","11"
"7161","RMDQ24_v1","RMDQ4_v1","0.342857142857143","185","35","143","42","23","12"
"7162","DN4_1a_v1","RMDQ4_v1","0.23","109","100","85","24","77","23"
"7163","DN4_1b_v1","RMDQ4_v1","0.361702127659574","161","47","135","26","30","17"
"7164","DN4_1c_v1","RMDQ4_v1","0.166666666666667","152","60","115","37","50","10"
"7165","DN4_2a_v1","RMDQ4_v1","0.232142857142857","156","56","122","34","43","13"
"7166","DN4_2b_v1","RMDQ4_v1","0.258064516129032","150","62","119","31","46","16"
"7167","DN4_2c_v1","RMDQ4_v1","0.288135593220339","150","59","120","30","42","17"
"7168","DN4_2d_v1","RMDQ4_v1","0","201","11","154","47","11","0"
"7169","DN4_3a_v1","RMDQ4_v1","0.142857142857143","205","7","159","46","6","1"
"7170","DN4_3b_v1","RMDQ4_v1","0","205","7","158","47","7","0"
"7171","DN4_4_v1","RMDQ4_v1","0","206","6","159","47","6","0"
"7172","Fuma","RMDQ5_v1","0.388888888888889","148","36","100","48","22","14"
"7173","Cirurgia_coluna","RMDQ5_v1","0.318840579710145","127","69","84","43","47","22"
"7174","Aposentado","RMDQ5_v1","0.441176470588235","150","34","103","47","19","15"
"7175","Desempregado","RMDQ5_v1","0.269230769230769","154","26","99","55","19","7"
"7176","Licenca_Medica","RMDQ5_v1","0.210526315789474","163","19","105","58","15","4"
"7177","Aposentado_Invalidez","RMDQ5_v1","0.5","172","8","113","59","4","4"
"7178","Analg.e9.sicos","RMDQ5_v1","0.387323943661972","57","142","47","10","87","55"
"7179","OutraDoenca","RMDQ5_v1","0.394736842105263","114","76","80","34","46","30"
"7180","Dor_costas","RMDQ5_v1","0.346774193548387","67","124","46","21","81","43"
"7181","Dor_pernas","RMDQ5_v1","0.338461538461538","124","65","82","42","43","22"
"7182","Retornar_trabalho","RMDQ5_v1","0.6","168","20","117","51","8","12"
"7183","Masc","RMDQ5_v1","0.34","71","150","49","22","99","51"
"7184","Fem","RMDQ5_v1","0.309859154929577","150","71","99","51","49","22"
"7185","Casado_Amasiado","RMDQ5_v1","0.37037037037037","102","81","71","31","51","30"
"7186","Solteiro","RMDQ5_v1","0.28","108","75","68","40","54","21"
"7187","Separado_Divorciado","RMDQ5_v1","0.25","175","8","116","59","6","2"
"7188","X4","RMDQ5_v1","0","180","3","119","61","3","0"
"7189","X5","RMDQ5_v1","0.25","179","4","119","60","3","1"
"7190","X6","RMDQ5_v1","0.583333333333333","171","12","117","54","5","7"
"7191","Livrar_costas","RMDQ5_v1","0.351851851851852","16","108","13","3","70","38"
"7192","Livrar_perna","RMDQ5_v1","0.214285714285714","110","14","72","38","11","3"
"7193","Livrar_perda_sens","RMDQ5_v1","0","122","2","81","41","2","0"
"7194","D1","RMDQ5_v1","0","117","1","84","33","1","0"
"7195","D15","RMDQ5_v1","0.142857142857143","111","7","79","32","6","1"
"7196","D16","RMDQ5_v1","0.65","98","20","78","20","7","13"
"7197","D17","RMDQ5_v1","0.2","113","5","81","32","4","1"
"7198","D18","RMDQ5_v1","0.307692307692308","105","13","76","29","9","4"
"7199","D19","RMDQ5_v1","0.5","112","6","82","30","3","3"
"7200","D2","RMDQ5_v1","0.375","110","8","80","30","5","3"
"7201","D20","RMDQ5_v1","0.142857142857143","111","7","79","32","6","1"
"7202","D21","RMDQ5_v1","0.285714285714286","111","7","80","31","5","2"
"7203","D22","RMDQ5_v1","1","117","1","85","32","0","1"
"7204","D23","RMDQ5_v1","0","116","2","83","33","2","0"
"7205","D24","RMDQ5_v1","0.166666666666667","94","24","65","29","20","4"
"7206","D25","RMDQ5_v1","0","115","3","82","33","3","0"
"7207","D26","RMDQ5_v1","0.5","116","2","84","32","1","1"
"7208","D27","RMDQ5_v1","0.5","114","4","83","31","2","2"
"7209","D28","RMDQ5_v1","0.2","113","5","81","32","4","1"
"7210","D29","RMDQ5_v1","0.404761904761905","76","42","60","16","25","17"
"7211","D3","RMDQ5_v1","0.5","116","2","84","32","1","1"
"7212","D30","RMDQ5_v1","0.387096774193548","56","62","47","9","38","24"
"7213","D31","RMDQ5_v1","0.176470588235294","101","17","71","30","14","3"
"7214","D32","RMDQ5_v1","0.432432432432432","81","37","64","17","21","16"
"7215","D33","RMDQ5_v1","0.0833333333333333","106","12","74","32","11","1"
"7216","D34","RMDQ5_v1","0.5","116","2","84","32","1","1"
"7217","D35","RMDQ5_v1","1","117","1","85","32","0","1"
"7218","D36","RMDQ5_v1","0.142857142857143","111","7","79","32","6","1"
"7219","D37","RMDQ5_v1","0.619047619047619","97","21","77","20","8","13"
"7220","D38","RMDQ5_v1","0","115","3","82","33","3","0"
"7221","D39","RMDQ5_v1","0.785714285714286","104","14","82","22","3","11"
"7222","D4","RMDQ5_v1","0.666666666666667","115","3","84","31","1","2"
"7223","D40","RMDQ5_v1","0","113","5","80","33","5","0"
"7224","D41","RMDQ5_v1","0.285714285714286","111","7","80","31","5","2"
"7225","D42","RMDQ5_v1","0.5","116","2","84","32","1","1"
"7226","D43","RMDQ5_v1","0.5","116","2","84","32","1","1"
"7227","D44","RMDQ5_v1","0.378378378378378","81","37","62","19","23","14"
"7228","D45","RMDQ5_v1","0.166666666666667","106","12","75","31","10","2"
"7229","D46","RMDQ5_v1","0.432432432432432","81","37","64","17","21","16"
"7230","D47","RMDQ5_v1","0.25","106","12","76","30","9","3"
"7231","D48","RMDQ5_v1","0.461538461538462","92","26","71","21","14","12"
"7232","D49","RMDQ5_v1","0.153846153846154","105","13","74","31","11","2"
"7233","D5","RMDQ5_v1","0.666666666666667","115","3","84","31","1","2"
"7234","D50","RMDQ5_v1","0","117","1","84","33","1","0"
"7235","D51","RMDQ5_v1","1","117","1","85","32","0","1"
"7236","D52","RMDQ5_v1","0","117","1","84","33","1","0"
"7237","D53","RMDQ5_v1","0","117","1","84","33","1","0"
"7238","D9","RMDQ5_v1","1","117","1","85","32","0","1"
"7239","RMDQ1_v1","RMDQ5_v1","0.529411764705882","134","85","107","27","40","45"
"7240","RMDQ2_v1","RMDQ5_v1","0.544444444444444","129","90","106","23","41","49"
"7241","RMDQ3_v1","RMDQ5_v1","0.9","141","80","140","1","8","72"
"7242","RMDQ4_v1","RMDQ5_v1","0.854545454545454","166","55","140","26","8","47"
"7243","RMDQ5_v1","RMDQ5_v1","1","148","73","148","0","0","73"
"7244","RMDQ6_v1","RMDQ5_v1","0.947368421052632","164","57","145","19","3","54"
"7245","RMDQ7_v1","RMDQ5_v1","0.897435897435897","181","39","144","37","4","35"
"7246","RMDQ8_v1","RMDQ5_v1","1","212","8","148","64","0","8"
"7247","RMDQ9_v1","RMDQ5_v1","0.941176470588235","186","34","146","40","2","32"
"7248","RMDQ10_v1","RMDQ5_v1","0.85","180","40","142","38","6","34"
"7249","RMDQ11_v1","RMDQ5_v1","0.904761904761905","178","42","144","34","4","38"
"7250","RMDQ12_v1","RMDQ5_v1","0.863636363636364","176","44","142","34","6","38"
"7251","RMDQ13_v1","RMDQ5_v1","0.782608695652174","174","46","138","36","10","36"
"7252","RMDQ14_v1","RMDQ5_v1","0.755102040816326","171","49","136","35","12","37"
"7253","RMDQ15_v1","RMDQ5_v1","0.870967741935484","189","31","144","45","4","27"
"7254","RMDQ16_v1","RMDQ5_v1","0.864864864864865","183","37","143","40","5","32"
"7255","RMDQ17_v1","RMDQ5_v1","0.836734693877551","171","49","140","31","8","41"
"7256","RMDQ18_v1","RMDQ5_v1","0.916666666666667","184","36","145","39","3","33"
"7257","RMDQ19_v1","RMDQ5_v1","0.96875","188","32","147","41","1","31"
"7258","RMDQ20_v1","RMDQ5_v1","0.894736842105263","182","38","144","38","4","34"
"7259","RMDQ21_v1","RMDQ5_v1","0.875","172","48","142","30","6","42"
"7260","RMDQ22_v1","RMDQ5_v1","1","182","38","148","34","0","38"
"7261","RMDQ23_v1","RMDQ5_v1","0.918918918918919","183","37","145","38","3","34"
"7262","RMDQ24_v1","RMDQ5_v1","0.971428571428571","185","35","147","38","1","34"
"7263","DN4_1a_v1","RMDQ5_v1","0.35","109","100","76","33","65","35"
"7264","DN4_1b_v1","RMDQ5_v1","0.340425531914894","161","47","113","48","31","16"
"7265","DN4_1c_v1","RMDQ5_v1","0.283333333333333","152","60","101","51","43","17"
"7266","DN4_2a_v1","RMDQ5_v1","0.285714285714286","156","56","104","52","40","16"
"7267","DN4_2b_v1","RMDQ5_v1","0.419354838709677","150","62","108","42","36","26"
"7268","DN4_2c_v1","RMDQ5_v1","0.440677966101695","150","59","108","42","33","26"
"7269","DN4_2d_v1","RMDQ5_v1","0.272727272727273","201","11","136","65","8","3"
"7270","DN4_3a_v1","RMDQ5_v1","0.571428571428571","205","7","141","64","3","4"
"7271","DN4_3b_v1","RMDQ5_v1","0.571428571428571","205","7","141","64","3","4"
"7272","DN4_4_v1","RMDQ5_v1","0.666666666666667","206","6","142","64","2","4"
"7273","Fuma","RMDQ6_v1","0.361111111111111","148","36","113","35","23","13"
"7274","Cirurgia_coluna","RMDQ6_v1","0.27536231884058","127","69","97","30","50","19"
"7275","Aposentado","RMDQ6_v1","0.323529411764706","150","34","112","38","23","11"
"7276","Desempregado","RMDQ6_v1","0.230769230769231","154","26","111","43","20","6"
"7277","Licenca_Medica","RMDQ6_v1","0.210526315789474","163","19","118","45","15","4"
"7278","Aposentado_Invalidez","RMDQ6_v1","0.5","172","8","126","46","4","4"
"7279","Analg.e9.sicos","RMDQ6_v1","0.295774647887324","57","142","48","9","100","42"
"7280","OutraDoenca","RMDQ6_v1","0.328947368421053","114","76","89","25","51","25"
"7281","Dor_costas","RMDQ6_v1","0.298387096774194","67","124","56","11","87","37"
"7282","Dor_pernas","RMDQ6_v1","0.276923076923077","124","65","94","30","47","18"
"7283","Retornar_trabalho","RMDQ6_v1","0.45","168","20","129","39","11","9"
"7284","Masc","RMDQ6_v1","0.266666666666667","71","150","54","17","110","40"
"7285","Fem","RMDQ6_v1","0.23943661971831","150","71","110","40","54","17"
"7286","Casado_Amasiado","RMDQ6_v1","0.271604938271605","102","81","76","26","59","22"
"7287","Solteiro","RMDQ6_v1","0.213333333333333","108","75","76","32","59","16"
"7288","Separado_Divorciado","RMDQ6_v1","0.25","175","8","129","46","6","2"
"7289","X4","RMDQ6_v1","0","180","3","132","48","3","0"
"7290","X5","RMDQ6_v1","0.25","179","4","132","47","3","1"
"7291","X6","RMDQ6_v1","0.583333333333333","171","12","130","41","5","7"
"7292","Livrar_costas","RMDQ6_v1","0.277777777777778","16","108","13","3","78","30"
"7293","Livrar_perna","RMDQ6_v1","0.214285714285714","110","14","80","30","11","3"
"7294","Livrar_perda_sens","RMDQ6_v1","0","122","2","89","33","2","0"
"7295","D1","RMDQ6_v1","0","117","1","88","29","1","0"
"7296","D15","RMDQ6_v1","0.142857142857143","111","7","83","28","6","1"
"7297","D16","RMDQ6_v1","0.5","98","20","79","19","10","10"
"7298","D17","RMDQ6_v1","0","113","5","84","29","5","0"
"7299","D18","RMDQ6_v1","0.307692307692308","105","13","80","25","9","4"
"7300","D19","RMDQ6_v1","0.333333333333333","112","6","85","27","4","2"
"7301","D2","RMDQ6_v1","0.375","110","8","84","26","5","3"
"7302","D20","RMDQ6_v1","0.285714285714286","111","7","84","27","5","2"
"7303","D21","RMDQ6_v1","0.285714285714286","111","7","84","27","5","2"
"7304","D22","RMDQ6_v1","1","117","1","89","28","0","1"
"7305","D23","RMDQ6_v1","0","116","2","87","29","2","0"
"7306","D24","RMDQ6_v1","0.0833333333333333","94","24","67","27","22","2"
"7307","D25","RMDQ6_v1","0","115","3","86","29","3","0"
"7308","D26","RMDQ6_v1","0.5","116","2","88","28","1","1"
"7309","D27","RMDQ6_v1","0.5","114","4","87","27","2","2"
"7310","D28","RMDQ6_v1","0.4","113","5","86","27","3","2"
"7311","D29","RMDQ6_v1","0.333333333333333","76","42","61","15","28","14"
"7312","D3","RMDQ6_v1","0.5","116","2","88","28","1","1"
"7313","D30","RMDQ6_v1","0.32258064516129","56","62","47","9","42","20"
"7314","D31","RMDQ6_v1","0.176470588235294","101","17","75","26","14","3"
"7315","D32","RMDQ6_v1","0.351351351351351","81","37","65","16","24","13"
"7316","D33","RMDQ6_v1","0.0833333333333333","106","12","78","28","11","1"
"7317","D34","RMDQ6_v1","0.5","116","2","88","28","1","1"
"7318","D35","RMDQ6_v1","1","117","1","89","28","0","1"
"7319","D36","RMDQ6_v1","0","111","7","82","29","7","0"
"7320","D37","RMDQ6_v1","0.476190476190476","97","21","78","19","11","10"
"7321","D38","RMDQ6_v1","0","115","3","86","29","3","0"
"7322","D39","RMDQ6_v1","0.571428571428571","104","14","83","21","6","8"
"7323","D4","RMDQ6_v1","0.666666666666667","115","3","88","27","1","2"
"7324","D40","RMDQ6_v1","0","113","5","84","29","5","0"
"7325","D41","RMDQ6_v1","0.142857142857143","111","7","83","28","6","1"
"7326","D42","RMDQ6_v1","0.5","116","2","88","28","1","1"
"7327","D43","RMDQ6_v1","1","116","2","89","27","0","2"
"7328","D44","RMDQ6_v1","0.297297297297297","81","37","63","18","26","11"
"7329","D45","RMDQ6_v1","0.0833333333333333","106","12","78","28","11","1"
"7330","D46","RMDQ6_v1","0.324324324324324","81","37","64","17","25","12"
"7331","D47","RMDQ6_v1","0.166666666666667","106","12","79","27","10","2"
"7332","D48","RMDQ6_v1","0.346153846153846","92","26","72","20","17","9"
"7333","D49","RMDQ6_v1","0.0769230769230769","105","13","77","28","12","1"
"7334","D5","RMDQ6_v1","0.333333333333333","115","3","87","28","2","1"
"7335","D50","RMDQ6_v1","0","117","1","88","29","1","0"
"7336","D51","RMDQ6_v1","1","117","1","89","28","0","1"
"7337","D52","RMDQ6_v1","0","117","1","88","29","1","0"
"7338","D53","RMDQ6_v1","1","117","1","89","28","0","1"
"7339","D9","RMDQ6_v1","1","117","1","89","28","0","1"
"7340","RMDQ1_v1","RMDQ6_v1","0.352941176470588","134","85","108","26","55","30"
"7341","RMDQ2_v1","RMDQ6_v1","0.344444444444444","129","90","104","25","59","31"
"7342","RMDQ3_v1","RMDQ6_v1","0.6625","141","80","137","4","27","53"
"7343","RMDQ4_v1","RMDQ6_v1","0.581818181818182","166","55","141","25","23","32"
"7344","RMDQ5_v1","RMDQ6_v1","0.73972602739726","148","73","145","3","19","54"
"7345","RMDQ6_v1","RMDQ6_v1","1","164","57","164","0","0","57"
"7346","RMDQ7_v1","RMDQ6_v1","0.846153846153846","181","39","158","23","6","33"
"7347","RMDQ8_v1","RMDQ6_v1","0.875","212","8","163","49","1","7"
"7348","RMDQ9_v1","RMDQ6_v1","0.970588235294118","186","34","163","23","1","33"
"7349","RMDQ10_v1","RMDQ6_v1","0.875","180","40","159","21","5","35"
"7350","RMDQ11_v1","RMDQ6_v1","0.928571428571429","178","42","161","17","3","39"
"7351","RMDQ12_v1","RMDQ6_v1","0.886363636363636","176","44","159","17","5","39"
"7352","RMDQ13_v1","RMDQ6_v1","0.804347826086957","174","46","155","19","9","37"
"7353","RMDQ14_v1","RMDQ6_v1","0.693877551020408","171","49","149","22","15","34"
"7354","RMDQ15_v1","RMDQ6_v1","0.870967741935484","189","31","160","29","4","27"
"7355","RMDQ16_v1","RMDQ6_v1","0.891891891891892","183","37","160","23","4","33"
"7356","RMDQ17_v1","RMDQ6_v1","0.795918367346939","171","49","154","17","10","39"
"7357","RMDQ18_v1","RMDQ6_v1","0.916666666666667","184","36","161","23","3","33"
"7358","RMDQ19_v1","RMDQ6_v1","0.96875","188","32","163","25","1","31"
"7359","RMDQ20_v1","RMDQ6_v1","0.973684210526316","182","38","163","19","1","37"
"7360","RMDQ21_v1","RMDQ6_v1","0.729166666666667","172","48","151","21","13","35"
"7361","RMDQ22_v1","RMDQ6_v1","1","182","38","164","18","0","38"
"7362","RMDQ23_v1","RMDQ6_v1","0.918918918918919","183","37","161","22","3","34"
"7363","RMDQ24_v1","RMDQ6_v1","1","185","35","164","21","0","35"
"7364","DN4_1a_v1","RMDQ6_v1","0.24","109","100","82","27","76","24"
"7365","DN4_1b_v1","RMDQ6_v1","0.25531914893617","161","47","126","35","35","12"
"7366","DN4_1c_v1","RMDQ6_v1","0.233333333333333","152","60","115","37","46","14"
"7367","DN4_2a_v1","RMDQ6_v1","0.267857142857143","156","56","120","36","41","15"
"7368","DN4_2b_v1","RMDQ6_v1","0.370967741935484","150","62","122","28","39","23"
"7369","DN4_2c_v1","RMDQ6_v1","0.372881355932203","150","59","121","29","37","22"
"7370","DN4_2d_v1","RMDQ6_v1","0.272727272727273","201","11","153","48","8","3"
"7371","DN4_3a_v1","RMDQ6_v1","0.571428571428571","205","7","158","47","3","4"
"7372","DN4_3b_v1","RMDQ6_v1","0.571428571428571","205","7","158","47","3","4"
"7373","DN4_4_v1","RMDQ6_v1","0.666666666666667","206","6","159","47","2","4"
"7374","Fuma","RMDQ7_v1","0.333333333333333","147","36","124","23","24","12"
"7375","Cirurgia_coluna","RMDQ7_v1","0.191176470588235","127","68","108","19","55","13"
"7376","Aposentado","RMDQ7_v1","0.212121212121212","150","33","124","26","26","7"
"7377","Desempregado","RMDQ7_v1","0.192307692307692","153","26","125","28","21","5"
"7378","Licenca_Medica","RMDQ7_v1","0.157894736842105","162","19","132","30","16","3"
"7379","Aposentado_Invalidez","RMDQ7_v1","0.5","171","8","142","29","4","4"
"7380","Analg.e9.sicos","RMDQ7_v1","0.226950354609929","57","141","53","4","109","32"
"7381","OutraDoenca","RMDQ7_v1","0.226666666666667","114","75","96","18","58","17"
"7382","Dor_costas","RMDQ7_v1","0.227642276422764","67","123","61","6","95","28"
"7383","Dor_pernas","RMDQ7_v1","0.230769230769231","123","65","104","19","50","15"
"7384","Retornar_trabalho","RMDQ7_v1","0.315789473684211","168","19","140","28","13","6"
"7385","Masc","RMDQ7_v1","0.181208053691275","71","149","59","12","122","27"
"7386","Fem","RMDQ7_v1","0.169014084507042","149","71","122","27","59","12"
"7387","Casado_Amasiado","RMDQ7_v1","0.197530864197531","101","81","84","17","65","16"
"7388","Solteiro","RMDQ7_v1","0.16","107","75","86","21","63","12"
"7389","Separado_Divorciado","RMDQ7_v1","0","175","7","142","33","7","0"
"7390","X4","RMDQ7_v1","0","179","3","146","33","3","0"
"7391","X5","RMDQ7_v1","0.25","178","4","146","32","3","1"
"7392","X6","RMDQ7_v1","0.333333333333333","170","12","141","29","8","4"
"7393","Livrar_costas","RMDQ7_v1","0.224299065420561","16","107","14","2","83","24"
"7394","Livrar_perna","RMDQ7_v1","0.142857142857143","109","14","85","24","12","2"
"7395","Livrar_perda_sens","RMDQ7_v1","0","121","2","95","26","2","0"
"7396","D1","RMDQ7_v1","0","116","1","96","20","1","0"
"7397","D15","RMDQ7_v1","0.142857142857143","110","7","91","19","6","1"
"7398","D16","RMDQ7_v1","0.3","97","20","83","14","14","6"
"7399","D17","RMDQ7_v1","0.2","112","5","93","19","4","1"
"7400","D18","RMDQ7_v1","0.307692307692308","104","13","88","16","9","4"
"7401","D19","RMDQ7_v1","0.333333333333333","111","6","93","18","4","2"
"7402","D2","RMDQ7_v1","0.5","109","8","93","16","4","4"
"7403","D20","RMDQ7_v1","0.142857142857143","110","7","91","19","6","1"
"7404","D21","RMDQ7_v1","0.285714285714286","110","7","92","18","5","2"
"7405","D22","RMDQ7_v1","0","116","1","96","20","1","0"
"7406","D23","RMDQ7_v1","0","115","2","95","20","2","0"
"7407","D24","RMDQ7_v1","0.125","93","24","76","17","21","3"
"7408","D25","RMDQ7_v1","0","114","3","94","20","3","0"
"7409","D26","RMDQ7_v1","0","115","2","95","20","2","0"
"7410","D27","RMDQ7_v1","0.5","113","4","95","18","2","2"
"7411","D28","RMDQ7_v1","0.4","112","5","94","18","3","2"
"7412","D29","RMDQ7_v1","0.214285714285714","75","42","64","11","33","9"
"7413","D3","RMDQ7_v1","0.5","115","2","96","19","1","1"
"7414","D30","RMDQ7_v1","0.213114754098361","56","61","49","7","48","13"
"7415","D31","RMDQ7_v1","0.176470588235294","100","17","83","17","14","3"
"7416","D32","RMDQ7_v1","0.27027027027027","80","37","70","10","27","10"
"7417","D33","RMDQ7_v1","0.0833333333333333","105","12","86","19","11","1"
"7418","D34","RMDQ7_v1","0.5","115","2","96","19","1","1"
"7419","D35","RMDQ7_v1","1","116","1","97","19","0","1"
"7420","D36","RMDQ7_v1","0","110","7","90","20","7","0"
"7421","D37","RMDQ7_v1","0.285714285714286","96","21","82","14","15","6"
"7422","D38","RMDQ7_v1","0","114","3","94","20","3","0"
"7423","D39","RMDQ7_v1","0.285714285714286","103","14","87","16","10","4"
"7424","D4","RMDQ7_v1","0.666666666666667","114","3","96","18","1","2"
"7425","D40","RMDQ7_v1","0","112","5","92","20","5","0"
"7426","D41","RMDQ7_v1","0.142857142857143","110","7","91","19","6","1"
"7427","D42","RMDQ7_v1","0.5","115","2","96","19","1","1"
"7428","D43","RMDQ7_v1","0.5","115","2","96","19","1","1"
"7429","D44","RMDQ7_v1","0.216216216216216","80","37","68","12","29","8"
"7430","D45","RMDQ7_v1","0.166666666666667","105","12","87","18","10","2"
"7431","D46","RMDQ7_v1","0.243243243243243","80","37","69","11","28","9"
"7432","D47","RMDQ7_v1","0.25","105","12","88","17","9","3"
"7433","D48","RMDQ7_v1","0.192307692307692","91","26","76","15","21","5"
"7434","D49","RMDQ7_v1","0.153846153846154","104","13","86","18","11","2"
"7435","D5","RMDQ7_v1","0.666666666666667","114","3","96","18","1","2"
"7436","D50","RMDQ7_v1","0","116","1","96","20","1","0"
"7437","D51","RMDQ7_v1","1","116","1","97","19","0","1"
"7438","D52","RMDQ7_v1","1","116","1","97","19","0","1"
"7439","D53","RMDQ7_v1","1","116","1","97","19","0","1"
"7440","D9","RMDQ7_v1","1","116","1","97","19","0","1"
"7441","RMDQ1_v1","RMDQ7_v1","0.388235294117647","134","85","128","6","52","33"
"7442","RMDQ2_v1","RMDQ7_v1","0.388888888888889","129","90","125","4","55","35"
"7443","RMDQ3_v1","RMDQ7_v1","0.430379746835443","141","79","136","5","45","34"
"7444","RMDQ4_v1","RMDQ7_v1","0.185185185185185","166","54","137","29","44","10"
"7445","RMDQ5_v1","RMDQ7_v1","0.486111111111111","148","72","144","4","37","35"
"7446","RMDQ6_v1","RMDQ7_v1","0.589285714285714","164","56","158","6","23","33"
"7447","RMDQ7_v1","RMDQ7_v1","1","181","39","181","0","0","39"
"7448","RMDQ8_v1","RMDQ7_v1","1","212","8","181","31","0","8"
"7449","RMDQ9_v1","RMDQ7_v1","0.970588235294118","186","34","180","6","1","33"
"7450","RMDQ10_v1","RMDQ7_v1","0.825","180","40","174","6","7","33"
"7451","RMDQ11_v1","RMDQ7_v1","0.785714285714286","178","42","172","6","9","33"
"7452","RMDQ12_v1","RMDQ7_v1","0.818181818181818","176","44","173","3","8","36"
"7453","RMDQ13_v1","RMDQ7_v1","0.717391304347826","174","46","168","6","13","33"
"7454","RMDQ14_v1","RMDQ7_v1","0.714285714285714","171","49","167","4","14","35"
"7455","RMDQ15_v1","RMDQ7_v1","0.870967741935484","189","31","177","12","4","27"
"7456","RMDQ16_v1","RMDQ7_v1","0.864864864864865","183","37","176","7","5","32"
"7457","RMDQ17_v1","RMDQ7_v1","0.63265306122449","171","49","163","8","18","31"
"7458","RMDQ18_v1","RMDQ7_v1","0.861111111111111","184","36","176","8","5","31"
"7459","RMDQ19_v1","RMDQ7_v1","0.96875","188","32","180","8","1","31"
"7460","RMDQ20_v1","RMDQ7_v1","0.868421052631579","182","38","176","6","5","33"
"7461","RMDQ21_v1","RMDQ7_v1","0.6875","172","48","166","6","15","33"
"7462","RMDQ22_v1","RMDQ7_v1","0.842105263157895","182","38","175","7","6","32"
"7463","RMDQ23_v1","RMDQ7_v1","0.864864864864865","183","37","176","7","5","32"
"7464","RMDQ24_v1","RMDQ7_v1","0.942857142857143","185","35","179","6","2","33"
"7465","DN4_1a_v1","RMDQ7_v1","0.17","109","100","90","19","83","17"
"7466","DN4_1b_v1","RMDQ7_v1","0.0638297872340425","161","47","128","33","44","3"
"7467","DN4_1c_v1","RMDQ7_v1","0.15","152","60","125","27","51","9"
"7468","DN4_2a_v1","RMDQ7_v1","0.125","156","56","127","29","49","7"
"7469","DN4_2b_v1","RMDQ7_v1","0.290322580645161","150","62","132","18","44","18"
"7470","DN4_2c_v1","RMDQ7_v1","0.23728813559322","150","59","128","22","45","14"
"7471","DN4_2d_v1","RMDQ7_v1","0.272727272727273","201","11","168","33","8","3"
"7472","DN4_3a_v1","RMDQ7_v1","0.571428571428571","205","7","173","32","3","4"
"7473","DN4_3b_v1","RMDQ7_v1","0.571428571428571","205","7","173","32","3","4"
"7474","DN4_4_v1","RMDQ7_v1","0.666666666666667","206","6","174","32","2","4"
"7475","Fuma","RMDQ8_v1","0.111111111111111","147","36","143","4","32","4"
"7476","Cirurgia_coluna","RMDQ8_v1","0.0588235294117647","127","68","124","3","64","4"
"7477","Aposentado","RMDQ8_v1","0.0909090909090909","150","33","145","5","30","3"
"7478","Desempregado","RMDQ8_v1","0","153","26","145","8","26","0"
"7479","Licenca_Medica","RMDQ8_v1","0.0526315789473684","162","19","155","7","18","1"
"7480","Aposentado_Invalidez","RMDQ8_v1","0","171","8","163","8","8","0"
"7481","Analg.e9.sicos","RMDQ8_v1","0.049645390070922","57","141","56","1","134","7"
"7482","OutraDoenca","RMDQ8_v1","0.08","114","75","112","2","69","6"
"7483","Dor_costas","RMDQ8_v1","0.0569105691056911","67","123","66","1","116","7"
"7484","Dor_pernas","RMDQ8_v1","0.0461538461538462","123","65","118","5","62","3"
"7485","Retornar_trabalho","RMDQ8_v1","0.105263157894737","168","19","162","6","17","2"
"7486","Masc","RMDQ8_v1","0.0335570469798658","71","149","68","3","144","5"
"7487","Fem","RMDQ8_v1","0.0422535211267606","149","71","144","5","68","3"
"7488","Casado_Amasiado","RMDQ8_v1","0.037037037037037","101","81","96","5","78","3"
"7489","Solteiro","RMDQ8_v1","0.0533333333333333","107","75","103","4","71","4"
"7490","Separado_Divorciado","RMDQ8_v1","0","175","7","167","8","7","0"
"7491","X4","RMDQ8_v1","0","179","3","171","8","3","0"
"7492","X5","RMDQ8_v1","0","178","4","170","8","4","0"
"7493","X6","RMDQ8_v1","0.0833333333333333","170","12","163","7","11","1"
"7494","Livrar_costas","RMDQ8_v1","0.0654205607476635","16","107","16","0","100","7"
"7495","Livrar_perna","RMDQ8_v1","0","109","14","102","7","14","0"
"7496","Livrar_perda_sens","RMDQ8_v1","0","121","2","114","7","2","0"
"7497","D1","RMDQ8_v1","0","116","1","112","4","1","0"
"7498","D15","RMDQ8_v1","0","110","7","106","4","7","0"
"7499","D16","RMDQ8_v1","0","97","20","93","4","20","0"
"7500","D17","RMDQ8_v1","0","112","5","108","4","5","0"
"7501","D18","RMDQ8_v1","0.0769230769230769","104","13","101","3","12","1"
"7502","D19","RMDQ8_v1","0","111","6","107","4","6","0"
"7503","D2","RMDQ8_v1","0.125","109","8","106","3","7","1"
"7504","D20","RMDQ8_v1","0","110","7","106","4","7","0"
"7505","D21","RMDQ8_v1","0","110","7","106","4","7","0"
"7506","D22","RMDQ8_v1","0","116","1","112","4","1","0"
"7507","D23","RMDQ8_v1","0","115","2","111","4","2","0"
"7508","D24","RMDQ8_v1","0.0416666666666667","93","24","90","3","23","1"
"7509","D25","RMDQ8_v1","0","114","3","110","4","3","0"
"7510","D26","RMDQ8_v1","0","115","2","111","4","2","0"
"7511","D27","RMDQ8_v1","0.25","113","4","110","3","3","1"
"7512","D28","RMDQ8_v1","0.2","112","5","109","3","4","1"
"7513","D29","RMDQ8_v1","0.0238095238095238","75","42","72","3","41","1"
"7514","D3","RMDQ8_v1","0","115","2","111","4","2","0"
"7515","D30","RMDQ8_v1","0.0491803278688525","56","61","55","1","58","3"
"7516","D31","RMDQ8_v1","0.0588235294117647","100","17","97","3","16","1"
"7517","D32","RMDQ8_v1","0.027027027027027","80","37","77","3","36","1"
"7518","D33","RMDQ8_v1","0","105","12","101","4","12","0"
"7519","D34","RMDQ8_v1","0","115","2","111","4","2","0"
"7520","D35","RMDQ8_v1","0","116","1","112","4","1","0"
"7521","D36","RMDQ8_v1","0","110","7","106","4","7","0"
"7522","D37","RMDQ8_v1","0","96","21","92","4","21","0"
"7523","D38","RMDQ8_v1","0","114","3","110","4","3","0"
"7524","D39","RMDQ8_v1","0","103","14","99","4","14","0"
"7525","D4","RMDQ8_v1","0","114","3","110","4","3","0"
"7526","D40","RMDQ8_v1","0","112","5","108","4","5","0"
"7527","D41","RMDQ8_v1","0","110","7","106","4","7","0"
"7528","D42","RMDQ8_v1","0","115","2","111","4","2","0"
"7529","D43","RMDQ8_v1","0","115","2","111","4","2","0"
"7530","D44","RMDQ8_v1","0.027027027027027","80","37","77","3","36","1"
"7531","D45","RMDQ8_v1","0.0833333333333333","105","12","102","3","11","1"
"7532","D46","RMDQ8_v1","0.027027027027027","80","37","77","3","36","1"
"7533","D47","RMDQ8_v1","0.0833333333333333","105","12","102","3","11","1"
"7534","D48","RMDQ8_v1","0.0769230769230769","91","26","89","2","24","2"
"7535","D49","RMDQ8_v1","0.0769230769230769","104","13","101","3","12","1"
"7536","D5","RMDQ8_v1","0.333333333333333","114","3","111","3","2","1"
"7537","D50","RMDQ8_v1","0","116","1","112","4","1","0"
"7538","D51","RMDQ8_v1","0","116","1","112","4","1","0"
"7539","D52","RMDQ8_v1","0","116","1","112","4","1","0"
"7540","D53","RMDQ8_v1","0","116","1","112","4","1","0"
"7541","D9","RMDQ8_v1","0","116","1","112","4","1","0"
"7542","RMDQ1_v1","RMDQ8_v1","0.0470588235294118","134","85","130","4","81","4"
"7543","RMDQ2_v1","RMDQ8_v1","0.0555555555555556","129","90","126","3","85","5"
"7544","RMDQ3_v1","RMDQ8_v1","0.10126582278481","141","79","141","0","71","8"
"7545","RMDQ4_v1","RMDQ8_v1","0.12962962962963","166","54","165","1","47","7"
"7546","RMDQ5_v1","RMDQ8_v1","0.111111111111111","148","72","148","0","64","8"
"7547","RMDQ6_v1","RMDQ8_v1","0.125","164","56","163","1","49","7"
"7548","RMDQ7_v1","RMDQ8_v1","0.205128205128205","181","39","181","0","31","8"
"7549","RMDQ8_v1","RMDQ8_v1","1","212","8","212","0","0","8"
"7550","RMDQ9_v1","RMDQ8_v1","0.205882352941176","186","34","185","1","27","7"
"7551","RMDQ10_v1","RMDQ8_v1","0.175","180","40","179","1","33","7"
"7552","RMDQ11_v1","RMDQ8_v1","0.166666666666667","178","42","177","1","35","7"
"7553","RMDQ12_v1","RMDQ8_v1","0.159090909090909","176","44","175","1","37","7"
"7554","RMDQ13_v1","RMDQ8_v1","0.152173913043478","174","46","173","1","39","7"
"7555","RMDQ14_v1","RMDQ8_v1","0.142857142857143","171","49","170","1","42","7"
"7556","RMDQ15_v1","RMDQ8_v1","0.129032258064516","189","31","185","4","27","4"
"7557","RMDQ16_v1","RMDQ8_v1","0.189189189189189","183","37","182","1","30","7"
"7558","RMDQ17_v1","RMDQ8_v1","0.142857142857143","171","49","170","1","42","7"
"7559","RMDQ18_v1","RMDQ8_v1","0.194444444444444","184","36","183","1","29","7"
"7560","RMDQ19_v1","RMDQ8_v1","0.21875","188","32","187","1","25","7"
"7561","RMDQ20_v1","RMDQ8_v1","0.184210526315789","182","38","181","1","31","7"
"7562","RMDQ21_v1","RMDQ8_v1","0.145833333333333","172","48","171","1","41","7"
"7563","RMDQ22_v1","RMDQ8_v1","0.184210526315789","182","38","181","1","31","7"
"7564","RMDQ23_v1","RMDQ8_v1","0.189189189189189","183","37","182","1","30","7"
"7565","RMDQ24_v1","RMDQ8_v1","0.2","185","35","184","1","28","7"
"7566","DN4_1a_v1","RMDQ8_v1","0.01","109","100","103","6","99","1"
"7567","DN4_1b_v1","RMDQ8_v1","0","161","47","154","7","47","0"
"7568","DN4_1c_v1","RMDQ8_v1","0.0166666666666667","152","60","146","6","59","1"
"7569","DN4_2a_v1","RMDQ8_v1","0.0178571428571429","156","56","150","6","55","1"
"7570","DN4_2b_v1","RMDQ8_v1","0.112903225806452","150","62","150","0","55","7"
"7571","DN4_2c_v1","RMDQ8_v1","0.0508474576271186","150","59","146","4","56","3"
"7572","DN4_2d_v1","RMDQ8_v1","0","201","11","194","7","11","0"
"7573","DN4_3a_v1","RMDQ8_v1","0","205","7","198","7","7","0"
"7574","DN4_3b_v1","RMDQ8_v1","0","205","7","198","7","7","0"
"7575","DN4_4_v1","RMDQ8_v1","0","206","6","199","7","6","0"
"7576","Fuma","RMDQ9_v1","0.277777777777778","147","36","127","20","26","10"
"7577","Cirurgia_coluna","RMDQ9_v1","0.191176470588235","127","68","112","15","55","13"
"7578","Aposentado","RMDQ9_v1","0.151515151515152","150","33","127","23","28","5"
"7579","Desempregado","RMDQ9_v1","0.153846153846154","153","26","129","24","22","4"
"7580","Licenca_Medica","RMDQ9_v1","0.157894736842105","162","19","137","25","16","3"
"7581","Aposentado_Invalidez","RMDQ9_v1","0.5","171","8","147","24","4","4"
"7582","Analg.e9.sicos","RMDQ9_v1","0.198581560283688","57","141","54","3","113","28"
"7583","OutraDoenca","RMDQ9_v1","0.213333333333333","114","75","100","14","59","16"
"7584","Dor_costas","RMDQ9_v1","0.195121951219512","67","123","62","5","99","24"
"7585","Dor_pernas","RMDQ9_v1","0.215384615384615","123","65","108","15","51","14"
"7586","Retornar_trabalho","RMDQ9_v1","0.263157894736842","168","19","143","25","14","5"
"7587","Masc","RMDQ9_v1","0.154362416107383","71","149","60","11","126","23"
"7588","Fem","RMDQ9_v1","0.154929577464789","149","71","126","23","60","11"
"7589","Casado_Amasiado","RMDQ9_v1","0.185185185185185","101","81","87","14","66","15"
"7590","Solteiro","RMDQ9_v1","0.133333333333333","107","75","88","19","65","10"
"7591","Separado_Divorciado","RMDQ9_v1","0","175","7","146","29","7","0"
"7592","X4","RMDQ9_v1","0","179","3","150","29","3","0"
"7593","X5","RMDQ9_v1","0.25","178","4","150","28","3","1"
"7594","X6","RMDQ9_v1","0.25","170","12","144","26","9","3"
"7595","Livrar_costas","RMDQ9_v1","0.186915887850467","16","107","14","2","87","20"
"7596","Livrar_perna","RMDQ9_v1","0.142857142857143","109","14","89","20","12","2"
"7597","Livrar_perda_sens","RMDQ9_v1","0","121","2","99","22","2","0"
"7598","D1","RMDQ9_v1","0","116","1","98","18","1","0"
"7599","D15","RMDQ9_v1","0.142857142857143","110","7","93","17","6","1"
"7600","D16","RMDQ9_v1","0.25","97","20","84","13","15","5"
"7601","D17","RMDQ9_v1","0","112","5","94","18","5","0"
"7602","D18","RMDQ9_v1","0.230769230769231","104","13","89","15","10","3"
"7603","D19","RMDQ9_v1","0.166666666666667","111","6","94","17","5","1"
"7604","D2","RMDQ9_v1","0.375","109","8","94","15","5","3"
"7605","D20","RMDQ9_v1","0.142857142857143","110","7","93","17","6","1"
"7606","D21","RMDQ9_v1","0.142857142857143","110","7","93","17","6","1"
"7607","D22","RMDQ9_v1","0","116","1","98","18","1","0"
"7608","D23","RMDQ9_v1","0","115","2","97","18","2","0"
"7609","D24","RMDQ9_v1","0.0416666666666667","93","24","76","17","23","1"
"7610","D25","RMDQ9_v1","0","114","3","96","18","3","0"
"7611","D26","RMDQ9_v1","0","115","2","97","18","2","0"
"7612","D27","RMDQ9_v1","0.5","113","4","97","16","2","2"
"7613","D28","RMDQ9_v1","0.4","112","5","96","16","3","2"
"7614","D29","RMDQ9_v1","0.214285714285714","75","42","66","9","33","9"
"7615","D3","RMDQ9_v1","0.5","115","2","98","17","1","1"
"7616","D30","RMDQ9_v1","0.19672131147541","56","61","50","6","49","12"
"7617","D31","RMDQ9_v1","0.176470588235294","100","17","85","15","14","3"
"7618","D32","RMDQ9_v1","0.216216216216216","80","37","70","10","29","8"
"7619","D33","RMDQ9_v1","0.0833333333333333","105","12","88","17","11","1"
"7620","D34","RMDQ9_v1","0.5","115","2","98","17","1","1"
"7621","D35","RMDQ9_v1","1","116","1","99","17","0","1"
"7622","D36","RMDQ9_v1","0","110","7","92","18","7","0"
"7623","D37","RMDQ9_v1","0.238095238095238","96","21","83","13","16","5"
"7624","D38","RMDQ9_v1","0","114","3","96","18","3","0"
"7625","D39","RMDQ9_v1","0.214285714285714","103","14","88","15","11","3"
"7626","D4","RMDQ9_v1","0.666666666666667","114","3","98","16","1","2"
"7627","D40","RMDQ9_v1","0","112","5","94","18","5","0"
"7628","D41","RMDQ9_v1","0.142857142857143","110","7","93","17","6","1"
"7629","D42","RMDQ9_v1","0","115","2","97","18","2","0"
"7630","D43","RMDQ9_v1","0.5","115","2","98","17","1","1"
"7631","D44","RMDQ9_v1","0.162162162162162","80","37","68","12","31","6"
"7632","D45","RMDQ9_v1","0.0833333333333333","105","12","88","17","11","1"
"7633","D46","RMDQ9_v1","0.189189189189189","80","37","69","11","30","7"
"7634","D47","RMDQ9_v1","0.166666666666667","105","12","89","16","10","2"
"7635","D48","RMDQ9_v1","0.153846153846154","91","26","77","14","22","4"
"7636","D49","RMDQ9_v1","0.0769230769230769","104","13","87","17","12","1"
"7637","D5","RMDQ9_v1","0.333333333333333","114","3","97","17","2","1"
"7638","D50","RMDQ9_v1","0","116","1","98","18","1","0"
"7639","D51","RMDQ9_v1","1","116","1","99","17","0","1"
"7640","D52","RMDQ9_v1","0","116","1","98","18","1","0"
"7641","D53","RMDQ9_v1","1","116","1","99","17","0","1"
"7642","D9","RMDQ9_v1","1","116","1","99","17","0","1"
"7643","RMDQ1_v1","RMDQ9_v1","0.364705882352941","134","85","131","3","54","31"
"7644","RMDQ2_v1","RMDQ9_v1","0.333333333333333","129","90","125","4","60","30"
"7645","RMDQ3_v1","RMDQ9_v1","0.40506329113924","141","79","139","2","47","32"
"7646","RMDQ4_v1","RMDQ9_v1","0.203703703703704","166","54","143","23","43","11"
"7647","RMDQ5_v1","RMDQ9_v1","0.444444444444444","148","72","146","2","40","32"
"7648","RMDQ6_v1","RMDQ9_v1","0.589285714285714","164","56","163","1","23","33"
"7649","RMDQ7_v1","RMDQ9_v1","0.846153846153846","181","39","180","1","6","33"
"7650","RMDQ8_v1","RMDQ9_v1","0.875","212","8","185","27","1","7"
"7651","RMDQ9_v1","RMDQ9_v1","1","186","34","186","0","0","34"
"7652","RMDQ10_v1","RMDQ9_v1","0.825","180","40","179","1","7","33"
"7653","RMDQ11_v1","RMDQ9_v1","0.785714285714286","178","42","177","1","9","33"
"7654","RMDQ12_v1","RMDQ9_v1","0.75","176","44","175","1","11","33"
"7655","RMDQ13_v1","RMDQ9_v1","0.717391304347826","174","46","173","1","13","33"
"7656","RMDQ14_v1","RMDQ9_v1","0.653061224489796","171","49","169","2","17","32"
"7657","RMDQ15_v1","RMDQ9_v1","0.870967741935484","189","31","182","7","4","27"
"7658","RMDQ16_v1","RMDQ9_v1","0.864864864864865","183","37","181","2","5","32"
"7659","RMDQ17_v1","RMDQ9_v1","0.63265306122449","171","49","168","3","18","31"
"7660","RMDQ18_v1","RMDQ9_v1","0.861111111111111","184","36","181","3","5","31"
"7661","RMDQ19_v1","RMDQ9_v1","0.96875","188","32","185","3","1","31"
"7662","RMDQ20_v1","RMDQ9_v1","0.868421052631579","182","38","181","1","5","33"
"7663","RMDQ21_v1","RMDQ9_v1","0.6875","172","48","171","1","15","33"
"7664","RMDQ22_v1","RMDQ9_v1","0.842105263157895","182","38","180","2","6","32"
"7665","RMDQ23_v1","RMDQ9_v1","0.864864864864865","183","37","181","2","5","32"
"7666","RMDQ24_v1","RMDQ9_v1","0.942857142857143","185","35","184","1","2","33"
"7667","DN4_1a_v1","RMDQ9_v1","0.14","109","100","92","17","86","14"
"7668","DN4_1b_v1","RMDQ9_v1","0.0851063829787234","161","47","134","27","43","4"
"7669","DN4_1c_v1","RMDQ9_v1","0.116666666666667","152","60","128","24","53","7"
"7670","DN4_2a_v1","RMDQ9_v1","0.107142857142857","156","56","131","25","50","6"
"7671","DN4_2b_v1","RMDQ9_v1","0.241935483870968","150","62","134","16","47","15"
"7672","DN4_2c_v1","RMDQ9_v1","0.23728813559322","150","59","133","17","45","14"
"7673","DN4_2d_v1","RMDQ9_v1","0.272727272727273","201","11","173","28","8","3"
"7674","DN4_3a_v1","RMDQ9_v1","0.714285714285714","205","7","179","26","2","5"
"7675","DN4_3b_v1","RMDQ9_v1","0.571428571428571","205","7","178","27","3","4"
"7676","DN4_4_v1","RMDQ9_v1","0.666666666666667","206","6","179","27","2","4"
"7677","Fuma","RMDQ10_v1","0.305555555555556","147","36","123","24","25","11"
"7678","Cirurgia_coluna","RMDQ10_v1","0.205882352941176","127","68","108","19","54","14"
"7679","Aposentado","RMDQ10_v1","0.212121212121212","150","33","123","27","26","7"
"7680","Desempregado","RMDQ10_v1","0.269230769230769","153","26","126","27","19","7"
"7681","Licenca_Medica","RMDQ10_v1","0.210526315789474","162","19","132","30","15","4"
"7682","Aposentado_Invalidez","RMDQ10_v1","0.5","171","8","141","30","4","4"
"7683","Analg.e9.sicos","RMDQ10_v1","0.234042553191489","57","141","53","4","108","33"
"7684","OutraDoenca","RMDQ10_v1","0.226666666666667","114","75","95","19","58","17"
"7685","Dor_costas","RMDQ10_v1","0.235772357723577","67","123","61","6","94","29"
"7686","Dor_pernas","RMDQ10_v1","0.230769230769231","123","65","103","20","50","15"
"7687","Retornar_trabalho","RMDQ10_v1","0.368421052631579","168","19","139","29","12","7"
"7688","Masc","RMDQ10_v1","0.181208053691275","71","149","58","13","122","27"
"7689","Fem","RMDQ10_v1","0.183098591549296","149","71","122","27","58","13"
"7690","Casado_Amasiado","RMDQ10_v1","0.209876543209877","101","81","84","17","64","17"
"7691","Solteiro","RMDQ10_v1","0.173333333333333","107","75","86","21","62","13"
"7692","Separado_Divorciado","RMDQ10_v1","0","175","7","141","34","7","0"
"7693","X4","RMDQ10_v1","0","179","3","145","34","3","0"
"7694","X5","RMDQ10_v1","0.25","178","4","145","33","3","1"
"7695","X6","RMDQ10_v1","0.25","170","12","139","31","9","3"
"7696","Livrar_costas","RMDQ10_v1","0.233644859813084","16","107","14","2","82","25"
"7697","Livrar_perna","RMDQ10_v1","0.142857142857143","109","14","84","25","12","2"
"7698","Livrar_perda_sens","RMDQ10_v1","0","121","2","94","27","2","0"
"7699","D1","RMDQ10_v1","0","116","1","94","22","1","0"
"7700","D15","RMDQ10_v1","0.142857142857143","110","7","89","21","6","1"
"7701","D16","RMDQ10_v1","0.25","97","20","80","17","15","5"
"7702","D17","RMDQ10_v1","0","112","5","90","22","5","0"
"7703","D18","RMDQ10_v1","0.384615384615385","104","13","87","17","8","5"
"7704","D19","RMDQ10_v1","0.333333333333333","111","6","91","20","4","2"
"7705","D2","RMDQ10_v1","0.375","109","8","90","19","5","3"
"7706","D20","RMDQ10_v1","0.285714285714286","110","7","90","20","5","2"
"7707","D21","RMDQ10_v1","0.428571428571429","110","7","91","19","4","3"
"7708","D22","RMDQ10_v1","1","116","1","95","21","0","1"
"7709","D23","RMDQ10_v1","0.5","115","2","94","21","1","1"
"7710","D24","RMDQ10_v1","0.0833333333333333","93","24","73","20","22","2"
"7711","D25","RMDQ10_v1","0.333333333333333","114","3","93","21","2","1"
"7712","D26","RMDQ10_v1","0.5","115","2","94","21","1","1"
"7713","D27","RMDQ10_v1","0.75","113","4","94","19","1","3"
"7714","D28","RMDQ10_v1","0.6","112","5","93","19","2","3"
"7715","D29","RMDQ10_v1","0.214285714285714","75","42","62","13","33","9"
"7716","D3","RMDQ10_v1","0.5","115","2","94","21","1","1"
"7717","D30","RMDQ10_v1","0.245901639344262","56","61","49","7","46","15"
"7718","D31","RMDQ10_v1","0.176470588235294","100","17","81","19","14","3"
"7719","D32","RMDQ10_v1","0.216216216216216","80","37","66","14","29","8"
"7720","D33","RMDQ10_v1","0.166666666666667","105","12","85","20","10","2"
"7721","D34","RMDQ10_v1","0.5","115","2","94","21","1","1"
"7722","D35","RMDQ10_v1","1","116","1","95","21","0","1"
"7723","D36","RMDQ10_v1","0","110","7","88","22","7","0"
"7724","D37","RMDQ10_v1","0.238095238095238","96","21","79","17","16","5"
"7725","D38","RMDQ10_v1","0","114","3","92","22","3","0"
"7726","D39","RMDQ10_v1","0.214285714285714","103","14","84","19","11","3"
"7727","D4","RMDQ10_v1","0.666666666666667","114","3","94","20","1","2"
"7728","D40","RMDQ10_v1","0","112","5","90","22","5","0"
"7729","D41","RMDQ10_v1","0.142857142857143","110","7","89","21","6","1"
"7730","D42","RMDQ10_v1","0.5","115","2","94","21","1","1"
"7731","D43","RMDQ10_v1","1","115","2","95","20","0","2"
"7732","D44","RMDQ10_v1","0.162162162162162","80","37","64","16","31","6"
"7733","D45","RMDQ10_v1","0.0833333333333333","105","12","84","21","11","1"
"7734","D46","RMDQ10_v1","0.189189189189189","80","37","65","15","30","7"
"7735","D47","RMDQ10_v1","0.166666666666667","105","12","85","20","10","2"
"7736","D48","RMDQ10_v1","0.153846153846154","91","26","73","18","22","4"
"7737","D49","RMDQ10_v1","0.153846153846154","104","13","84","20","11","2"
"7738","D5","RMDQ10_v1","0.333333333333333","114","3","93","21","2","1"
"7739","D50","RMDQ10_v1","0","116","1","94","22","1","0"
"7740","D51","RMDQ10_v1","1","116","1","95","21","0","1"
"7741","D52","RMDQ10_v1","0","116","1","94","22","1","0"
"7742","D53","RMDQ10_v1","1","116","1","95","21","0","1"
"7743","D9","RMDQ10_v1","1","116","1","95","21","0","1"
"7744","RMDQ1_v1","RMDQ10_v1","0.352941176470588","134","85","124","10","55","30"
"7745","RMDQ2_v1","RMDQ10_v1","0.366666666666667","129","90","122","7","57","33"
"7746","RMDQ3_v1","RMDQ10_v1","0.417721518987342","141","79","134","7","46","33"
"7747","RMDQ4_v1","RMDQ10_v1","0.259259259259259","166","54","140","26","40","14"
"7748","RMDQ5_v1","RMDQ10_v1","0.472222222222222","148","72","142","6","38","34"
"7749","RMDQ6_v1","RMDQ10_v1","0.625","164","56","159","5","21","35"
"7750","RMDQ7_v1","RMDQ10_v1","0.846153846153846","181","39","174","7","6","33"
"7751","RMDQ8_v1","RMDQ10_v1","0.875","212","8","179","33","1","7"
"7752","RMDQ9_v1","RMDQ10_v1","0.970588235294118","186","34","179","7","1","33"
"7753","RMDQ10_v1","RMDQ10_v1","1","180","40","180","0","0","40"
"7754","RMDQ11_v1","RMDQ10_v1","0.880952380952381","178","42","175","3","5","37"
"7755","RMDQ12_v1","RMDQ10_v1","0.795454545454545","176","44","171","5","9","35"
"7756","RMDQ13_v1","RMDQ10_v1","0.717391304347826","174","46","167","7","13","33"
"7757","RMDQ14_v1","RMDQ10_v1","0.73469387755102","171","49","167","4","13","36"
"7758","RMDQ15_v1","RMDQ10_v1","0.870967741935484","189","31","176","13","4","27"
"7759","RMDQ16_v1","RMDQ10_v1","0.864864864864865","183","37","175","8","5","32"
"7760","RMDQ17_v1","RMDQ10_v1","0.673469387755102","171","49","164","7","16","33"
"7761","RMDQ18_v1","RMDQ10_v1","0.972222222222222","184","36","179","5","1","35"
"7762","RMDQ19_v1","RMDQ10_v1","0.96875","188","32","179","9","1","31"
"7763","RMDQ20_v1","RMDQ10_v1","0.921052631578947","182","38","177","5","3","35"
"7764","RMDQ21_v1","RMDQ10_v1","0.770833333333333","172","48","169","3","11","37"
"7765","RMDQ22_v1","RMDQ10_v1","0.894736842105263","182","38","176","6","4","34"
"7766","RMDQ23_v1","RMDQ10_v1","1","183","37","180","3","0","37"
"7767","RMDQ24_v1","RMDQ10_v1","1","185","35","180","5","0","35"
"7768","DN4_1a_v1","RMDQ10_v1","0.14","109","100","90","19","86","14"
"7769","DN4_1b_v1","RMDQ10_v1","0.127659574468085","161","47","134","27","41","6"
"7770","DN4_1c_v1","RMDQ10_v1","0.1","152","60","125","27","54","6"
"7771","DN4_2a_v1","RMDQ10_v1","0.160714285714286","156","56","132","24","47","9"
"7772","DN4_2b_v1","RMDQ10_v1","0.241935483870968","150","62","132","18","47","15"
"7773","DN4_2c_v1","RMDQ10_v1","0.23728813559322","150","59","131","19","45","14"
"7774","DN4_2d_v1","RMDQ10_v1","0.272727272727273","201","11","171","30","8","3"
"7775","DN4_3a_v1","RMDQ10_v1","0.571428571428571","205","7","176","29","3","4"
"7776","DN4_3b_v1","RMDQ10_v1","0.571428571428571","205","7","176","29","3","4"
"7777","DN4_4_v1","RMDQ10_v1","0.666666666666667","206","6","177","29","2","4"
"7778","Fuma","RMDQ11_v1","0.305555555555556","147","36","122","25","25","11"
"7779","Cirurgia_coluna","RMDQ11_v1","0.220588235294118","127","68","107","20","53","15"
"7780","Aposentado","RMDQ11_v1","0.212121212121212","150","33","122","28","26","7"
"7781","Desempregado","RMDQ11_v1","0.230769230769231","153","26","124","29","20","6"
"7782","Licenca_Medica","RMDQ11_v1","0.210526315789474","162","19","131","31","15","4"
"7783","Aposentado_Invalidez","RMDQ11_v1","0.5","171","8","139","32","4","4"
"7784","Analg.e9.sicos","RMDQ11_v1","0.24113475177305","57","141","53","4","107","34"
"7785","OutraDoenca","RMDQ11_v1","0.253333333333333","114","75","95","19","56","19"
"7786","Dor_costas","RMDQ11_v1","0.235772357723577","67","123","61","6","94","29"
"7787","Dor_pernas","RMDQ11_v1","0.246153846153846","123","65","104","19","49","16"
"7788","Retornar_trabalho","RMDQ11_v1","0.368421052631579","168","19","138","30","12","7"
"7789","Masc","RMDQ11_v1","0.187919463087248","71","149","57","14","121","28"
"7790","Fem","RMDQ11_v1","0.197183098591549","149","71","121","28","57","14"
"7791","Casado_Amasiado","RMDQ11_v1","0.222222222222222","101","81","83","18","63","18"
"7792","Solteiro","RMDQ11_v1","0.173333333333333","107","75","84","23","62","13"
"7793","Separado_Divorciado","RMDQ11_v1","0","175","7","139","36","7","0"
"7794","X4","RMDQ11_v1","0","179","3","143","36","3","0"
"7795","X5","RMDQ11_v1","0.25","178","4","143","35","3","1"
"7796","X6","RMDQ11_v1","0.333333333333333","170","12","138","32","8","4"
"7797","Livrar_costas","RMDQ11_v1","0.233644859813084","16","107","14","2","82","25"
"7798","Livrar_perna","RMDQ11_v1","0.142857142857143","109","14","84","25","12","2"
"7799","Livrar_perda_sens","RMDQ11_v1","0","121","2","94","27","2","0"
"7800","D1","RMDQ11_v1","0","116","1","93","23","1","0"
"7801","D15","RMDQ11_v1","0.142857142857143","110","7","88","22","6","1"
"7802","D16","RMDQ11_v1","0.3","97","20","80","17","14","6"
"7803","D17","RMDQ11_v1","0","112","5","89","23","5","0"
"7804","D18","RMDQ11_v1","0.384615384615385","104","13","86","18","8","5"
"7805","D19","RMDQ11_v1","0.333333333333333","111","6","90","21","4","2"
"7806","D2","RMDQ11_v1","0.375","109","8","89","20","5","3"
"7807","D20","RMDQ11_v1","0.285714285714286","110","7","89","21","5","2"
"7808","D21","RMDQ11_v1","0.285714285714286","110","7","89","21","5","2"
"7809","D22","RMDQ11_v1","1","116","1","94","22","0","1"
"7810","D23","RMDQ11_v1","0.5","115","2","93","22","1","1"
"7811","D24","RMDQ11_v1","0.125","93","24","73","20","21","3"
"7812","D25","RMDQ11_v1","0.333333333333333","114","3","92","22","2","1"
"7813","D26","RMDQ11_v1","0.5","115","2","93","22","1","1"
"7814","D27","RMDQ11_v1","0.75","113","4","93","20","1","3"
"7815","D28","RMDQ11_v1","0.6","112","5","92","20","2","3"
"7816","D29","RMDQ11_v1","0.238095238095238","75","42","62","13","32","10"
"7817","D3","RMDQ11_v1","0.5","115","2","93","22","1","1"
"7818","D30","RMDQ11_v1","0.245901639344262","56","61","48","8","46","15"
"7819","D31","RMDQ11_v1","0.176470588235294","100","17","80","20","14","3"
"7820","D32","RMDQ11_v1","0.243243243243243","80","37","66","14","28","9"
"7821","D33","RMDQ11_v1","0.0833333333333333","105","12","83","22","11","1"
"7822","D34","RMDQ11_v1","0.5","115","2","93","22","1","1"
"7823","D35","RMDQ11_v1","1","116","1","94","22","0","1"
"7824","D36","RMDQ11_v1","0","110","7","87","23","7","0"
"7825","D37","RMDQ11_v1","0.285714285714286","96","21","79","17","15","6"
"7826","D38","RMDQ11_v1","0","114","3","91","23","3","0"
"7827","D39","RMDQ11_v1","0.285714285714286","103","14","84","19","10","4"
"7828","D4","RMDQ11_v1","0.666666666666667","114","3","93","21","1","2"
"7829","D40","RMDQ11_v1","0","112","5","89","23","5","0"
"7830","D41","RMDQ11_v1","0.142857142857143","110","7","88","22","6","1"
"7831","D42","RMDQ11_v1","0.5","115","2","93","22","1","1"
"7832","D43","RMDQ11_v1","1","115","2","94","21","0","2"
"7833","D44","RMDQ11_v1","0.189189189189189","80","37","64","16","30","7"
"7834","D45","RMDQ11_v1","0.0833333333333333","105","12","83","22","11","1"
"7835","D46","RMDQ11_v1","0.216216216216216","80","37","65","15","29","8"
"7836","D47","RMDQ11_v1","0.166666666666667","105","12","84","21","10","2"
"7837","D48","RMDQ11_v1","0.192307692307692","91","26","73","18","21","5"
"7838","D49","RMDQ11_v1","0.0769230769230769","104","13","82","22","12","1"
"7839","D5","RMDQ11_v1","0.333333333333333","114","3","92","22","2","1"
"7840","D50","RMDQ11_v1","0","116","1","93","23","1","0"
"7841","D51","RMDQ11_v1","1","116","1","94","22","0","1"
"7842","D52","RMDQ11_v1","0","116","1","93","23","1","0"
"7843","D53","RMDQ11_v1","1","116","1","94","22","0","1"
"7844","D9","RMDQ11_v1","1","116","1","94","22","0","1"
"7845","RMDQ1_v1","RMDQ11_v1","0.352941176470588","134","85","122","12","55","30"
"7846","RMDQ2_v1","RMDQ11_v1","0.366666666666667","129","90","120","9","57","33"
"7847","RMDQ3_v1","RMDQ11_v1","0.468354430379747","141","79","136","5","42","37"
"7848","RMDQ4_v1","RMDQ11_v1","0.333333333333333","166","54","142","24","36","18"
"7849","RMDQ5_v1","RMDQ11_v1","0.527777777777778","148","72","144","4","34","38"
"7850","RMDQ6_v1","RMDQ11_v1","0.696428571428571","164","56","161","3","17","39"
"7851","RMDQ7_v1","RMDQ11_v1","0.846153846153846","181","39","172","9","6","33"
"7852","RMDQ8_v1","RMDQ11_v1","0.875","212","8","177","35","1","7"
"7853","RMDQ9_v1","RMDQ11_v1","0.970588235294118","186","34","177","9","1","33"
"7854","RMDQ10_v1","RMDQ11_v1","0.925","180","40","175","5","3","37"
"7855","RMDQ11_v1","RMDQ11_v1","1","178","42","178","0","0","42"
"7856","RMDQ12_v1","RMDQ11_v1","0.795454545454545","176","44","169","7","9","35"
"7857","RMDQ13_v1","RMDQ11_v1","0.717391304347826","174","46","165","9","13","33"
"7858","RMDQ14_v1","RMDQ11_v1","0.73469387755102","171","49","165","6","13","36"
"7859","RMDQ15_v1","RMDQ11_v1","0.870967741935484","189","31","174","15","4","27"
"7860","RMDQ16_v1","RMDQ11_v1","0.864864864864865","183","37","173","10","5","32"
"7861","RMDQ17_v1","RMDQ11_v1","0.673469387755102","171","49","162","9","16","33"
"7862","RMDQ18_v1","RMDQ11_v1","0.972222222222222","184","36","177","7","1","35"
"7863","RMDQ19_v1","RMDQ11_v1","0.96875","188","32","177","11","1","31"
"7864","RMDQ20_v1","RMDQ11_v1","0.921052631578947","182","38","175","7","3","35"
"7865","RMDQ21_v1","RMDQ11_v1","0.770833333333333","172","48","167","5","11","37"
"7866","RMDQ22_v1","RMDQ11_v1","0.894736842105263","182","38","174","8","4","34"
"7867","RMDQ23_v1","RMDQ11_v1","0.918918918918919","183","37","175","8","3","34"
"7868","RMDQ24_v1","RMDQ11_v1","1","185","35","178","7","0","35"
"7869","DN4_1a_v1","RMDQ11_v1","0.18","109","100","92","17","82","18"
"7870","DN4_1b_v1","RMDQ11_v1","0.0638297872340425","161","47","133","28","44","3"
"7871","DN4_1c_v1","RMDQ11_v1","0.1","152","60","123","29","54","6"
"7872","DN4_2a_v1","RMDQ11_v1","0.178571428571429","156","56","131","25","46","10"
"7873","DN4_2b_v1","RMDQ11_v1","0.306451612903226","150","62","134","16","43","19"
"7874","DN4_2c_v1","RMDQ11_v1","0.23728813559322","150","59","129","21","45","14"
"7875","DN4_2d_v1","RMDQ11_v1","0.272727272727273","201","11","169","32","8","3"
"7876","DN4_3a_v1","RMDQ11_v1","0.571428571428571","205","7","174","31","3","4"
"7877","DN4_3b_v1","RMDQ11_v1","0.571428571428571","205","7","174","31","3","4"
"7878","DN4_4_v1","RMDQ11_v1","0.666666666666667","206","6","175","31","2","4"
"7879","Fuma","RMDQ12_v1","0.305555555555556","147","36","120","27","25","11"
"7880","Cirurgia_coluna","RMDQ12_v1","0.205882352941176","127","68","104","23","54","14"
"7881","Aposentado","RMDQ12_v1","0.212121212121212","150","33","119","31","26","7"
"7882","Desempregado","RMDQ12_v1","0.269230769230769","153","26","122","31","19","7"
"7883","Licenca_Medica","RMDQ12_v1","0.210526315789474","162","19","128","34","15","4"
"7884","Aposentado_Invalidez","RMDQ12_v1","0.5","171","8","137","34","4","4"
"7885","Analg.e9.sicos","RMDQ12_v1","0.24822695035461","57","141","51","6","106","35"
"7886","OutraDoenca","RMDQ12_v1","0.253333333333333","114","75","93","21","56","19"
"7887","Dor_costas","RMDQ12_v1","0.252032520325203","67","123","59","8","92","31"
"7888","Dor_pernas","RMDQ12_v1","0.230769230769231","123","65","99","24","50","15"
"7889","Retornar_trabalho","RMDQ12_v1","0.368421052631579","168","19","136","32","12","7"
"7890","Masc","RMDQ12_v1","0.201342281879195","71","149","57","14","119","30"
"7891","Fem","RMDQ12_v1","0.197183098591549","149","71","119","30","57","14"
"7892","Casado_Amasiado","RMDQ12_v1","0.209876543209877","101","81","82","19","64","17"
"7893","Solteiro","RMDQ12_v1","0.186666666666667","107","75","85","22","61","14"
"7894","Separado_Divorciado","RMDQ12_v1","0","175","7","139","36","7","0"
"7895","X4","RMDQ12_v1","0","179","3","143","36","3","0"
"7896","X5","RMDQ12_v1","0.25","178","4","143","35","3","1"
"7897","X6","RMDQ12_v1","0.333333333333333","170","12","138","32","8","4"
"7898","Livrar_costas","RMDQ12_v1","0.252336448598131","16","107","14","2","80","27"
"7899","Livrar_perna","RMDQ12_v1","0.142857142857143","109","14","82","27","12","2"
"7900","Livrar_perda_sens","RMDQ12_v1","0","121","2","92","29","2","0"
"7901","D1","RMDQ12_v1","0","116","1","94","22","1","0"
"7902","D15","RMDQ12_v1","0.142857142857143","110","7","89","21","6","1"
"7903","D16","RMDQ12_v1","0.3","97","20","81","16","14","6"
"7904","D17","RMDQ12_v1","0","112","5","90","22","5","0"
"7905","D18","RMDQ12_v1","0.307692307692308","104","13","86","18","9","4"
"7906","D19","RMDQ12_v1","0.333333333333333","111","6","91","20","4","2"
"7907","D2","RMDQ12_v1","0.375","109","8","90","19","5","3"
"7908","D20","RMDQ12_v1","0.285714285714286","110","7","90","20","5","2"
"7909","D21","RMDQ12_v1","0.285714285714286","110","7","90","20","5","2"
"7910","D22","RMDQ12_v1","1","116","1","95","21","0","1"
"7911","D23","RMDQ12_v1","0","115","2","93","22","2","0"
"7912","D24","RMDQ12_v1","0.0416666666666667","93","24","72","21","23","1"
"7913","D25","RMDQ12_v1","0","114","3","92","22","3","0"
"7914","D26","RMDQ12_v1","0.5","115","2","94","21","1","1"
"7915","D27","RMDQ12_v1","0.5","113","4","93","20","2","2"
"7916","D28","RMDQ12_v1","0.4","112","5","92","20","3","2"
"7917","D29","RMDQ12_v1","0.238095238095238","75","42","63","12","32","10"
"7918","D3","RMDQ12_v1","0.5","115","2","94","21","1","1"
"7919","D30","RMDQ12_v1","0.229508196721311","56","61","48","8","47","14"
"7920","D31","RMDQ12_v1","0.176470588235294","100","17","81","19","14","3"
"7921","D32","RMDQ12_v1","0.27027027027027","80","37","68","12","27","10"
"7922","D33","RMDQ12_v1","0.0833333333333333","105","12","84","21","11","1"
"7923","D34","RMDQ12_v1","0.5","115","2","94","21","1","1"
"7924","D35","RMDQ12_v1","1","116","1","95","21","0","1"
"7925","D36","RMDQ12_v1","0","110","7","88","22","7","0"
"7926","D37","RMDQ12_v1","0.285714285714286","96","21","80","16","15","6"
"7927","D38","RMDQ12_v1","0","114","3","92","22","3","0"
"7928","D39","RMDQ12_v1","0.285714285714286","103","14","85","18","10","4"
"7929","D4","RMDQ12_v1","0.666666666666667","114","3","94","20","1","2"
"7930","D40","RMDQ12_v1","0","112","5","90","22","5","0"
"7931","D41","RMDQ12_v1","0.142857142857143","110","7","89","21","6","1"
"7932","D42","RMDQ12_v1","1","115","2","95","20","0","2"
"7933","D43","RMDQ12_v1","1","115","2","95","20","0","2"
"7934","D44","RMDQ12_v1","0.216216216216216","80","37","66","14","29","8"
"7935","D45","RMDQ12_v1","0.0833333333333333","105","12","84","21","11","1"
"7936","D46","RMDQ12_v1","0.216216216216216","80","37","66","14","29","8"
"7937","D47","RMDQ12_v1","0.166666666666667","105","12","85","20","10","2"
"7938","D48","RMDQ12_v1","0.192307692307692","91","26","74","17","21","5"
"7939","D49","RMDQ12_v1","0.0769230769230769","104","13","83","21","12","1"
"7940","D5","RMDQ12_v1","0.333333333333333","114","3","93","21","2","1"
"7941","D50","RMDQ12_v1","0","116","1","94","22","1","0"
"7942","D51","RMDQ12_v1","1","116","1","95","21","0","1"
"7943","D52","RMDQ12_v1","1","116","1","95","21","0","1"
"7944","D53","RMDQ12_v1","1","116","1","95","21","0","1"
"7945","D9","RMDQ12_v1","1","116","1","95","21","0","1"
"7946","RMDQ1_v1","RMDQ12_v1","0.388235294117647","134","85","123","11","52","33"
"7947","RMDQ2_v1","RMDQ12_v1","0.377777777777778","129","90","119","10","56","34"
"7948","RMDQ3_v1","RMDQ12_v1","0.468354430379747","141","79","134","7","42","37"
"7949","RMDQ4_v1","RMDQ12_v1","0.296296296296296","166","54","138","28","38","16"
"7950","RMDQ5_v1","RMDQ12_v1","0.527777777777778","148","72","142","6","34","38"
"7951","RMDQ6_v1","RMDQ12_v1","0.696428571428571","164","56","159","5","17","39"
"7952","RMDQ7_v1","RMDQ12_v1","0.923076923076923","181","39","173","8","3","36"
"7953","RMDQ8_v1","RMDQ12_v1","0.875","212","8","175","37","1","7"
"7954","RMDQ9_v1","RMDQ12_v1","0.970588235294118","186","34","175","11","1","33"
"7955","RMDQ10_v1","RMDQ12_v1","0.875","180","40","171","9","5","35"
"7956","RMDQ11_v1","RMDQ12_v1","0.833333333333333","178","42","169","9","7","35"
"7957","RMDQ12_v1","RMDQ12_v1","1","176","44","176","0","0","44"
"7958","RMDQ13_v1","RMDQ12_v1","0.804347826086957","174","46","167","7","9","37"
"7959","RMDQ14_v1","RMDQ12_v1","0.755102040816326","171","49","164","7","12","37"
"7960","RMDQ15_v1","RMDQ12_v1","0.935483870967742","189","31","174","15","2","29"
"7961","RMDQ16_v1","RMDQ12_v1","0.864864864864865","183","37","171","12","5","32"
"7962","RMDQ17_v1","RMDQ12_v1","0.673469387755102","171","49","160","11","16","33"
"7963","RMDQ18_v1","RMDQ12_v1","0.916666666666667","184","36","173","11","3","33"
"7964","RMDQ19_v1","RMDQ12_v1","0.96875","188","32","175","13","1","31"
"7965","RMDQ20_v1","RMDQ12_v1","0.921052631578947","182","38","173","9","3","35"
"7966","RMDQ21_v1","RMDQ12_v1","0.729166666666667","172","48","163","9","13","35"
"7967","RMDQ22_v1","RMDQ12_v1","0.894736842105263","182","38","172","10","4","34"
"7968","RMDQ23_v1","RMDQ12_v1","0.918918918918919","183","37","173","10","3","34"
"7969","RMDQ24_v1","RMDQ12_v1","1","185","35","176","9","0","35"
"7970","DN4_1a_v1","RMDQ12_v1","0.14","109","100","84","25","86","14"
"7971","DN4_1b_v1","RMDQ12_v1","0.0638297872340425","161","47","125","36","44","3"
"7972","DN4_1c_v1","RMDQ12_v1","0.1","152","60","119","33","54","6"
"7973","DN4_2a_v1","RMDQ12_v1","0.107142857142857","156","56","123","33","50","6"
"7974","DN4_2b_v1","RMDQ12_v1","0.241935483870968","150","62","126","24","47","15"
"7975","DN4_2c_v1","RMDQ12_v1","0.23728813559322","150","59","125","25","45","14"
"7976","DN4_2d_v1","RMDQ12_v1","0.272727272727273","201","11","165","36","8","3"
"7977","DN4_3a_v1","RMDQ12_v1","0.571428571428571","205","7","170","35","3","4"
"7978","DN4_3b_v1","RMDQ12_v1","0.571428571428571","205","7","170","35","3","4"
"7979","DN4_4_v1","RMDQ12_v1","0.666666666666667","206","6","171","35","2","4"
"7980","Fuma","RMDQ13_v1","0.277777777777778","147","36","118","29","26","10"
"7981","Cirurgia_coluna","RMDQ13_v1","0.25","127","68","104","23","51","17"
"7982","Aposentado","RMDQ13_v1","0.303030303030303","150","33","121","29","23","10"
"7983","Desempregado","RMDQ13_v1","0.269230769230769","153","26","121","32","19","7"
"7984","Licenca_Medica","RMDQ13_v1","0.157894736842105","162","19","127","35","16","3"
"7985","Aposentado_Invalidez","RMDQ13_v1","0.5","171","8","135","36","4","4"
"7986","Analg.e9.sicos","RMDQ13_v1","0.234042553191489","57","141","48","9","108","33"
"7987","OutraDoenca","RMDQ13_v1","0.28","114","75","93","21","54","21"
"7988","Dor_costas","RMDQ13_v1","0.24390243902439","67","123","57","10","93","30"
"7989","Dor_pernas","RMDQ13_v1","0.215384615384615","123","65","97","26","51","14"
"7990","Retornar_trabalho","RMDQ13_v1","0.368421052631579","168","19","137","31","12","7"
"7991","Masc","RMDQ13_v1","0.214765100671141","71","149","57","14","117","32"
"7992","Fem","RMDQ13_v1","0.197183098591549","149","71","117","32","57","14"
"7993","Casado_Amasiado","RMDQ13_v1","0.246913580246914","101","81","83","18","61","20"
"7994","Solteiro","RMDQ13_v1","0.173333333333333","107","75","82","25","62","13"
"7995","Separado_Divorciado","RMDQ13_v1","0.142857142857143","175","7","138","37","6","1"
"7996","X4","RMDQ13_v1","0","179","3","141","38","3","0"
"7997","X5","RMDQ13_v1","0.25","178","4","141","37","3","1"
"7998","X6","RMDQ13_v1","0.25","170","12","135","35","9","3"
"7999","Livrar_costas","RMDQ13_v1","0.242990654205607","16","107","14","2","81","26"
"8000","Livrar_perna","RMDQ13_v1","0.142857142857143","109","14","83","26","12","2"
"8001","Livrar_perda_sens","RMDQ13_v1","0","121","2","93","28","2","0"
"8002","D1","RMDQ13_v1","1","116","1","95","21","0","1"
"8003","D15","RMDQ13_v1","0.142857142857143","110","7","89","21","6","1"
"8004","D16","RMDQ13_v1","0.3","97","20","81","16","14","6"
"8005","D17","RMDQ13_v1","0.2","112","5","91","21","4","1"
"8006","D18","RMDQ13_v1","0.307692307692308","104","13","86","18","9","4"
"8007","D19","RMDQ13_v1","0.166666666666667","111","6","90","21","5","1"
"8008","D2","RMDQ13_v1","0.375","109","8","90","19","5","3"
"8009","D20","RMDQ13_v1","0.142857142857143","110","7","89","21","6","1"
"8010","D21","RMDQ13_v1","0.142857142857143","110","7","89","21","6","1"
"8011","D22","RMDQ13_v1","0","116","1","94","22","1","0"
"8012","D23","RMDQ13_v1","0","115","2","93","22","2","0"
"8013","D24","RMDQ13_v1","0.0416666666666667","93","24","72","21","23","1"
"8014","D25","RMDQ13_v1","0","114","3","92","22","3","0"
"8015","D26","RMDQ13_v1","0","115","2","93","22","2","0"
"8016","D27","RMDQ13_v1","0.5","113","4","93","20","2","2"
"8017","D28","RMDQ13_v1","0.4","112","5","92","20","3","2"
"8018","D29","RMDQ13_v1","0.261904761904762","75","42","64","11","31","11"
"8019","D3","RMDQ13_v1","0.5","115","2","94","21","1","1"
"8020","D30","RMDQ13_v1","0.229508196721311","56","61","48","8","47","14"
"8021","D31","RMDQ13_v1","0.176470588235294","100","17","81","19","14","3"
"8022","D32","RMDQ13_v1","0.27027027027027","80","37","68","12","27","10"
"8023","D33","RMDQ13_v1","0.0833333333333333","105","12","84","21","11","1"
"8024","D34","RMDQ13_v1","0.5","115","2","94","21","1","1"
"8025","D35","RMDQ13_v1","1","116","1","95","21","0","1"
"8026","D36","RMDQ13_v1","0","110","7","88","22","7","0"
"8027","D37","RMDQ13_v1","0.285714285714286","96","21","80","16","15","6"
"8028","D38","RMDQ13_v1","0","114","3","92","22","3","0"
"8029","D39","RMDQ13_v1","0.285714285714286","103","14","85","18","10","4"
"8030","D4","RMDQ13_v1","0.666666666666667","114","3","94","20","1","2"
"8031","D40","RMDQ13_v1","0","112","5","90","22","5","0"
"8032","D41","RMDQ13_v1","0.142857142857143","110","7","89","21","6","1"
"8033","D42","RMDQ13_v1","0","115","2","93","22","2","0"
"8034","D43","RMDQ13_v1","0.5","115","2","94","21","1","1"
"8035","D44","RMDQ13_v1","0.216216216216216","80","37","66","14","29","8"
"8036","D45","RMDQ13_v1","0.0833333333333333","105","12","84","21","11","1"
"8037","D46","RMDQ13_v1","0.243243243243243","80","37","67","13","28","9"
"8038","D47","RMDQ13_v1","0.166666666666667","105","12","85","20","10","2"
"8039","D48","RMDQ13_v1","0.230769230769231","91","26","75","16","20","6"
"8040","D49","RMDQ13_v1","0.0769230769230769","104","13","83","21","12","1"
"8041","D5","RMDQ13_v1","0.333333333333333","114","3","93","21","2","1"
"8042","D50","RMDQ13_v1","0","116","1","94","22","1","0"
"8043","D51","RMDQ13_v1","1","116","1","95","21","0","1"
"8044","D52","RMDQ13_v1","0","116","1","94","22","1","0"
"8045","D53","RMDQ13_v1","1","116","1","95","21","0","1"
"8046","D9","RMDQ13_v1","1","116","1","95","21","0","1"
"8047","RMDQ1_v1","RMDQ13_v1","0.388235294117647","134","85","121","13","52","33"
"8048","RMDQ2_v1","RMDQ13_v1","0.355555555555556","129","90","115","14","58","32"
"8049","RMDQ3_v1","RMDQ13_v1","0.481012658227848","141","79","133","8","41","38"
"8050","RMDQ4_v1","RMDQ13_v1","0.314814814814815","166","54","137","29","37","17"
"8051","RMDQ5_v1","RMDQ13_v1","0.5","148","72","138","10","36","36"
"8052","RMDQ6_v1","RMDQ13_v1","0.660714285714286","164","56","155","9","19","37"
"8053","RMDQ7_v1","RMDQ13_v1","0.846153846153846","181","39","168","13","6","33"
"8054","RMDQ8_v1","RMDQ13_v1","0.875","212","8","173","39","1","7"
"8055","RMDQ9_v1","RMDQ13_v1","0.970588235294118","186","34","173","13","1","33"
"8056","RMDQ10_v1","RMDQ13_v1","0.825","180","40","167","13","7","33"
"8057","RMDQ11_v1","RMDQ13_v1","0.785714285714286","178","42","165","13","9","33"
"8058","RMDQ12_v1","RMDQ13_v1","0.840909090909091","176","44","167","9","7","37"
"8059","RMDQ13_v1","RMDQ13_v1","1","174","46","174","0","0","46"
"8060","RMDQ14_v1","RMDQ13_v1","0.653061224489796","171","49","157","14","17","32"
"8061","RMDQ15_v1","RMDQ13_v1","0.870967741935484","189","31","170","19","4","27"
"8062","RMDQ16_v1","RMDQ13_v1","0.945945945945946","183","37","172","11","2","35"
"8063","RMDQ17_v1","RMDQ13_v1","0.693877551020408","171","49","159","12","15","34"
"8064","RMDQ18_v1","RMDQ13_v1","0.861111111111111","184","36","169","15","5","31"
"8065","RMDQ19_v1","RMDQ13_v1","0.96875","188","32","173","15","1","31"
"8066","RMDQ20_v1","RMDQ13_v1","0.868421052631579","182","38","169","13","5","33"
"8067","RMDQ21_v1","RMDQ13_v1","0.6875","172","48","159","13","15","33"
"8068","RMDQ22_v1","RMDQ13_v1","0.842105263157895","182","38","168","14","6","32"
"8069","RMDQ23_v1","RMDQ13_v1","0.864864864864865","183","37","169","14","5","32"
"8070","RMDQ24_v1","RMDQ13_v1","0.942857142857143","185","35","172","13","2","33"
"8071","DN4_1a_v1","RMDQ13_v1","0.17","109","100","83","26","83","17"
"8072","DN4_1b_v1","RMDQ13_v1","0.127659574468085","161","47","124","37","41","6"
"8073","DN4_1c_v1","RMDQ13_v1","0.1","152","60","115","37","54","6"
"8074","DN4_2a_v1","RMDQ13_v1","0.160714285714286","156","56","122","34","47","9"
"8075","DN4_2b_v1","RMDQ13_v1","0.241935483870968","150","62","122","28","47","15"
"8076","DN4_2c_v1","RMDQ13_v1","0.23728813559322","150","59","121","29","45","14"
"8077","DN4_2d_v1","RMDQ13_v1","0.272727272727273","201","11","161","40","8","3"
"8078","DN4_3a_v1","RMDQ13_v1","0.571428571428571","205","7","166","39","3","4"
"8079","DN4_3b_v1","RMDQ13_v1","0.571428571428571","205","7","166","39","3","4"
"8080","DN4_4_v1","RMDQ13_v1","0.666666666666667","206","6","167","39","2","4"
"8081","Fuma","RMDQ14_v1","0.305555555555556","147","36","116","31","25","11"
"8082","Cirurgia_coluna","RMDQ14_v1","0.235294117647059","127","68","101","26","52","16"
"8083","Aposentado","RMDQ14_v1","0.272727272727273","150","33","118","32","24","9"
"8084","Desempregado","RMDQ14_v1","0.346153846153846","153","26","121","32","17","9"
"8085","Licenca_Medica","RMDQ14_v1","0.210526315789474","162","19","125","37","15","4"
"8086","Aposentado_Invalidez","RMDQ14_v1","0.375","171","8","133","38","5","3"
"8087","Analg.e9.sicos","RMDQ14_v1","0.276595744680851","57","141","51","6","102","39"
"8088","OutraDoenca","RMDQ14_v1","0.24","114","75","89","25","57","18"
"8089","Dor_costas","RMDQ14_v1","0.284552845528455","67","123","59","8","88","35"
"8090","Dor_pernas","RMDQ14_v1","0.230769230769231","123","65","96","27","50","15"
"8091","Retornar_trabalho","RMDQ14_v1","0.315789473684211","168","19","130","38","13","6"
"8092","Masc","RMDQ14_v1","0.214765100671141","71","149","54","17","117","32"
"8093","Fem","RMDQ14_v1","0.23943661971831","149","71","117","32","54","17"
"8094","Casado_Amasiado","RMDQ14_v1","0.271604938271605","101","81","83","18","59","22"
"8095","Solteiro","RMDQ14_v1","0.186666666666667","107","75","81","26","61","14"
"8096","Separado_Divorciado","RMDQ14_v1","0","175","7","135","40","7","0"
"8097","X4","RMDQ14_v1","0","179","3","139","40","3","0"
"8098","X5","RMDQ14_v1","0.5","178","4","140","38","2","2"
"8099","X6","RMDQ14_v1","0.166666666666667","170","12","132","38","10","2"
"8100","Livrar_costas","RMDQ14_v1","0.271028037383178","16","107","13","3","78","29"
"8101","Livrar_perna","RMDQ14_v1","0.142857142857143","109","14","79","30","12","2"
"8102","Livrar_perda_sens","RMDQ14_v1","0.5","121","2","90","31","1","1"
"8103","D1","RMDQ14_v1","0","116","1","91","25","1","0"
"8104","D15","RMDQ14_v1","0.142857142857143","110","7","86","24","6","1"
"8105","D16","RMDQ14_v1","0.2","97","20","76","21","16","4"
"8106","D17","RMDQ14_v1","0","112","5","87","25","5","0"
"8107","D18","RMDQ14_v1","0.384615384615385","104","13","84","20","8","5"
"8108","D19","RMDQ14_v1","0.333333333333333","111","6","88","23","4","2"
"8109","D2","RMDQ14_v1","0.375","109","8","87","22","5","3"
"8110","D20","RMDQ14_v1","0.285714285714286","110","7","87","23","5","2"
"8111","D21","RMDQ14_v1","0.285714285714286","110","7","87","23","5","2"
"8112","D22","RMDQ14_v1","1","116","1","92","24","0","1"
"8113","D23","RMDQ14_v1","0.5","115","2","91","24","1","1"
"8114","D24","RMDQ14_v1","0.125","93","24","71","22","21","3"
"8115","D25","RMDQ14_v1","0.333333333333333","114","3","90","24","2","1"
"8116","D26","RMDQ14_v1","0.5","115","2","91","24","1","1"
"8117","D27","RMDQ14_v1","0.75","113","4","91","22","1","3"
"8118","D28","RMDQ14_v1","0.6","112","5","90","22","2","3"
"8119","D29","RMDQ14_v1","0.238095238095238","75","42","60","15","32","10"
"8120","D3","RMDQ14_v1","0.5","115","2","91","24","1","1"
"8121","D30","RMDQ14_v1","0.278688524590164","56","61","48","8","44","17"
"8122","D31","RMDQ14_v1","0.176470588235294","100","17","78","22","14","3"
"8123","D32","RMDQ14_v1","0.243243243243243","80","37","64","16","28","9"
"8124","D33","RMDQ14_v1","0.0833333333333333","105","12","81","24","11","1"
"8125","D34","RMDQ14_v1","0.5","115","2","91","24","1","1"
"8126","D35","RMDQ14_v1","1","116","1","92","24","0","1"
"8127","D36","RMDQ14_v1","0.142857142857143","110","7","86","24","6","1"
"8128","D37","RMDQ14_v1","0.19047619047619","96","21","75","21","17","4"
"8129","D38","RMDQ14_v1","0","114","3","89","25","3","0"
"8130","D39","RMDQ14_v1","0.142857142857143","103","14","80","23","12","2"
"8131","D4","RMDQ14_v1","0.666666666666667","114","3","91","23","1","2"
"8132","D40","RMDQ14_v1","0","112","5","87","25","5","0"
"8133","D41","RMDQ14_v1","0","110","7","85","25","7","0"
"8134","D42","RMDQ14_v1","1","115","2","92","23","0","2"
"8135","D43","RMDQ14_v1","1","115","2","92","23","0","2"
"8136","D44","RMDQ14_v1","0.216216216216216","80","37","63","17","29","8"
"8137","D45","RMDQ14_v1","0.0833333333333333","105","12","81","24","11","1"
"8138","D46","RMDQ14_v1","0.189189189189189","80","37","62","18","30","7"
"8139","D47","RMDQ14_v1","0.166666666666667","105","12","82","23","10","2"
"8140","D48","RMDQ14_v1","0.115384615384615","91","26","69","22","23","3"
"8141","D49","RMDQ14_v1","0.0769230769230769","104","13","80","24","12","1"
"8142","D5","RMDQ14_v1","0.333333333333333","114","3","90","24","2","1"
"8143","D50","RMDQ14_v1","0","116","1","91","25","1","0"
"8144","D51","RMDQ14_v1","1","116","1","92","24","0","1"
"8145","D52","RMDQ14_v1","1","116","1","92","24","0","1"
"8146","D53","RMDQ14_v1","1","116","1","92","24","0","1"
"8147","D9","RMDQ14_v1","1","116","1","92","24","0","1"
"8148","RMDQ1_v1","RMDQ14_v1","0.482352941176471","134","85","126","8","44","41"
"8149","RMDQ2_v1","RMDQ14_v1","0.5","129","90","125","4","45","45"
"8150","RMDQ3_v1","RMDQ14_v1","0.468354430379747","141","79","129","12","42","37"
"8151","RMDQ4_v1","RMDQ14_v1","0.333333333333333","166","54","135","31","36","18"
"8152","RMDQ5_v1","RMDQ14_v1","0.513888888888889","148","72","136","12","35","37"
"8153","RMDQ6_v1","RMDQ14_v1","0.607142857142857","164","56","149","15","22","34"
"8154","RMDQ7_v1","RMDQ14_v1","0.897435897435897","181","39","167","14","4","35"
"8155","RMDQ8_v1","RMDQ14_v1","0.875","212","8","170","42","1","7"
"8156","RMDQ9_v1","RMDQ14_v1","0.941176470588235","186","34","169","17","2","32"
"8157","RMDQ10_v1","RMDQ14_v1","0.9","180","40","167","13","4","36"
"8158","RMDQ11_v1","RMDQ14_v1","0.857142857142857","178","42","165","13","6","36"
"8159","RMDQ12_v1","RMDQ14_v1","0.840909090909091","176","44","164","12","7","37"
"8160","RMDQ13_v1","RMDQ14_v1","0.695652173913043","174","46","157","17","14","32"
"8161","RMDQ14_v1","RMDQ14_v1","1","171","49","171","0","0","49"
"8162","RMDQ15_v1","RMDQ14_v1","0.935483870967742","189","31","169","20","2","29"
"8163","RMDQ16_v1","RMDQ14_v1","0.864864864864865","183","37","166","17","5","32"
"8164","RMDQ17_v1","RMDQ14_v1","0.673469387755102","171","49","155","16","16","33"
"8165","RMDQ18_v1","RMDQ14_v1","0.972222222222222","184","36","170","14","1","35"
"8166","RMDQ19_v1","RMDQ14_v1","0.9375","188","32","169","19","2","30"
"8167","RMDQ20_v1","RMDQ14_v1","0.894736842105263","182","38","167","15","4","34"
"8168","RMDQ21_v1","RMDQ14_v1","0.75","172","48","159","13","12","36"
"8169","RMDQ22_v1","RMDQ14_v1","0.868421052631579","182","38","166","16","5","33"
"8170","RMDQ23_v1","RMDQ14_v1","0.891891891891892","183","37","167","16","4","33"
"8171","RMDQ24_v1","RMDQ14_v1","0.971428571428571","185","35","170","15","1","34"
"8172","DN4_1a_v1","RMDQ14_v1","0.21","109","100","88","21","79","21"
"8173","DN4_1b_v1","RMDQ14_v1","0.170212765957447","161","47","127","34","39","8"
"8174","DN4_1c_v1","RMDQ14_v1","0.116666666666667","152","60","117","35","53","7"
"8175","DN4_2a_v1","RMDQ14_v1","0.107142857142857","156","56","120","36","50","6"
"8176","DN4_2b_v1","RMDQ14_v1","0.225806451612903","150","62","122","28","48","14"
"8177","DN4_2c_v1","RMDQ14_v1","0.271186440677966","150","59","124","26","43","16"
"8178","DN4_2d_v1","RMDQ14_v1","0.181818181818182","201","11","161","40","9","2"
"8179","DN4_3a_v1","RMDQ14_v1","0.571428571428571","205","7","167","38","3","4"
"8180","DN4_3b_v1","RMDQ14_v1","0.571428571428571","205","7","167","38","3","4"
"8181","DN4_4_v1","RMDQ14_v1","0.666666666666667","206","6","168","38","2","4"
"8182","Fuma","RMDQ15_v1","0.166666666666667","147","36","128","19","30","6"
"8183","Cirurgia_coluna","RMDQ15_v1","0.147058823529412","127","68","111","16","58","10"
"8184","Aposentado","RMDQ15_v1","0.0909090909090909","150","33","129","21","30","3"
"8185","Desempregado","RMDQ15_v1","0.153846153846154","153","26","133","20","22","4"
"8186","Licenca_Medica","RMDQ15_v1","0.157894736842105","162","19","141","21","16","3"
"8187","Aposentado_Invalidez","RMDQ15_v1","0.375","171","8","149","22","5","3"
"8188","Analg.e9.sicos","RMDQ15_v1","0.170212765957447","57","141","54","3","117","24"
"8189","OutraDoenca","RMDQ15_v1","0.16","114","75","100","14","63","12"
"8190","Dor_costas","RMDQ15_v1","0.170731707317073","67","123","62","5","102","21"
"8191","Dor_pernas","RMDQ15_v1","0.169230769230769","123","65","109","14","54","11"
"8192","Retornar_trabalho","RMDQ15_v1","0.105263157894737","168","19","143","25","17","2"
"8193","Masc","RMDQ15_v1","0.154362416107383","71","149","63","8","126","23"
"8194","Fem","RMDQ15_v1","0.112676056338028","149","71","126","23","63","8"
"8195","Casado_Amasiado","RMDQ15_v1","0.160493827160494","101","81","90","11","68","13"
"8196","Solteiro","RMDQ15_v1","0.106666666666667","107","75","91","16","67","8"
"8197","Separado_Divorciado","RMDQ15_v1","0","175","7","151","24","7","0"
"8198","X4","RMDQ15_v1","0","179","3","155","24","3","0"
"8199","X5","RMDQ15_v1","0.25","178","4","155","23","3","1"
"8200","X6","RMDQ15_v1","0.166666666666667","170","12","148","22","10","2"
"8201","Livrar_costas","RMDQ15_v1","0.14018691588785","16","107","13","3","92","15"
"8202","Livrar_perna","RMDQ15_v1","0.142857142857143","109","14","93","16","12","2"
"8203","Livrar_perda_sens","RMDQ15_v1","0.5","121","2","104","17","1","1"
"8204","D1","RMDQ15_v1","0","116","1","101","15","1","0"
"8205","D15","RMDQ15_v1","0.142857142857143","110","7","96","14","6","1"
"8206","D16","RMDQ15_v1","0.2","97","20","86","11","16","4"
"8207","D17","RMDQ15_v1","0","112","5","97","15","5","0"
"8208","D18","RMDQ15_v1","0.153846153846154","104","13","91","13","11","2"
"8209","D19","RMDQ15_v1","0.166666666666667","111","6","97","14","5","1"
"8210","D2","RMDQ15_v1","0.25","109","8","96","13","6","2"
"8211","D20","RMDQ15_v1","0","110","7","95","15","7","0"
"8212","D21","RMDQ15_v1","0","110","7","95","15","7","0"
"8213","D22","RMDQ15_v1","0","116","1","101","15","1","0"
"8214","D23","RMDQ15_v1","0","115","2","100","15","2","0"
"8215","D24","RMDQ15_v1","0.0416666666666667","93","24","79","14","23","1"
"8216","D25","RMDQ15_v1","0","114","3","99","15","3","0"
"8217","D26","RMDQ15_v1","0","115","2","100","15","2","0"
"8218","D27","RMDQ15_v1","0.25","113","4","99","14","3","1"
"8219","D28","RMDQ15_v1","0","112","5","97","15","5","0"
"8220","D29","RMDQ15_v1","0.142857142857143","75","42","66","9","36","6"
"8221","D3","RMDQ15_v1","0.5","115","2","101","14","1","1"
"8222","D30","RMDQ15_v1","0.163934426229508","56","61","51","5","51","10"
"8223","D31","RMDQ15_v1","0.0588235294117647","100","17","86","14","16","1"
"8224","D32","RMDQ15_v1","0.189189189189189","80","37","72","8","30","7"
"8225","D33","RMDQ15_v1","0.0833333333333333","105","12","91","14","11","1"
"8226","D34","RMDQ15_v1","0.5","115","2","101","14","1","1"
"8227","D35","RMDQ15_v1","1","116","1","102","14","0","1"
"8228","D36","RMDQ15_v1","0","110","7","95","15","7","0"
"8229","D37","RMDQ15_v1","0.19047619047619","96","21","85","11","17","4"
"8230","D38","RMDQ15_v1","0","114","3","99","15","3","0"
"8231","D39","RMDQ15_v1","0.142857142857143","103","14","90","13","12","2"
"8232","D4","RMDQ15_v1","0.666666666666667","114","3","101","13","1","2"
"8233","D40","RMDQ15_v1","0","112","5","97","15","5","0"
"8234","D41","RMDQ15_v1","0","110","7","95","15","7","0"
"8235","D42","RMDQ15_v1","0","115","2","100","15","2","0"
"8236","D43","RMDQ15_v1","0","115","2","100","15","2","0"
"8237","D44","RMDQ15_v1","0.162162162162162","80","37","71","9","31","6"
"8238","D45","RMDQ15_v1","0.0833333333333333","105","12","91","14","11","1"
"8239","D46","RMDQ15_v1","0.162162162162162","80","37","71","9","31","6"
"8240","D47","RMDQ15_v1","0.166666666666667","105","12","92","13","10","2"
"8241","D48","RMDQ15_v1","0.115384615384615","91","26","79","12","23","3"
"8242","D49","RMDQ15_v1","0.0769230769230769","104","13","90","14","12","1"
"8243","D5","RMDQ15_v1","0.333333333333333","114","3","100","14","2","1"
"8244","D50","RMDQ15_v1","0","116","1","101","15","1","0"
"8245","D51","RMDQ15_v1","1","116","1","102","14","0","1"
"8246","D52","RMDQ15_v1","0","116","1","101","15","1","0"
"8247","D53","RMDQ15_v1","0","116","1","101","15","1","0"
"8248","D9","RMDQ15_v1","1","116","1","102","14","0","1"
"8249","RMDQ1_v1","RMDQ15_v1","0.341176470588235","134","85","132","2","56","29"
"8250","RMDQ2_v1","RMDQ15_v1","0.322222222222222","129","90","127","2","61","29"
"8251","RMDQ3_v1","RMDQ15_v1","0.341772151898734","141","79","137","4","52","27"
"8252","RMDQ4_v1","RMDQ15_v1","0.0925925925925926","166","54","140","26","49","5"
"8253","RMDQ5_v1","RMDQ15_v1","0.375","148","72","144","4","45","27"
"8254","RMDQ6_v1","RMDQ15_v1","0.482142857142857","164","56","160","4","29","27"
"8255","RMDQ7_v1","RMDQ15_v1","0.692307692307692","181","39","177","4","12","27"
"8256","RMDQ8_v1","RMDQ15_v1","0.5","212","8","185","27","4","4"
"8257","RMDQ9_v1","RMDQ15_v1","0.794117647058823","186","34","182","4","7","27"
"8258","RMDQ10_v1","RMDQ15_v1","0.675","180","40","176","4","13","27"
"8259","RMDQ11_v1","RMDQ15_v1","0.642857142857143","178","42","174","4","15","27"
"8260","RMDQ12_v1","RMDQ15_v1","0.659090909090909","176","44","174","2","15","29"
"8261","RMDQ13_v1","RMDQ15_v1","0.58695652173913","174","46","170","4","19","27"
"8262","RMDQ14_v1","RMDQ15_v1","0.591836734693878","171","49","169","2","20","29"
"8263","RMDQ15_v1","RMDQ15_v1","1","189","31","189","0","0","31"
"8264","RMDQ16_v1","RMDQ15_v1","0.72972972972973","183","37","179","4","10","27"
"8265","RMDQ17_v1","RMDQ15_v1","0.551020408163265","171","49","167","4","22","27"
"8266","RMDQ18_v1","RMDQ15_v1","0.75","184","36","180","4","9","27"
"8267","RMDQ19_v1","RMDQ15_v1","0.84375","188","32","184","4","5","27"
"8268","RMDQ20_v1","RMDQ15_v1","0.710526315789474","182","38","178","4","11","27"
"8269","RMDQ21_v1","RMDQ15_v1","0.5625","172","48","168","4","21","27"
"8270","RMDQ22_v1","RMDQ15_v1","0.710526315789474","182","38","178","4","11","27"
"8271","RMDQ23_v1","RMDQ15_v1","0.72972972972973","183","37","179","4","10","27"
"8272","RMDQ24_v1","RMDQ15_v1","0.771428571428571","185","35","181","4","8","27"
"8273","DN4_1a_v1","RMDQ15_v1","0.14","109","100","93","16","86","14"
"8274","DN4_1b_v1","RMDQ15_v1","0.0638297872340425","161","47","134","27","44","3"
"8275","DN4_1c_v1","RMDQ15_v1","0.1","152","60","128","24","54","6"
"8276","DN4_2a_v1","RMDQ15_v1","0.107142857142857","156","56","132","24","50","6"
"8277","DN4_2b_v1","RMDQ15_v1","0.17741935483871","150","62","131","19","51","11"
"8278","DN4_2c_v1","RMDQ15_v1","0.169491525423729","150","59","130","20","49","10"
"8279","DN4_2d_v1","RMDQ15_v1","0.181818181818182","201","11","173","28","9","2"
"8280","DN4_3a_v1","RMDQ15_v1","0.571428571428571","205","7","179","26","3","4"
"8281","DN4_3b_v1","RMDQ15_v1","0.571428571428571","205","7","179","26","3","4"
"8282","DN4_4_v1","RMDQ15_v1","0.666666666666667","206","6","180","26","2","4"
"8283","Fuma","RMDQ16_v1","0.277777777777778","147","36","125","22","26","10"
"8284","Cirurgia_coluna","RMDQ16_v1","0.220588235294118","127","68","111","16","53","15"
"8285","Aposentado","RMDQ16_v1","0.242424242424242","150","33","128","22","25","8"
"8286","Desempregado","RMDQ16_v1","0.192307692307692","153","26","128","25","21","5"
"8287","Licenca_Medica","RMDQ16_v1","0.157894736842105","162","19","135","27","16","3"
"8288","Aposentado_Invalidez","RMDQ16_v1","0.375","171","8","143","28","5","3"
"8289","Analg.e9.sicos","RMDQ16_v1","0.205673758865248","57","141","52","5","112","29"
"8290","OutraDoenca","RMDQ16_v1","0.226666666666667","114","75","98","16","58","17"
"8291","Dor_costas","RMDQ16_v1","0.219512195121951","67","123","62","5","96","27"
"8292","Dor_pernas","RMDQ16_v1","0.184615384615385","123","65","103","20","53","12"
"8293","Retornar_trabalho","RMDQ16_v1","0.210526315789474","168","19","143","25","15","4"
"8294","Masc","RMDQ16_v1","0.167785234899329","71","149","59","12","124","25"
"8295","Fem","RMDQ16_v1","0.169014084507042","149","71","124","25","59","12"
"8296","Casado_Amasiado","RMDQ16_v1","0.197530864197531","101","81","86","15","65","16"
"8297","Solteiro","RMDQ16_v1","0.133333333333333","107","75","86","21","65","10"
"8298","Separado_Divorciado","RMDQ16_v1","0.142857142857143","175","7","145","30","6","1"
"8299","X4","RMDQ16_v1","0","179","3","148","31","3","0"
"8300","X5","RMDQ16_v1","0.25","178","4","148","30","3","1"
"8301","X6","RMDQ16_v1","0.25","170","12","142","28","9","3"
"8302","Livrar_costas","RMDQ16_v1","0.196261682242991","16","107","14","2","86","21"
"8303","Livrar_perna","RMDQ16_v1","0.142857142857143","109","14","88","21","12","2"
"8304","Livrar_perda_sens","RMDQ16_v1","0","121","2","98","23","2","0"
"8305","D1","RMDQ16_v1","0","116","1","97","19","1","0"
"8306","D15","RMDQ16_v1","0.142857142857143","110","7","92","18","6","1"
"8307","D16","RMDQ16_v1","0.25","97","20","83","14","15","5"
"8308","D17","RMDQ16_v1","0","112","5","93","19","5","0"
"8309","D18","RMDQ16_v1","0.230769230769231","104","13","88","16","10","3"
"8310","D19","RMDQ16_v1","0.166666666666667","111","6","93","18","5","1"
"8311","D2","RMDQ16_v1","0.375","109","8","93","16","5","3"
"8312","D20","RMDQ16_v1","0.142857142857143","110","7","92","18","6","1"
"8313","D21","RMDQ16_v1","0.142857142857143","110","7","92","18","6","1"
"8314","D22","RMDQ16_v1","0","116","1","97","19","1","0"
"8315","D23","RMDQ16_v1","0","115","2","96","19","2","0"
"8316","D24","RMDQ16_v1","0.0833333333333333","93","24","76","17","22","2"
"8317","D25","RMDQ16_v1","0","114","3","95","19","3","0"
"8318","D26","RMDQ16_v1","0","115","2","96","19","2","0"
"8319","D27","RMDQ16_v1","0.5","113","4","96","17","2","2"
"8320","D28","RMDQ16_v1","0.4","112","5","95","17","3","2"
"8321","D29","RMDQ16_v1","0.214285714285714","75","42","65","10","33","9"
"8322","D3","RMDQ16_v1","0.5","115","2","97","18","1","1"
"8323","D30","RMDQ16_v1","0.213114754098361","56","61","50","6","48","13"
"8324","D31","RMDQ16_v1","0.176470588235294","100","17","84","16","14","3"
"8325","D32","RMDQ16_v1","0.216216216216216","80","37","69","11","29","8"
"8326","D33","RMDQ16_v1","0.0833333333333333","105","12","87","18","11","1"
"8327","D34","RMDQ16_v1","0.5","115","2","97","18","1","1"
"8328","D35","RMDQ16_v1","1","116","1","98","18","0","1"
"8329","D36","RMDQ16_v1","0","110","7","91","19","7","0"
"8330","D37","RMDQ16_v1","0.238095238095238","96","21","82","14","16","5"
"8331","D38","RMDQ16_v1","0","114","3","95","19","3","0"
"8332","D39","RMDQ16_v1","0.214285714285714","103","14","87","16","11","3"
"8333","D4","RMDQ16_v1","0.666666666666667","114","3","97","17","1","2"
"8334","D40","RMDQ16_v1","0","112","5","93","19","5","0"
"8335","D41","RMDQ16_v1","0","110","7","91","19","7","0"
"8336","D42","RMDQ16_v1","0","115","2","96","19","2","0"
"8337","D43","RMDQ16_v1","0.5","115","2","97","18","1","1"
"8338","D44","RMDQ16_v1","0.189189189189189","80","37","68","12","30","7"
"8339","D45","RMDQ16_v1","0.0833333333333333","105","12","87","18","11","1"
"8340","D46","RMDQ16_v1","0.189189189189189","80","37","68","12","30","7"
"8341","D47","RMDQ16_v1","0.166666666666667","105","12","88","17","10","2"
"8342","D48","RMDQ16_v1","0.153846153846154","91","26","76","15","22","4"
"8343","D49","RMDQ16_v1","0.0769230769230769","104","13","86","18","12","1"
"8344","D5","RMDQ16_v1","0.333333333333333","114","3","96","18","2","1"
"8345","D50","RMDQ16_v1","0","116","1","97","19","1","0"
"8346","D51","RMDQ16_v1","1","116","1","98","18","0","1"
"8347","D52","RMDQ16_v1","0","116","1","97","19","1","0"
"8348","D53","RMDQ16_v1","1","116","1","98","18","0","1"
"8349","D9","RMDQ16_v1","1","116","1","98","18","0","1"
"8350","RMDQ1_v1","RMDQ16_v1","0.352941176470588","134","85","127","7","55","30"
"8351","RMDQ2_v1","RMDQ16_v1","0.333333333333333","129","90","122","7","60","30"
"8352","RMDQ3_v1","RMDQ16_v1","0.40506329113924","141","79","136","5","47","32"
"8353","RMDQ4_v1","RMDQ16_v1","0.203703703703704","166","54","140","26","43","11"
"8354","RMDQ5_v1","RMDQ16_v1","0.444444444444444","148","72","143","5","40","32"
"8355","RMDQ6_v1","RMDQ16_v1","0.589285714285714","164","56","160","4","23","33"
"8356","RMDQ7_v1","RMDQ16_v1","0.82051282051282","181","39","176","5","7","32"
"8357","RMDQ8_v1","RMDQ16_v1","0.875","212","8","182","30","1","7"
"8358","RMDQ9_v1","RMDQ16_v1","0.941176470588235","186","34","181","5","2","32"
"8359","RMDQ10_v1","RMDQ16_v1","0.8","180","40","175","5","8","32"
"8360","RMDQ11_v1","RMDQ16_v1","0.761904761904762","178","42","173","5","10","32"
"8361","RMDQ12_v1","RMDQ16_v1","0.727272727272727","176","44","171","5","12","32"
"8362","RMDQ13_v1","RMDQ16_v1","0.760869565217391","174","46","172","2","11","35"
"8363","RMDQ14_v1","RMDQ16_v1","0.653061224489796","171","49","166","5","17","32"
"8364","RMDQ15_v1","RMDQ16_v1","0.870967741935484","189","31","179","10","4","27"
"8365","RMDQ16_v1","RMDQ16_v1","1","183","37","183","0","0","37"
"8366","RMDQ17_v1","RMDQ16_v1","0.693877551020408","171","49","168","3","15","34"
"8367","RMDQ18_v1","RMDQ16_v1","0.861111111111111","184","36","178","6","5","31"
"8368","RMDQ19_v1","RMDQ16_v1","0.9375","188","32","181","7","2","30"
"8369","RMDQ20_v1","RMDQ16_v1","0.868421052631579","182","38","178","4","5","33"
"8370","RMDQ21_v1","RMDQ16_v1","0.666666666666667","172","48","167","5","16","32"
"8371","RMDQ22_v1","RMDQ16_v1","0.815789473684211","182","38","176","6","7","31"
"8372","RMDQ23_v1","RMDQ16_v1","0.837837837837838","183","37","177","6","6","31"
"8373","RMDQ24_v1","RMDQ16_v1","0.914285714285714","185","35","180","5","3","32"
"8374","DN4_1a_v1","RMDQ16_v1","0.14","109","100","89","20","86","14"
"8375","DN4_1b_v1","RMDQ16_v1","0.0638297872340425","161","47","130","31","44","3"
"8376","DN4_1c_v1","RMDQ16_v1","0.1","152","60","124","28","54","6"
"8377","DN4_2a_v1","RMDQ16_v1","0.107142857142857","156","56","128","28","50","6"
"8378","DN4_2b_v1","RMDQ16_v1","0.225806451612903","150","62","130","20","48","14"
"8379","DN4_2c_v1","RMDQ16_v1","0.220338983050847","150","59","129","21","46","13"
"8380","DN4_2d_v1","RMDQ16_v1","0.181818181818182","201","11","169","32","9","2"
"8381","DN4_3a_v1","RMDQ16_v1","0.571428571428571","205","7","175","30","3","4"
"8382","DN4_3b_v1","RMDQ16_v1","0.571428571428571","205","7","175","30","3","4"
"8383","DN4_4_v1","RMDQ16_v1","0.666666666666667","206","6","176","30","2","4"
"8384","Fuma","RMDQ17_v1","0.25","147","36","116","31","27","9"
"8385","Cirurgia_coluna","RMDQ17_v1","0.235294117647059","127","68","103","24","52","16"
"8386","Aposentado","RMDQ17_v1","0.242424242424242","150","33","118","32","25","8"
"8387","Desempregado","RMDQ17_v1","0.269230769230769","153","26","121","32","19","7"
"8388","Licenca_Medica","RMDQ17_v1","0.210526315789474","162","19","126","36","15","4"
"8389","Aposentado_Invalidez","RMDQ17_v1","0.375","171","8","134","37","5","3"
"8390","Analg.e9.sicos","RMDQ17_v1","0.24822695035461","57","141","49","8","106","35"
"8391","OutraDoenca","RMDQ17_v1","0.346666666666667","114","75","98","16","49","26"
"8392","Dor_costas","RMDQ17_v1","0.252032520325203","67","123","56","11","92","31"
"8393","Dor_pernas","RMDQ17_v1","0.215384615384615","123","65","95","28","51","14"
"8394","Retornar_trabalho","RMDQ17_v1","0.315789473684211","168","19","134","34","13","6"
"8395","Masc","RMDQ17_v1","0.248322147651007","71","149","59","12","112","37"
"8396","Fem","RMDQ17_v1","0.169014084507042","149","71","112","37","59","12"
"8397","Casado_Amasiado","RMDQ17_v1","0.222222222222222","101","81","80","21","63","18"
"8398","Solteiro","RMDQ17_v1","0.2","107","75","83","24","60","15"
"8399","Separado_Divorciado","RMDQ17_v1","0.285714285714286","175","7","138","37","5","2"
"8400","X4","RMDQ17_v1","0","179","3","140","39","3","0"
"8401","X5","RMDQ17_v1","0.25","178","4","140","38","3","1"
"8402","X6","RMDQ17_v1","0.25","170","12","134","36","9","3"
"8403","Livrar_costas","RMDQ17_v1","0.224299065420561","16","107","14","2","83","24"
"8404","Livrar_perna","RMDQ17_v1","0.142857142857143","109","14","85","24","12","2"
"8405","Livrar_perda_sens","RMDQ17_v1","0","121","2","95","26","2","0"
"8406","D1","RMDQ17_v1","0","116","1","94","22","1","0"
"8407","D15","RMDQ17_v1","0.142857142857143","110","7","89","21","6","1"
"8408","D16","RMDQ17_v1","0.2","97","20","79","18","16","4"
"8409","D17","RMDQ17_v1","0","112","5","90","22","5","0"
"8410","D18","RMDQ17_v1","0.230769230769231","104","13","85","19","10","3"
"8411","D19","RMDQ17_v1","0.333333333333333","111","6","91","20","4","2"
"8412","D2","RMDQ17_v1","0.25","109","8","89","20","6","2"
"8413","D20","RMDQ17_v1","0.142857142857143","110","7","89","21","6","1"
"8414","D21","RMDQ17_v1","0.142857142857143","110","7","89","21","6","1"
"8415","D22","RMDQ17_v1","1","116","1","95","21","0","1"
"8416","D23","RMDQ17_v1","0","115","2","93","22","2","0"
"8417","D24","RMDQ17_v1","0.0416666666666667","93","24","72","21","23","1"
"8418","D25","RMDQ17_v1","0","114","3","92","22","3","0"
"8419","D26","RMDQ17_v1","0.5","115","2","94","21","1","1"
"8420","D27","RMDQ17_v1","0.5","113","4","93","20","2","2"
"8421","D28","RMDQ17_v1","0.2","112","5","91","21","4","1"
"8422","D29","RMDQ17_v1","0.19047619047619","75","42","61","14","34","8"
"8423","D3","RMDQ17_v1","0.5","115","2","94","21","1","1"
"8424","D30","RMDQ17_v1","0.213114754098361","56","61","47","9","48","13"
"8425","D31","RMDQ17_v1","0.176470588235294","100","17","81","19","14","3"
"8426","D32","RMDQ17_v1","0.189189189189189","80","37","65","15","30","7"
"8427","D33","RMDQ17_v1","0.0833333333333333","105","12","84","21","11","1"
"8428","D34","RMDQ17_v1","0.5","115","2","94","21","1","1"
"8429","D35","RMDQ17_v1","1","116","1","95","21","0","1"
"8430","D36","RMDQ17_v1","0","110","7","88","22","7","0"
"8431","D37","RMDQ17_v1","0.19047619047619","96","21","78","18","17","4"
"8432","D38","RMDQ17_v1","0","114","3","92","22","3","0"
"8433","D39","RMDQ17_v1","0.142857142857143","103","14","83","20","12","2"
"8434","D4","RMDQ17_v1","0.666666666666667","114","3","94","20","1","2"
"8435","D40","RMDQ17_v1","0","112","5","90","22","5","0"
"8436","D41","RMDQ17_v1","0","110","7","88","22","7","0"
"8437","D42","RMDQ17_v1","0.5","115","2","94","21","1","1"
"8438","D43","RMDQ17_v1","0.5","115","2","94","21","1","1"
"8439","D44","RMDQ17_v1","0.162162162162162","80","37","64","16","31","6"
"8440","D45","RMDQ17_v1","0.0833333333333333","105","12","84","21","11","1"
"8441","D46","RMDQ17_v1","0.162162162162162","80","37","64","16","31","6"
"8442","D47","RMDQ17_v1","0.166666666666667","105","12","85","20","10","2"
"8443","D48","RMDQ17_v1","0.115384615384615","91","26","72","19","23","3"
"8444","D49","RMDQ17_v1","0.0769230769230769","104","13","83","21","12","1"
"8445","D5","RMDQ17_v1","0.333333333333333","114","3","93","21","2","1"
"8446","D50","RMDQ17_v1","0","116","1","94","22","1","0"
"8447","D51","RMDQ17_v1","1","116","1","95","21","0","1"
"8448","D52","RMDQ17_v1","0","116","1","94","22","1","0"
"8449","D53","RMDQ17_v1","0","116","1","94","22","1","0"
"8450","D9","RMDQ17_v1","1","116","1","95","21","0","1"
"8451","RMDQ1_v1","RMDQ17_v1","0.411764705882353","134","85","120","14","50","35"
"8452","RMDQ2_v1","RMDQ17_v1","0.411111111111111","129","90","117","12","53","37"
"8453","RMDQ3_v1","RMDQ17_v1","0.518987341772152","141","79","133","8","38","41"
"8454","RMDQ4_v1","RMDQ17_v1","0.351851851851852","166","54","136","30","35","19"
"8455","RMDQ5_v1","RMDQ17_v1","0.569444444444444","148","72","140","8","31","41"
"8456","RMDQ6_v1","RMDQ17_v1","0.696428571428571","164","56","154","10","17","39"
"8457","RMDQ7_v1","RMDQ17_v1","0.794871794871795","181","39","163","18","8","31"
"8458","RMDQ8_v1","RMDQ17_v1","0.875","212","8","170","42","1","7"
"8459","RMDQ9_v1","RMDQ17_v1","0.911764705882353","186","34","168","18","3","31"
"8460","RMDQ10_v1","RMDQ17_v1","0.825","180","40","164","16","7","33"
"8461","RMDQ11_v1","RMDQ17_v1","0.785714285714286","178","42","162","16","9","33"
"8462","RMDQ12_v1","RMDQ17_v1","0.75","176","44","160","16","11","33"
"8463","RMDQ13_v1","RMDQ17_v1","0.739130434782609","174","46","159","15","12","34"
"8464","RMDQ14_v1","RMDQ17_v1","0.673469387755102","171","49","155","16","16","33"
"8465","RMDQ15_v1","RMDQ17_v1","0.870967741935484","189","31","167","22","4","27"
"8466","RMDQ16_v1","RMDQ17_v1","0.918918918918919","183","37","168","15","3","34"
"8467","RMDQ17_v1","RMDQ17_v1","1","171","49","171","0","0","49"
"8468","RMDQ18_v1","RMDQ17_v1","0.916666666666667","184","36","168","16","3","33"
"8469","RMDQ19_v1","RMDQ17_v1","0.9375","188","32","169","19","2","30"
"8470","RMDQ20_v1","RMDQ17_v1","0.921052631578947","182","38","168","14","3","35"
"8471","RMDQ21_v1","RMDQ17_v1","0.75","172","48","159","13","12","36"
"8472","RMDQ22_v1","RMDQ17_v1","0.868421052631579","182","38","166","16","5","33"
"8473","RMDQ23_v1","RMDQ17_v1","0.891891891891892","183","37","167","16","4","33"
"8474","RMDQ24_v1","RMDQ17_v1","0.942857142857143","185","35","169","16","2","33"
"8475","DN4_1a_v1","RMDQ17_v1","0.18","109","100","82","27","82","18"
"8476","DN4_1b_v1","RMDQ17_v1","0.148936170212766","161","47","123","38","40","7"
"8477","DN4_1c_v1","RMDQ17_v1","0.166666666666667","152","60","117","35","50","10"
"8478","DN4_2a_v1","RMDQ17_v1","0.178571428571429","156","56","121","35","46","10"
"8479","DN4_2b_v1","RMDQ17_v1","0.290322580645161","150","62","123","27","44","18"
"8480","DN4_2c_v1","RMDQ17_v1","0.288135593220339","150","59","122","28","42","17"
"8481","DN4_2d_v1","RMDQ17_v1","0.181818181818182","201","11","158","43","9","2"
"8482","DN4_3a_v1","RMDQ17_v1","0.571428571428571","205","7","164","41","3","4"
"8483","DN4_3b_v1","RMDQ17_v1","0.571428571428571","205","7","164","41","3","4"
"8484","DN4_4_v1","RMDQ17_v1","0.666666666666667","206","6","165","41","2","4"
"8485","Fuma","RMDQ18_v1","0.25","147","36","125","22","27","9"
"8486","Cirurgia_coluna","RMDQ18_v1","0.176470588235294","127","68","110","17","56","12"
"8487","Aposentado","RMDQ18_v1","0.181818181818182","150","33","126","24","27","6"
"8488","Desempregado","RMDQ18_v1","0.269230769230769","153","26","130","23","19","7"
"8489","Licenca_Medica","RMDQ18_v1","0.210526315789474","162","19","136","26","15","4"
"8490","Aposentado_Invalidez","RMDQ18_v1","0.375","171","8","144","27","5","3"
"8491","Analg.e9.sicos","RMDQ18_v1","0.212765957446809","57","141","54","3","111","30"
"8492","OutraDoenca","RMDQ18_v1","0.226666666666667","114","75","99","15","58","17"
"8493","Dor_costas","RMDQ18_v1","0.219512195121951","67","123","63","4","96","27"
"8494","Dor_pernas","RMDQ18_v1","0.215384615384615","123","65","106","17","51","14"
"8495","Retornar_trabalho","RMDQ18_v1","0.315789473684211","168","19","142","26","13","6"
"8496","Masc","RMDQ18_v1","0.161073825503356","71","149","59","12","125","24"
"8497","Fem","RMDQ18_v1","0.169014084507042","149","71","125","24","59","12"
"8498","Casado_Amasiado","RMDQ18_v1","0.197530864197531","101","81","86","15","65","16"
"8499","Solteiro","RMDQ18_v1","0.16","107","75","88","19","63","12"
"8500","Separado_Divorciado","RMDQ18_v1","0","175","7","144","31","7","0"
"8501","X4","RMDQ18_v1","0","179","3","148","31","3","0"
"8502","X5","RMDQ18_v1","0.25","178","4","148","30","3","1"
"8503","X6","RMDQ18_v1","0.166666666666667","170","12","141","29","10","2"
"8504","Livrar_costas","RMDQ18_v1","0.196261682242991","16","107","13","3","86","21"
"8505","Livrar_perna","RMDQ18_v1","0.214285714285714","109","14","88","21","11","3"
"8506","Livrar_perda_sens","RMDQ18_v1","0","121","2","97","24","2","0"
"8507","D1","RMDQ18_v1","0","116","1","96","20","1","0"
"8508","D15","RMDQ18_v1","0.142857142857143","110","7","91","19","6","1"
"8509","D16","RMDQ18_v1","0.2","97","20","81","16","16","4"
"8510","D17","RMDQ18_v1","0","112","5","92","20","5","0"
"8511","D18","RMDQ18_v1","0.307692307692308","104","13","88","16","9","4"
"8512","D19","RMDQ18_v1","0.333333333333333","111","6","93","18","4","2"
"8513","D2","RMDQ18_v1","0.25","109","8","91","18","6","2"
"8514","D20","RMDQ18_v1","0.142857142857143","110","7","91","19","6","1"
"8515","D21","RMDQ18_v1","0.142857142857143","110","7","91","19","6","1"
"8516","D22","RMDQ18_v1","1","116","1","97","19","0","1"
"8517","D23","RMDQ18_v1","0.5","115","2","96","19","1","1"
"8518","D24","RMDQ18_v1","0.0833333333333333","93","24","75","18","22","2"
"8519","D25","RMDQ18_v1","0.333333333333333","114","3","95","19","2","1"
"8520","D26","RMDQ18_v1","0.5","115","2","96","19","1","1"
"8521","D27","RMDQ18_v1","0.75","113","4","96","17","1","3"
"8522","D28","RMDQ18_v1","0.4","112","5","94","18","3","2"
"8523","D29","RMDQ18_v1","0.19047619047619","75","42","63","12","34","8"
"8524","D3","RMDQ18_v1","0.5","115","2","96","19","1","1"
"8525","D30","RMDQ18_v1","0.229508196721311","56","61","50","6","47","14"
"8526","D31","RMDQ18_v1","0.176470588235294","100","17","83","17","14","3"
"8527","D32","RMDQ18_v1","0.189189189189189","80","37","67","13","30","7"
"8528","D33","RMDQ18_v1","0.0833333333333333","105","12","86","19","11","1"
"8529","D34","RMDQ18_v1","0.5","115","2","96","19","1","1"
"8530","D35","RMDQ18_v1","1","116","1","97","19","0","1"
"8531","D36","RMDQ18_v1","0","110","7","90","20","7","0"
"8532","D37","RMDQ18_v1","0.19047619047619","96","21","80","16","17","4"
"8533","D38","RMDQ18_v1","0","114","3","94","20","3","0"
"8534","D39","RMDQ18_v1","0.142857142857143","103","14","85","18","12","2"
"8535","D4","RMDQ18_v1","0.666666666666667","114","3","96","18","1","2"
"8536","D40","RMDQ18_v1","0","112","5","92","20","5","0"
"8537","D41","RMDQ18_v1","0","110","7","90","20","7","0"
"8538","D42","RMDQ18_v1","0.5","115","2","96","19","1","1"
"8539","D43","RMDQ18_v1","0.5","115","2","96","19","1","1"
"8540","D44","RMDQ18_v1","0.162162162162162","80","37","66","14","31","6"
"8541","D45","RMDQ18_v1","0.0833333333333333","105","12","86","19","11","1"
"8542","D46","RMDQ18_v1","0.162162162162162","80","37","66","14","31","6"
"8543","D47","RMDQ18_v1","0.166666666666667","105","12","87","18","10","2"
"8544","D48","RMDQ18_v1","0.115384615384615","91","26","74","17","23","3"
"8545","D49","RMDQ18_v1","0.0769230769230769","104","13","85","19","12","1"
"8546","D5","RMDQ18_v1","0.333333333333333","114","3","95","19","2","1"
"8547","D50","RMDQ18_v1","0","116","1","96","20","1","0"
"8548","D51","RMDQ18_v1","1","116","1","97","19","0","1"
"8549","D52","RMDQ18_v1","0","116","1","96","20","1","0"
"8550","D53","RMDQ18_v1","0","116","1","96","20","1","0"
"8551","D9","RMDQ18_v1","1","116","1","97","19","0","1"
"8552","RMDQ1_v1","RMDQ18_v1","0.329411764705882","134","85","126","8","57","28"
"8553","RMDQ2_v1","RMDQ18_v1","0.355555555555556","129","90","125","4","58","32"
"8554","RMDQ3_v1","RMDQ18_v1","0.417721518987342","141","79","138","3","46","33"
"8555","RMDQ4_v1","RMDQ18_v1","0.240740740740741","166","54","143","23","41","13"
"8556","RMDQ5_v1","RMDQ18_v1","0.458333333333333","148","72","145","3","39","33"
"8557","RMDQ6_v1","RMDQ18_v1","0.589285714285714","164","56","161","3","23","33"
"8558","RMDQ7_v1","RMDQ18_v1","0.794871794871795","181","39","176","5","8","31"
"8559","RMDQ8_v1","RMDQ18_v1","0.875","212","8","183","29","1","7"
"8560","RMDQ9_v1","RMDQ18_v1","0.911764705882353","186","34","181","5","3","31"
"8561","RMDQ10_v1","RMDQ18_v1","0.875","180","40","179","1","5","35"
"8562","RMDQ11_v1","RMDQ18_v1","0.833333333333333","178","42","177","1","7","35"
"8563","RMDQ12_v1","RMDQ18_v1","0.75","176","44","173","3","11","33"
"8564","RMDQ13_v1","RMDQ18_v1","0.673913043478261","174","46","169","5","15","31"
"8565","RMDQ14_v1","RMDQ18_v1","0.714285714285714","171","49","170","1","14","35"
"8566","RMDQ15_v1","RMDQ18_v1","0.870967741935484","189","31","180","9","4","27"
"8567","RMDQ16_v1","RMDQ18_v1","0.837837837837838","183","37","178","5","6","31"
"8568","RMDQ17_v1","RMDQ18_v1","0.673469387755102","171","49","168","3","16","33"
"8569","RMDQ18_v1","RMDQ18_v1","1","184","36","184","0","0","36"
"8570","RMDQ19_v1","RMDQ18_v1","0.9375","188","32","182","6","2","30"
"8571","RMDQ20_v1","RMDQ18_v1","0.868421052631579","182","38","179","3","5","33"
"8572","RMDQ21_v1","RMDQ18_v1","0.729166666666667","172","48","171","1","13","35"
"8573","RMDQ22_v1","RMDQ18_v1","0.868421052631579","182","38","179","3","5","33"
"8574","RMDQ23_v1","RMDQ18_v1","0.891891891891892","183","37","180","3","4","33"
"8575","RMDQ24_v1","RMDQ18_v1","0.942857142857143","185","35","182","3","2","33"
"8576","DN4_1a_v1","RMDQ18_v1","0.15","109","100","94","15","85","15"
"8577","DN4_1b_v1","RMDQ18_v1","0.0638297872340425","161","47","134","27","44","3"
"8578","DN4_1c_v1","RMDQ18_v1","0.1","152","60","128","24","54","6"
"8579","DN4_2a_v1","RMDQ18_v1","0.107142857142857","156","56","132","24","50","6"
"8580","DN4_2b_v1","RMDQ18_v1","0.225806451612903","150","62","134","16","48","14"
"8581","DN4_2c_v1","RMDQ18_v1","0.23728813559322","150","59","134","16","45","14"
"8582","DN4_2d_v1","RMDQ18_v1","0.181818181818182","201","11","173","28","9","2"
"8583","DN4_3a_v1","RMDQ18_v1","0.571428571428571","205","7","179","26","3","4"
"8584","DN4_3b_v1","RMDQ18_v1","0.571428571428571","205","7","179","26","3","4"
"8585","DN4_4_v1","RMDQ18_v1","0.666666666666667","206","6","180","26","2","4"
"8586","Fuma","RMDQ19_v1","0.222222222222222","147","36","127","20","28","8"
"8587","Cirurgia_coluna","RMDQ19_v1","0.191176470588235","127","68","113","14","55","13"
"8588","Aposentado","RMDQ19_v1","0.151515151515152","150","33","129","21","28","5"
"8589","Desempregado","RMDQ19_v1","0.115384615384615","153","26","130","23","23","3"
"8590","Licenca_Medica","RMDQ19_v1","0.210526315789474","162","19","140","22","15","4"
"8591","Aposentado_Invalidez","RMDQ19_v1","0.5","171","8","149","22","4","4"
"8592","Analg.e9.sicos","RMDQ19_v1","0.184397163120567","57","141","54","3","115","26"
"8593","OutraDoenca","RMDQ19_v1","0.186666666666667","114","75","100","14","61","14"
"8594","Dor_costas","RMDQ19_v1","0.178861788617886","67","123","62","5","101","22"
"8595","Dor_pernas","RMDQ19_v1","0.215384615384615","123","65","110","13","51","14"
"8596","Retornar_trabalho","RMDQ19_v1","0.210526315789474","168","19","145","23","15","4"
"8597","Masc","RMDQ19_v1","0.147651006711409","71","149","61","10","127","22"
"8598","Fem","RMDQ19_v1","0.140845070422535","149","71","127","22","61","10"
"8599","Casado_Amasiado","RMDQ19_v1","0.172839506172839","101","81","88","13","67","14"
"8600","Solteiro","RMDQ19_v1","0.133333333333333","107","75","90","17","65","10"
"8601","Separado_Divorciado","RMDQ19_v1","0","175","7","148","27","7","0"
"8602","X4","RMDQ19_v1","0","179","3","152","27","3","0"
"8603","X5","RMDQ19_v1","0.25","178","4","152","26","3","1"
"8604","X6","RMDQ19_v1","0.166666666666667","170","12","145","25","10","2"
"8605","Livrar_costas","RMDQ19_v1","0.168224299065421","16","107","14","2","89","18"
"8606","Livrar_perna","RMDQ19_v1","0.142857142857143","109","14","91","18","12","2"
"8607","Livrar_perda_sens","RMDQ19_v1","0","121","2","101","20","2","0"
"8608","D1","RMDQ19_v1","0","116","1","100","16","1","0"
"8609","D15","RMDQ19_v1","0.142857142857143","110","7","95","15","6","1"
"8610","D16","RMDQ19_v1","0.3","97","20","87","10","14","6"
"8611","D17","RMDQ19_v1","0","112","5","96","16","5","0"
"8612","D18","RMDQ19_v1","0.153846153846154","104","13","90","14","11","2"
"8613","D19","RMDQ19_v1","0.166666666666667","111","6","96","15","5","1"
"8614","D2","RMDQ19_v1","0.25","109","8","95","14","6","2"
"8615","D20","RMDQ19_v1","0","110","7","94","16","7","0"
"8616","D21","RMDQ19_v1","0","110","7","94","16","7","0"
"8617","D22","RMDQ19_v1","0","116","1","100","16","1","0"
"8618","D23","RMDQ19_v1","0","115","2","99","16","2","0"
"8619","D24","RMDQ19_v1","0.0416666666666667","93","24","78","15","23","1"
"8620","D25","RMDQ19_v1","0","114","3","98","16","3","0"
"8621","D26","RMDQ19_v1","0","115","2","99","16","2","0"
"8622","D27","RMDQ19_v1","0.5","113","4","99","14","2","2"
"8623","D28","RMDQ19_v1","0.2","112","5","97","15","4","1"
"8624","D29","RMDQ19_v1","0.214285714285714","75","42","68","7","33","9"
"8625","D3","RMDQ19_v1","0.5","115","2","100","15","1","1"
"8626","D30","RMDQ19_v1","0.19672131147541","56","61","52","4","49","12"
"8627","D31","RMDQ19_v1","0.117647058823529","100","17","86","14","15","2"
"8628","D32","RMDQ19_v1","0.243243243243243","80","37","73","7","28","9"
"8629","D33","RMDQ19_v1","0.0833333333333333","105","12","90","15","11","1"
"8630","D34","RMDQ19_v1","0.5","115","2","100","15","1","1"
"8631","D35","RMDQ19_v1","1","116","1","101","15","0","1"
"8632","D36","RMDQ19_v1","0","110","7","94","16","7","0"
"8633","D37","RMDQ19_v1","0.285714285714286","96","21","86","10","15","6"
"8634","D38","RMDQ19_v1","0","114","3","98","16","3","0"
"8635","D39","RMDQ19_v1","0.214285714285714","103","14","90","13","11","3"
"8636","D4","RMDQ19_v1","0.666666666666667","114","3","100","14","1","2"
"8637","D40","RMDQ19_v1","0","112","5","96","16","5","0"
"8638","D41","RMDQ19_v1","0.142857142857143","110","7","95","15","6","1"
"8639","D42","RMDQ19_v1","0","115","2","99","16","2","0"
"8640","D43","RMDQ19_v1","0","115","2","99","16","2","0"
"8641","D44","RMDQ19_v1","0.189189189189189","80","37","71","9","30","7"
"8642","D45","RMDQ19_v1","0.0833333333333333","105","12","90","15","11","1"
"8643","D46","RMDQ19_v1","0.216216216216216","80","37","72","8","29","8"
"8644","D47","RMDQ19_v1","0.166666666666667","105","12","91","14","10","2"
"8645","D48","RMDQ19_v1","0.192307692307692","91","26","80","11","21","5"
"8646","D49","RMDQ19_v1","0.0769230769230769","104","13","89","15","12","1"
"8647","D5","RMDQ19_v1","0.333333333333333","114","3","99","15","2","1"
"8648","D50","RMDQ19_v1","0","116","1","100","16","1","0"
"8649","D51","RMDQ19_v1","1","116","1","101","15","0","1"
"8650","D52","RMDQ19_v1","0","116","1","100","16","1","0"
"8651","D53","RMDQ19_v1","0","116","1","100","16","1","0"
"8652","D9","RMDQ19_v1","1","116","1","101","15","0","1"
"8653","RMDQ1_v1","RMDQ19_v1","0.329411764705882","134","85","130","4","57","28"
"8654","RMDQ2_v1","RMDQ19_v1","0.3","129","90","124","5","63","27"
"8655","RMDQ3_v1","RMDQ19_v1","0.379746835443038","141","79","139","2","49","30"
"8656","RMDQ4_v1","RMDQ19_v1","0.148148148148148","166","54","142","24","46","8"
"8657","RMDQ5_v1","RMDQ19_v1","0.430555555555556","148","72","147","1","41","31"
"8658","RMDQ6_v1","RMDQ19_v1","0.553571428571429","164","56","163","1","25","31"
"8659","RMDQ7_v1","RMDQ19_v1","0.794871794871795","181","39","180","1","8","31"
"8660","RMDQ8_v1","RMDQ19_v1","0.875","212","8","187","25","1","7"
"8661","RMDQ9_v1","RMDQ19_v1","0.911764705882353","186","34","185","1","3","31"
"8662","RMDQ10_v1","RMDQ19_v1","0.775","180","40","179","1","9","31"
"8663","RMDQ11_v1","RMDQ19_v1","0.738095238095238","178","42","177","1","11","31"
"8664","RMDQ12_v1","RMDQ19_v1","0.704545454545455","176","44","175","1","13","31"
"8665","RMDQ13_v1","RMDQ19_v1","0.673913043478261","174","46","173","1","15","31"
"8666","RMDQ14_v1","RMDQ19_v1","0.612244897959184","171","49","169","2","19","30"
"8667","RMDQ15_v1","RMDQ19_v1","0.870967741935484","189","31","184","5","4","27"
"8668","RMDQ16_v1","RMDQ19_v1","0.810810810810811","183","37","181","2","7","30"
"8669","RMDQ17_v1","RMDQ19_v1","0.612244897959184","171","49","169","2","19","30"
"8670","RMDQ18_v1","RMDQ19_v1","0.833333333333333","184","36","182","2","6","30"
"8671","RMDQ19_v1","RMDQ19_v1","1","188","32","188","0","0","32"
"8672","RMDQ20_v1","RMDQ19_v1","0.815789473684211","182","38","181","1","7","31"
"8673","RMDQ21_v1","RMDQ19_v1","0.645833333333333","172","48","171","1","17","31"
"8674","RMDQ22_v1","RMDQ19_v1","0.815789473684211","182","38","181","1","7","31"
"8675","RMDQ23_v1","RMDQ19_v1","0.837837837837838","183","37","182","1","6","31"
"8676","RMDQ24_v1","RMDQ19_v1","0.885714285714286","185","35","184","1","4","31"
"8677","DN4_1a_v1","RMDQ19_v1","0.15","109","100","93","16","85","15"
"8678","DN4_1b_v1","RMDQ19_v1","0.0851063829787234","161","47","134","27","43","4"
"8679","DN4_1c_v1","RMDQ19_v1","0.116666666666667","152","60","128","24","53","7"
"8680","DN4_2a_v1","RMDQ19_v1","0.125","156","56","132","24","49","7"
"8681","DN4_2b_v1","RMDQ19_v1","0.241935483870968","150","62","134","16","47","15"
"8682","DN4_2c_v1","RMDQ19_v1","0.254237288135593","150","59","134","16","44","15"
"8683","DN4_2d_v1","RMDQ19_v1","0.272727272727273","201","11","173","28","8","3"
"8684","DN4_3a_v1","RMDQ19_v1","0.571428571428571","205","7","178","27","3","4"
"8685","DN4_3b_v1","RMDQ19_v1","0.571428571428571","205","7","178","27","3","4"
"8686","DN4_4_v1","RMDQ19_v1","0.666666666666667","206","6","179","27","2","4"
"8687","Fuma","RMDQ20_v1","0.305555555555556","147","36","126","21","25","11"
"8688","Cirurgia_coluna","RMDQ20_v1","0.191176470588235","127","68","110","17","55","13"
"8689","Aposentado","RMDQ20_v1","0.212121212121212","150","33","126","24","26","7"
"8690","Desempregado","RMDQ20_v1","0.192307692307692","153","26","127","26","21","5"
"8691","Licenca_Medica","RMDQ20_v1","0.210526315789474","162","19","135","27","15","4"
"8692","Aposentado_Invalidez","RMDQ20_v1","0.5","171","8","144","27","4","4"
"8693","Analg.e9.sicos","RMDQ20_v1","0.219858156028369","57","141","54","3","110","31"
"8694","OutraDoenca","RMDQ20_v1","0.213333333333333","114","75","98","16","59","16"
"8695","Dor_costas","RMDQ20_v1","0.219512195121951","67","123","62","5","96","27"
"8696","Dor_pernas","RMDQ20_v1","0.215384615384615","123","65","105","18","51","14"
"8697","Retornar_trabalho","RMDQ20_v1","0.315789473684211","168","19","142","26","13","6"
"8698","Masc","RMDQ20_v1","0.181208053691275","71","149","60","11","122","27"
"8699","Fem","RMDQ20_v1","0.154929577464789","149","71","122","27","60","11"
"8700","Casado_Amasiado","RMDQ20_v1","0.197530864197531","101","81","85","16","65","16"
"8701","Solteiro","RMDQ20_v1","0.146666666666667","107","75","86","21","64","11"
"8702","Separado_Divorciado","RMDQ20_v1","0","175","7","143","32","7","0"
"8703","X4","RMDQ20_v1","0","179","3","147","32","3","0"
"8704","X5","RMDQ20_v1","0.25","178","4","147","31","3","1"
"8705","X6","RMDQ20_v1","0.333333333333333","170","12","142","28","8","4"
"8706","Livrar_costas","RMDQ20_v1","0.205607476635514","16","107","14","2","85","22"
"8707","Livrar_perna","RMDQ20_v1","0.142857142857143","109","14","87","22","12","2"
"8708","Livrar_perda_sens","RMDQ20_v1","0","121","2","97","24","2","0"
"8709","D1","RMDQ20_v1","0","116","1","95","21","1","0"
"8710","D15","RMDQ20_v1","0.142857142857143","110","7","90","20","6","1"
"8711","D16","RMDQ20_v1","0.25","97","20","81","16","15","5"
"8712","D17","RMDQ20_v1","0","112","5","91","21","5","0"
"8713","D18","RMDQ20_v1","0.307692307692308","104","13","87","17","9","4"
"8714","D19","RMDQ20_v1","0.333333333333333","111","6","92","19","4","2"
"8715","D2","RMDQ20_v1","0.375","109","8","91","18","5","3"
"8716","D20","RMDQ20_v1","0.285714285714286","110","7","91","19","5","2"
"8717","D21","RMDQ20_v1","0.285714285714286","110","7","91","19","5","2"
"8718","D22","RMDQ20_v1","1","116","1","96","20","0","1"
"8719","D23","RMDQ20_v1","0","115","2","94","21","2","0"
"8720","D24","RMDQ20_v1","0.0833333333333333","93","24","74","19","22","2"
"8721","D25","RMDQ20_v1","0","114","3","93","21","3","0"
"8722","D26","RMDQ20_v1","0.5","115","2","95","20","1","1"
"8723","D27","RMDQ20_v1","0.5","113","4","94","19","2","2"
"8724","D28","RMDQ20_v1","0.4","112","5","93","19","3","2"
"8725","D29","RMDQ20_v1","0.214285714285714","75","42","63","12","33","9"
"8726","D3","RMDQ20_v1","0.5","115","2","95","20","1","1"
"8727","D30","RMDQ20_v1","0.229508196721311","56","61","49","7","47","14"
"8728","D31","RMDQ20_v1","0.176470588235294","100","17","82","18","14","3"
"8729","D32","RMDQ20_v1","0.216216216216216","80","37","67","13","29","8"
"8730","D33","RMDQ20_v1","0.0833333333333333","105","12","85","20","11","1"
"8731","D34","RMDQ20_v1","0.5","115","2","95","20","1","1"
"8732","D35","RMDQ20_v1","1","116","1","96","20","0","1"
"8733","D36","RMDQ20_v1","0","110","7","89","21","7","0"
"8734","D37","RMDQ20_v1","0.238095238095238","96","21","80","16","16","5"
"8735","D38","RMDQ20_v1","0","114","3","93","21","3","0"
"8736","D39","RMDQ20_v1","0.214285714285714","103","14","85","18","11","3"
"8737","D4","RMDQ20_v1","0.666666666666667","114","3","95","19","1","2"
"8738","D40","RMDQ20_v1","0","112","5","91","21","5","0"
"8739","D41","RMDQ20_v1","0.142857142857143","110","7","90","20","6","1"
"8740","D42","RMDQ20_v1","0.5","115","2","95","20","1","1"
"8741","D43","RMDQ20_v1","1","115","2","96","19","0","2"
"8742","D44","RMDQ20_v1","0.162162162162162","80","37","65","15","31","6"
"8743","D45","RMDQ20_v1","0.0833333333333333","105","12","85","20","11","1"
"8744","D46","RMDQ20_v1","0.189189189189189","80","37","66","14","30","7"
"8745","D47","RMDQ20_v1","0.166666666666667","105","12","86","19","10","2"
"8746","D48","RMDQ20_v1","0.153846153846154","91","26","74","17","22","4"
"8747","D49","RMDQ20_v1","0.0769230769230769","104","13","84","20","12","1"
"8748","D5","RMDQ20_v1","0.333333333333333","114","3","94","20","2","1"
"8749","D50","RMDQ20_v1","0","116","1","95","21","1","0"
"8750","D51","RMDQ20_v1","1","116","1","96","20","0","1"
"8751","D52","RMDQ20_v1","0","116","1","95","21","1","0"
"8752","D53","RMDQ20_v1","1","116","1","96","20","0","1"
"8753","D9","RMDQ20_v1","1","116","1","96","20","0","1"
"8754","RMDQ1_v1","RMDQ20_v1","0.364705882352941","134","85","127","7","54","31"
"8755","RMDQ2_v1","RMDQ20_v1","0.355555555555556","129","90","123","6","58","32"
"8756","RMDQ3_v1","RMDQ20_v1","0.417721518987342","141","79","136","5","46","33"
"8757","RMDQ4_v1","RMDQ20_v1","0.222222222222222","166","54","140","26","42","12"
"8758","RMDQ5_v1","RMDQ20_v1","0.472222222222222","148","72","144","4","38","34"
"8759","RMDQ6_v1","RMDQ20_v1","0.660714285714286","164","56","163","1","19","37"
"8760","RMDQ7_v1","RMDQ20_v1","0.846153846153846","181","39","176","5","6","33"
"8761","RMDQ8_v1","RMDQ20_v1","0.875","212","8","181","31","1","7"
"8762","RMDQ9_v1","RMDQ20_v1","0.970588235294118","186","34","181","5","1","33"
"8763","RMDQ10_v1","RMDQ20_v1","0.875","180","40","177","3","5","35"
"8764","RMDQ11_v1","RMDQ20_v1","0.833333333333333","178","42","175","3","7","35"
"8765","RMDQ12_v1","RMDQ20_v1","0.795454545454545","176","44","173","3","9","35"
"8766","RMDQ13_v1","RMDQ20_v1","0.717391304347826","174","46","169","5","13","33"
"8767","RMDQ14_v1","RMDQ20_v1","0.693877551020408","171","49","167","4","15","34"
"8768","RMDQ15_v1","RMDQ20_v1","0.870967741935484","189","31","178","11","4","27"
"8769","RMDQ16_v1","RMDQ20_v1","0.891891891891892","183","37","178","5","4","33"
"8770","RMDQ17_v1","RMDQ20_v1","0.714285714285714","171","49","168","3","14","35"
"8771","RMDQ18_v1","RMDQ20_v1","0.916666666666667","184","36","179","5","3","33"
"8772","RMDQ19_v1","RMDQ20_v1","0.96875","188","32","181","7","1","31"
"8773","RMDQ20_v1","RMDQ20_v1","1","182","38","182","0","0","38"
"8774","RMDQ21_v1","RMDQ20_v1","0.729166666666667","172","48","169","3","13","35"
"8775","RMDQ22_v1","RMDQ20_v1","0.894736842105263","182","38","178","4","4","34"
"8776","RMDQ23_v1","RMDQ20_v1","0.918918918918919","183","37","179","4","3","34"
"8777","RMDQ24_v1","RMDQ20_v1","1","185","35","182","3","0","35"
"8778","DN4_1a_v1","RMDQ20_v1","0.14","109","100","90","19","86","14"
"8779","DN4_1b_v1","RMDQ20_v1","0.0638297872340425","161","47","131","30","44","3"
"8780","DN4_1c_v1","RMDQ20_v1","0.1","152","60","125","27","54","6"
"8781","DN4_2a_v1","RMDQ20_v1","0.107142857142857","156","56","129","27","50","6"
"8782","DN4_2b_v1","RMDQ20_v1","0.241935483870968","150","62","132","18","47","15"
"8783","DN4_2c_v1","RMDQ20_v1","0.23728813559322","150","59","131","19","45","14"
"8784","DN4_2d_v1","RMDQ20_v1","0.272727272727273","201","11","171","30","8","3"
"8785","DN4_3a_v1","RMDQ20_v1","0.571428571428571","205","7","176","29","3","4"
"8786","DN4_3b_v1","RMDQ20_v1","0.571428571428571","205","7","176","29","3","4"
"8787","DN4_4_v1","RMDQ20_v1","0.666666666666667","206","6","177","29","2","4"
"8788","Fuma","RMDQ21_v1","0.305555555555556","147","36","117","30","25","11"
"8789","Cirurgia_coluna","RMDQ21_v1","0.191176470588235","127","68","100","27","55","13"
"8790","Aposentado","RMDQ21_v1","0.303030303030303","150","33","120","30","23","10"
"8791","Desempregado","RMDQ21_v1","0.269230769230769","153","26","121","32","19","7"
"8792","Licenca_Medica","RMDQ21_v1","0.210526315789474","162","19","126","36","15","4"
"8793","Aposentado_Invalidez","RMDQ21_v1","0.5","171","8","136","35","4","4"
"8794","Analg.e9.sicos","RMDQ21_v1","0.276595744680851","57","141","54","3","102","39"
"8795","OutraDoenca","RMDQ21_v1","0.28","114","75","93","21","54","21"
"8796","Dor_costas","RMDQ21_v1","0.268292682926829","67","123","57","10","90","33"
"8797","Dor_pernas","RMDQ21_v1","0.276923076923077","123","65","98","25","47","18"
"8798","Retornar_trabalho","RMDQ21_v1","0.526315789473684","168","19","135","33","9","10"
"8799","Masc","RMDQ21_v1","0.214765100671141","71","149","55","16","117","32"
"8800","Fem","RMDQ21_v1","0.225352112676056","149","71","117","32","55","16"
"8801","Casado_Amasiado","RMDQ21_v1","0.246913580246914","101","81","81","20","61","20"
"8802","Solteiro","RMDQ21_v1","0.2","107","75","82","25","60","15"
"8803","Separado_Divorciado","RMDQ21_v1","0.142857142857143","175","7","136","39","6","1"
"8804","X4","RMDQ21_v1","0","179","3","139","40","3","0"
"8805","X5","RMDQ21_v1","0.25","178","4","139","39","3","1"
"8806","X6","RMDQ21_v1","0.25","170","12","133","37","9","3"
"8807","Livrar_costas","RMDQ21_v1","0.280373831775701","16","107","14","2","77","30"
"8808","Livrar_perna","RMDQ21_v1","0.142857142857143","109","14","79","30","12","2"
"8809","Livrar_perda_sens","RMDQ21_v1","0","121","2","89","32","2","0"
"8810","D1","RMDQ21_v1","0","116","1","92","24","1","0"
"8811","D15","RMDQ21_v1","0.142857142857143","110","7","87","23","6","1"
"8812","D16","RMDQ21_v1","0.35","97","20","80","17","13","7"
"8813","D17","RMDQ21_v1","0","112","5","88","24","5","0"
"8814","D18","RMDQ21_v1","0.384615384615385","104","13","85","19","8","5"
"8815","D19","RMDQ21_v1","0.333333333333333","111","6","89","22","4","2"
"8816","D2","RMDQ21_v1","0.375","109","8","88","21","5","3"
"8817","D20","RMDQ21_v1","0.285714285714286","110","7","88","22","5","2"
"8818","D21","RMDQ21_v1","0.285714285714286","110","7","88","22","5","2"
"8819","D22","RMDQ21_v1","1","116","1","93","23","0","1"
"8820","D23","RMDQ21_v1","0.5","115","2","92","23","1","1"
"8821","D24","RMDQ21_v1","0.0833333333333333","93","24","71","22","22","2"
"8822","D25","RMDQ21_v1","0.333333333333333","114","3","91","23","2","1"
"8823","D26","RMDQ21_v1","0.5","115","2","92","23","1","1"
"8824","D27","RMDQ21_v1","0.75","113","4","92","21","1","3"
"8825","D28","RMDQ21_v1","0.6","112","5","91","21","2","3"
"8826","D29","RMDQ21_v1","0.261904761904762","75","42","62","13","31","11"
"8827","D3","RMDQ21_v1","0.5","115","2","92","23","1","1"
"8828","D30","RMDQ21_v1","0.262295081967213","56","61","48","8","45","16"
"8829","D31","RMDQ21_v1","0.176470588235294","100","17","79","21","14","3"
"8830","D32","RMDQ21_v1","0.27027027027027","80","37","66","14","27","10"
"8831","D33","RMDQ21_v1","0.0833333333333333","105","12","82","23","11","1"
"8832","D34","RMDQ21_v1","0.5","115","2","92","23","1","1"
"8833","D35","RMDQ21_v1","1","116","1","93","23","0","1"
"8834","D36","RMDQ21_v1","0","110","7","86","24","7","0"
"8835","D37","RMDQ21_v1","0.333333333333333","96","21","79","17","14","7"
"8836","D38","RMDQ21_v1","0","114","3","90","24","3","0"
"8837","D39","RMDQ21_v1","0.357142857142857","103","14","84","19","9","5"
"8838","D4","RMDQ21_v1","0.666666666666667","114","3","92","22","1","2"
"8839","D40","RMDQ21_v1","0","112","5","88","24","5","0"
"8840","D41","RMDQ21_v1","0.285714285714286","110","7","88","22","5","2"
"8841","D42","RMDQ21_v1","0.5","115","2","92","23","1","1"
"8842","D43","RMDQ21_v1","1","115","2","93","22","0","2"
"8843","D44","RMDQ21_v1","0.216216216216216","80","37","64","16","29","8"
"8844","D45","RMDQ21_v1","0.0833333333333333","105","12","82","23","11","1"
"8845","D46","RMDQ21_v1","0.243243243243243","80","37","65","15","28","9"
"8846","D47","RMDQ21_v1","0.166666666666667","105","12","83","22","10","2"
"8847","D48","RMDQ21_v1","0.230769230769231","91","26","73","18","20","6"
"8848","D49","RMDQ21_v1","0.0769230769230769","104","13","81","23","12","1"
"8849","D5","RMDQ21_v1","0.333333333333333","114","3","91","23","2","1"
"8850","D50","RMDQ21_v1","0","116","1","92","24","1","0"
"8851","D51","RMDQ21_v1","1","116","1","93","23","0","1"
"8852","D52","RMDQ21_v1","0","116","1","92","24","1","0"
"8853","D53","RMDQ21_v1","1","116","1","93","23","0","1"
"8854","D9","RMDQ21_v1","1","116","1","93","23","0","1"
"8855","RMDQ1_v1","RMDQ21_v1","0.482352941176471","134","85","127","7","44","41"
"8856","RMDQ2_v1","RMDQ21_v1","0.488888888888889","129","90","125","4","46","44"
"8857","RMDQ3_v1","RMDQ21_v1","0.518987341772152","141","79","134","7","38","41"
"8858","RMDQ4_v1","RMDQ21_v1","0.407407407407407","166","54","140","26","32","22"
"8859","RMDQ5_v1","RMDQ21_v1","0.583333333333333","148","72","142","6","30","42"
"8860","RMDQ6_v1","RMDQ21_v1","0.625","164","56","151","13","21","35"
"8861","RMDQ7_v1","RMDQ21_v1","0.846153846153846","181","39","166","15","6","33"
"8862","RMDQ8_v1","RMDQ21_v1","0.875","212","8","171","41","1","7"
"8863","RMDQ9_v1","RMDQ21_v1","0.970588235294118","186","34","171","15","1","33"
"8864","RMDQ10_v1","RMDQ21_v1","0.925","180","40","169","11","3","37"
"8865","RMDQ11_v1","RMDQ21_v1","0.880952380952381","178","42","167","11","5","37"
"8866","RMDQ12_v1","RMDQ21_v1","0.795454545454545","176","44","163","13","9","35"
"8867","RMDQ13_v1","RMDQ21_v1","0.717391304347826","174","46","159","15","13","33"
"8868","RMDQ14_v1","RMDQ21_v1","0.73469387755102","171","49","159","12","13","36"
"8869","RMDQ15_v1","RMDQ21_v1","0.870967741935484","189","31","168","21","4","27"
"8870","RMDQ16_v1","RMDQ21_v1","0.864864864864865","183","37","167","16","5","32"
"8871","RMDQ17_v1","RMDQ21_v1","0.73469387755102","171","49","159","12","13","36"
"8872","RMDQ18_v1","RMDQ21_v1","0.972222222222222","184","36","171","13","1","35"
"8873","RMDQ19_v1","RMDQ21_v1","0.96875","188","32","171","17","1","31"
"8874","RMDQ20_v1","RMDQ21_v1","0.921052631578947","182","38","169","13","3","35"
"8875","RMDQ21_v1","RMDQ21_v1","1","172","48","172","0","0","48"
"8876","RMDQ22_v1","RMDQ21_v1","0.894736842105263","182","38","168","14","4","34"
"8877","RMDQ23_v1","RMDQ21_v1","0.918918918918919","183","37","169","14","3","34"
"8878","RMDQ24_v1","RMDQ21_v1","1","185","35","172","13","0","35"
"8879","DN4_1a_v1","RMDQ21_v1","0.18","109","100","86","23","82","18"
"8880","DN4_1b_v1","RMDQ21_v1","0.0638297872340425","161","47","123","38","44","3"
"8881","DN4_1c_v1","RMDQ21_v1","0.1","152","60","117","35","54","6"
"8882","DN4_2a_v1","RMDQ21_v1","0.107142857142857","156","56","121","35","50","6"
"8883","DN4_2b_v1","RMDQ21_v1","0.241935483870968","150","62","124","26","47","15"
"8884","DN4_2c_v1","RMDQ21_v1","0.305084745762712","150","59","127","23","41","18"
"8885","DN4_2d_v1","RMDQ21_v1","0.272727272727273","201","11","163","38","8","3"
"8886","DN4_3a_v1","RMDQ21_v1","0.571428571428571","205","7","168","37","3","4"
"8887","DN4_3b_v1","RMDQ21_v1","0.571428571428571","205","7","168","37","3","4"
"8888","DN4_4_v1","RMDQ21_v1","0.666666666666667","206","6","169","37","2","4"
"8889","Fuma","RMDQ22_v1","0.277777777777778","147","36","123","24","26","10"
"8890","Cirurgia_coluna","RMDQ22_v1","0.176470588235294","127","68","108","19","56","12"
"8891","Aposentado","RMDQ22_v1","0.242424242424242","150","33","126","24","25","8"
"8892","Desempregado","RMDQ22_v1","0.192307692307692","153","26","126","27","21","5"
"8893","Licenca_Medica","RMDQ22_v1","0.210526315789474","162","19","134","28","15","4"
"8894","Aposentado_Invalidez","RMDQ22_v1","0.5","171","8","143","28","4","4"
"8895","Analg.e9.sicos","RMDQ22_v1","0.205673758865248","57","141","52","5","112","29"
"8896","OutraDoenca","RMDQ22_v1","0.226666666666667","114","75","98","16","58","17"
"8897","Dor_costas","RMDQ22_v1","0.203252032520325","67","123","60","7","98","25"
"8898","Dor_pernas","RMDQ22_v1","0.230769230769231","123","65","106","17","50","15"
"8899","Retornar_trabalho","RMDQ22_v1","0.315789473684211","168","19","141","27","13","6"
"8900","Masc","RMDQ22_v1","0.181208053691275","71","149","60","11","122","27"
"8901","Fem","RMDQ22_v1","0.154929577464789","149","71","122","27","60","11"
"8902","Casado_Amasiado","RMDQ22_v1","0.197530864197531","101","81","84","17","65","16"
"8903","Solteiro","RMDQ22_v1","0.16","107","75","86","21","63","12"
"8904","Separado_Divorciado","RMDQ22_v1","0.142857142857143","175","7","143","32","6","1"
"8905","X4","RMDQ22_v1","0","179","3","146","33","3","0"
"8906","X5","RMDQ22_v1","0.25","178","4","146","32","3","1"
"8907","X6","RMDQ22_v1","0.25","170","12","140","30","9","3"
"8908","Livrar_costas","RMDQ22_v1","0.186915887850467","16","107","14","2","87","20"
"8909","Livrar_perna","RMDQ22_v1","0.142857142857143","109","14","89","20","12","2"
"8910","Livrar_perda_sens","RMDQ22_v1","0","121","2","99","22","2","0"
"8911","D1","RMDQ22_v1","0","116","1","96","20","1","0"
"8912","D15","RMDQ22_v1","0.142857142857143","110","7","91","19","6","1"
"8913","D16","RMDQ22_v1","0.3","97","20","83","14","14","6"
"8914","D17","RMDQ22_v1","0","112","5","92","20","5","0"
"8915","D18","RMDQ22_v1","0.230769230769231","104","13","87","17","10","3"
"8916","D19","RMDQ22_v1","0.333333333333333","111","6","93","18","4","2"
"8917","D2","RMDQ22_v1","0.25","109","8","91","18","6","2"
"8918","D20","RMDQ22_v1","0.142857142857143","110","7","91","19","6","1"
"8919","D21","RMDQ22_v1","0.142857142857143","110","7","91","19","6","1"
"8920","D22","RMDQ22_v1","1","116","1","97","19","0","1"
"8921","D23","RMDQ22_v1","0","115","2","95","20","2","0"
"8922","D24","RMDQ22_v1","0.0416666666666667","93","24","74","19","23","1"
"8923","D25","RMDQ22_v1","0","114","3","94","20","3","0"
"8924","D26","RMDQ22_v1","0.5","115","2","96","19","1","1"
"8925","D27","RMDQ22_v1","0.5","113","4","95","18","2","2"
"8926","D28","RMDQ22_v1","0.2","112","5","93","19","4","1"
"8927","D29","RMDQ22_v1","0.238095238095238","75","42","65","10","32","10"
"8928","D3","RMDQ22_v1","0.5","115","2","96","19","1","1"
"8929","D30","RMDQ22_v1","0.229508196721311","56","61","50","6","47","14"
"8930","D31","RMDQ22_v1","0.176470588235294","100","17","83","17","14","3"
"8931","D32","RMDQ22_v1","0.243243243243243","80","37","69","11","28","9"
"8932","D33","RMDQ22_v1","0.0833333333333333","105","12","86","19","11","1"
"8933","D34","RMDQ22_v1","0.5","115","2","96","19","1","1"
"8934","D35","RMDQ22_v1","1","116","1","97","19","0","1"
"8935","D36","RMDQ22_v1","0","110","7","90","20","7","0"
"8936","D37","RMDQ22_v1","0.285714285714286","96","21","82","14","15","6"
"8937","D38","RMDQ22_v1","0","114","3","94","20","3","0"
"8938","D39","RMDQ22_v1","0.285714285714286","103","14","87","16","10","4"
"8939","D4","RMDQ22_v1","0.666666666666667","114","3","96","18","1","2"
"8940","D40","RMDQ22_v1","0","112","5","92","20","5","0"
"8941","D41","RMDQ22_v1","0.142857142857143","110","7","91","19","6","1"
"8942","D42","RMDQ22_v1","0.5","115","2","96","19","1","1"
"8943","D43","RMDQ22_v1","0.5","115","2","96","19","1","1"
"8944","D44","RMDQ22_v1","0.189189189189189","80","37","67","13","30","7"
"8945","D45","RMDQ22_v1","0.0833333333333333","105","12","86","19","11","1"
"8946","D46","RMDQ22_v1","0.216216216216216","80","37","68","12","29","8"
"8947","D47","RMDQ22_v1","0.166666666666667","105","12","87","18","10","2"
"8948","D48","RMDQ22_v1","0.192307692307692","91","26","76","15","21","5"
"8949","D49","RMDQ22_v1","0.0769230769230769","104","13","85","19","12","1"
"8950","D5","RMDQ22_v1","0.333333333333333","114","3","95","19","2","1"
"8951","D50","RMDQ22_v1","0","116","1","96","20","1","0"
"8952","D51","RMDQ22_v1","1","116","1","97","19","0","1"
"8953","D52","RMDQ22_v1","0","116","1","96","20","1","0"
"8954","D53","RMDQ22_v1","0","116","1","96","20","1","0"
"8955","D9","RMDQ22_v1","1","116","1","97","19","0","1"
"8956","RMDQ1_v1","RMDQ22_v1","0.341176470588235","134","85","125","9","56","29"
"8957","RMDQ2_v1","RMDQ22_v1","0.333333333333333","129","90","121","8","60","30"
"8958","RMDQ3_v1","RMDQ22_v1","0.468354430379747","141","79","140","1","42","37"
"8959","RMDQ4_v1","RMDQ22_v1","0.277777777777778","166","54","143","23","39","15"
"8960","RMDQ5_v1","RMDQ22_v1","0.527777777777778","148","72","148","0","34","38"
"8961","RMDQ6_v1","RMDQ22_v1","0.678571428571429","164","56","164","0","18","38"
"8962","RMDQ7_v1","RMDQ22_v1","0.82051282051282","181","39","175","6","7","32"
"8963","RMDQ8_v1","RMDQ22_v1","0.875","212","8","181","31","1","7"
"8964","RMDQ9_v1","RMDQ22_v1","0.941176470588235","186","34","180","6","2","32"
"8965","RMDQ10_v1","RMDQ22_v1","0.85","180","40","176","4","6","34"
"8966","RMDQ11_v1","RMDQ22_v1","0.80952380952381","178","42","174","4","8","34"
"8967","RMDQ12_v1","RMDQ22_v1","0.772727272727273","176","44","172","4","10","34"
"8968","RMDQ13_v1","RMDQ22_v1","0.695652173913043","174","46","168","6","14","32"
"8969","RMDQ14_v1","RMDQ22_v1","0.673469387755102","171","49","166","5","16","33"
"8970","RMDQ15_v1","RMDQ22_v1","0.870967741935484","189","31","178","11","4","27"
"8971","RMDQ16_v1","RMDQ22_v1","0.837837837837838","183","37","176","7","6","31"
"8972","RMDQ17_v1","RMDQ22_v1","0.673469387755102","171","49","166","5","16","33"
"8973","RMDQ18_v1","RMDQ22_v1","0.916666666666667","184","36","179","5","3","33"
"8974","RMDQ19_v1","RMDQ22_v1","0.96875","188","32","181","7","1","31"
"8975","RMDQ20_v1","RMDQ22_v1","0.894736842105263","182","38","178","4","4","34"
"8976","RMDQ21_v1","RMDQ22_v1","0.708333333333333","172","48","168","4","14","34"
"8977","RMDQ22_v1","RMDQ22_v1","1","182","38","182","0","0","38"
"8978","RMDQ23_v1","RMDQ22_v1","0.918918918918919","183","37","179","4","3","34"
"8979","RMDQ24_v1","RMDQ22_v1","0.971428571428571","185","35","181","4","1","34"
"8980","DN4_1a_v1","RMDQ22_v1","0.15","109","100","90","19","85","15"
"8981","DN4_1b_v1","RMDQ22_v1","0.148936170212766","161","47","134","27","40","7"
"8982","DN4_1c_v1","RMDQ22_v1","0.15","152","60","127","25","51","9"
"8983","DN4_2a_v1","RMDQ22_v1","0.107142857142857","156","56","128","28","50","6"
"8984","DN4_2b_v1","RMDQ22_v1","0.241935483870968","150","62","131","19","47","15"
"8985","DN4_2c_v1","RMDQ22_v1","0.288135593220339","150","59","133","17","42","17"
"8986","DN4_2d_v1","RMDQ22_v1","0.272727272727273","201","11","170","31","8","3"
"8987","DN4_3a_v1","RMDQ22_v1","0.571428571428571","205","7","175","30","3","4"
"8988","DN4_3b_v1","RMDQ22_v1","0.571428571428571","205","7","175","30","3","4"
"8989","DN4_4_v1","RMDQ22_v1","0.666666666666667","206","6","176","30","2","4"
"8990","Fuma","RMDQ23_v1","0.277777777777778","147","36","124","23","26","10"
"8991","Cirurgia_coluna","RMDQ23_v1","0.191176470588235","127","68","110","17","55","13"
"8992","Aposentado","RMDQ23_v1","0.181818181818182","150","33","125","25","27","6"
"8993","Desempregado","RMDQ23_v1","0.230769230769231","153","26","128","25","20","6"
"8994","Licenca_Medica","RMDQ23_v1","0.210526315789474","162","19","135","27","15","4"
"8995","Aposentado_Invalidez","RMDQ23_v1","0.5","171","8","144","27","4","4"
"8996","Analg.e9.sicos","RMDQ23_v1","0.212765957446809","57","141","53","4","111","30"
"8997","OutraDoenca","RMDQ23_v1","0.213333333333333","114","75","97","17","59","16"
"8998","Dor_costas","RMDQ23_v1","0.211382113821138","67","123","61","6","97","26"
"8999","Dor_pernas","RMDQ23_v1","0.215384615384615","123","65","105","18","51","14"
"9000","Retornar_trabalho","RMDQ23_v1","0.315789473684211","168","19","141","27","13","6"
"9001","Masc","RMDQ23_v1","0.174496644295302","71","149","60","11","123","26"
"9002","Fem","RMDQ23_v1","0.154929577464789","149","71","123","26","60","11"
"9003","Casado_Amasiado","RMDQ23_v1","0.185185185185185","101","81","85","16","66","15"
"9004","Solteiro","RMDQ23_v1","0.16","107","75","88","19","63","12"
"9005","Separado_Divorciado","RMDQ23_v1","0","175","7","144","31","7","0"
"9006","X4","RMDQ23_v1","0","179","3","148","31","3","0"
"9007","X5","RMDQ23_v1","0.25","178","4","148","30","3","1"
"9008","X6","RMDQ23_v1","0.25","170","12","142","28","9","3"
"9009","Livrar_costas","RMDQ23_v1","0.205607476635514","16","107","14","2","85","22"
"9010","Livrar_perna","RMDQ23_v1","0.142857142857143","109","14","87","22","12","2"
"9011","Livrar_perda_sens","RMDQ23_v1","0","121","2","97","24","2","0"
"9012","D1","RMDQ23_v1","0","116","1","97","19","1","0"
"9013","D15","RMDQ23_v1","0.142857142857143","110","7","92","18","6","1"
"9014","D16","RMDQ23_v1","0.25","97","20","83","14","15","5"
"9015","D17","RMDQ23_v1","0","112","5","93","19","5","0"
"9016","D18","RMDQ23_v1","0.230769230769231","104","13","88","16","10","3"
"9017","D19","RMDQ23_v1","0.333333333333333","111","6","94","17","4","2"
"9018","D2","RMDQ23_v1","0.25","109","8","92","17","6","2"
"9019","D20","RMDQ23_v1","0.142857142857143","110","7","92","18","6","1"
"9020","D21","RMDQ23_v1","0.285714285714286","110","7","93","17","5","2"
"9021","D22","RMDQ23_v1","1","116","1","98","18","0","1"
"9022","D23","RMDQ23_v1","0","115","2","96","19","2","0"
"9023","D24","RMDQ23_v1","0.0416666666666667","93","24","75","18","23","1"
"9024","D25","RMDQ23_v1","0","114","3","95","19","3","0"
"9025","D26","RMDQ23_v1","0.5","115","2","97","18","1","1"
"9026","D27","RMDQ23_v1","0.5","113","4","96","17","2","2"
"9027","D28","RMDQ23_v1","0.2","112","5","94","18","4","1"
"9028","D29","RMDQ23_v1","0.214285714285714","75","42","65","10","33","9"
"9029","D3","RMDQ23_v1","0.5","115","2","97","18","1","1"
"9030","D30","RMDQ23_v1","0.229508196721311","56","61","51","5","47","14"
"9031","D31","RMDQ23_v1","0.176470588235294","100","17","84","16","14","3"
"9032","D32","RMDQ23_v1","0.216216216216216","80","37","69","11","29","8"
"9033","D33","RMDQ23_v1","0.166666666666667","105","12","88","17","10","2"
"9034","D34","RMDQ23_v1","0.5","115","2","97","18","1","1"
"9035","D35","RMDQ23_v1","1","116","1","98","18","0","1"
"9036","D36","RMDQ23_v1","0","110","7","91","19","7","0"
"9037","D37","RMDQ23_v1","0.238095238095238","96","21","82","14","16","5"
"9038","D38","RMDQ23_v1","0","114","3","95","19","3","0"
"9039","D39","RMDQ23_v1","0.214285714285714","103","14","87","16","11","3"
"9040","D4","RMDQ23_v1","0.666666666666667","114","3","97","17","1","2"
"9041","D40","RMDQ23_v1","0","112","5","93","19","5","0"
"9042","D41","RMDQ23_v1","0.142857142857143","110","7","92","18","6","1"
"9043","D42","RMDQ23_v1","0.5","115","2","97","18","1","1"
"9044","D43","RMDQ23_v1","0.5","115","2","97","18","1","1"
"9045","D44","RMDQ23_v1","0.162162162162162","80","37","67","13","31","6"
"9046","D45","RMDQ23_v1","0.0833333333333333","105","12","87","18","11","1"
"9047","D46","RMDQ23_v1","0.189189189189189","80","37","68","12","30","7"
"9048","D47","RMDQ23_v1","0.166666666666667","105","12","88","17","10","2"
"9049","D48","RMDQ23_v1","0.153846153846154","91","26","76","15","22","4"
"9050","D49","RMDQ23_v1","0.153846153846154","104","13","87","17","11","2"
"9051","D5","RMDQ23_v1","0.333333333333333","114","3","96","18","2","1"
"9052","D50","RMDQ23_v1","0","116","1","97","19","1","0"
"9053","D51","RMDQ23_v1","1","116","1","98","18","0","1"
"9054","D52","RMDQ23_v1","0","116","1","97","19","1","0"
"9055","D53","RMDQ23_v1","0","116","1","97","19","1","0"
"9056","D9","RMDQ23_v1","1","116","1","98","18","0","1"
"9057","RMDQ1_v1","RMDQ23_v1","0.341176470588235","134","85","126","8","56","29"
"9058","RMDQ2_v1","RMDQ23_v1","0.333333333333333","129","90","122","7","60","30"
"9059","RMDQ3_v1","RMDQ23_v1","0.417721518987342","141","79","137","4","46","33"
"9060","RMDQ4_v1","RMDQ23_v1","0.203703703703704","166","54","140","26","43","11"
"9061","RMDQ5_v1","RMDQ23_v1","0.472222222222222","148","72","145","3","38","34"
"9062","RMDQ6_v1","RMDQ23_v1","0.607142857142857","164","56","161","3","22","34"
"9063","RMDQ7_v1","RMDQ23_v1","0.82051282051282","181","39","176","5","7","32"
"9064","RMDQ8_v1","RMDQ23_v1","0.875","212","8","182","30","1","7"
"9065","RMDQ9_v1","RMDQ23_v1","0.941176470588235","186","34","181","5","2","32"
"9066","RMDQ10_v1","RMDQ23_v1","0.925","180","40","180","0","3","37"
"9067","RMDQ11_v1","RMDQ23_v1","0.80952380952381","178","42","175","3","8","34"
"9068","RMDQ12_v1","RMDQ23_v1","0.772727272727273","176","44","173","3","10","34"
"9069","RMDQ13_v1","RMDQ23_v1","0.695652173913043","174","46","169","5","14","32"
"9070","RMDQ14_v1","RMDQ23_v1","0.673469387755102","171","49","167","4","16","33"
"9071","RMDQ15_v1","RMDQ23_v1","0.870967741935484","189","31","179","10","4","27"
"9072","RMDQ16_v1","RMDQ23_v1","0.837837837837838","183","37","177","6","6","31"
"9073","RMDQ17_v1","RMDQ23_v1","0.673469387755102","171","49","167","4","16","33"
"9074","RMDQ18_v1","RMDQ23_v1","0.916666666666667","184","36","180","4","3","33"
"9075","RMDQ19_v1","RMDQ23_v1","0.96875","188","32","182","6","1","31"
"9076","RMDQ20_v1","RMDQ23_v1","0.894736842105263","182","38","179","3","4","34"
"9077","RMDQ21_v1","RMDQ23_v1","0.708333333333333","172","48","169","3","14","34"
"9078","RMDQ22_v1","RMDQ23_v1","0.894736842105263","182","38","179","3","4","34"
"9079","RMDQ23_v1","RMDQ23_v1","1","183","37","183","0","0","37"
"9080","RMDQ24_v1","RMDQ23_v1","0.971428571428571","185","35","182","3","1","34"
"9081","DN4_1a_v1","RMDQ23_v1","0.14","109","100","90","19","86","14"
"9082","DN4_1b_v1","RMDQ23_v1","0.127659574468085","161","47","134","27","41","6"
"9083","DN4_1c_v1","RMDQ23_v1","0.1","152","60","125","27","54","6"
"9084","DN4_2a_v1","RMDQ23_v1","0.160714285714286","156","56","132","24","47","9"
"9085","DN4_2b_v1","RMDQ23_v1","0.241935483870968","150","62","132","18","47","15"
"9086","DN4_2c_v1","RMDQ23_v1","0.23728813559322","150","59","131","19","45","14"
"9087","DN4_2d_v1","RMDQ23_v1","0.272727272727273","201","11","171","30","8","3"
"9088","DN4_3a_v1","RMDQ23_v1","0.571428571428571","205","7","176","29","3","4"
"9089","DN4_3b_v1","RMDQ23_v1","0.571428571428571","205","7","176","29","3","4"
"9090","DN4_4_v1","RMDQ23_v1","0.666666666666667","206","6","177","29","2","4"
"9091","Fuma","RMDQ24_v1","0.305555555555556","147","36","127","20","25","11"
"9092","Cirurgia_coluna","RMDQ24_v1","0.176470588235294","127","68","111","16","56","12"
"9093","Aposentado","RMDQ24_v1","0.181818181818182","150","33","127","23","27","6"
"9094","Desempregado","RMDQ24_v1","0.192307692307692","153","26","129","24","21","5"
"9095","Licenca_Medica","RMDQ24_v1","0.210526315789474","162","19","137","25","15","4"
"9096","Aposentado_Invalidez","RMDQ24_v1","0.5","171","8","146","25","4","4"
"9097","Analg.e9.sicos","RMDQ24_v1","0.205673758865248","57","141","54","3","112","29"
"9098","OutraDoenca","RMDQ24_v1","0.213333333333333","114","75","99","15","59","16"
"9099","Dor_costas","RMDQ24_v1","0.203252032520325","67","123","62","5","98","25"
"9100","Dor_pernas","RMDQ24_v1","0.215384615384615","123","65","107","16","51","14"
"9101","Retornar_trabalho","RMDQ24_v1","0.315789473684211","168","19","143","25","13","6"
"9102","Masc","RMDQ24_v1","0.161073825503356","71","149","60","11","125","24"
"9103","Fem","RMDQ24_v1","0.154929577464789","149","71","125","24","60","11"
"9104","Casado_Amasiado","RMDQ24_v1","0.185185185185185","101","81","86","15","66","15"
"9105","Solteiro","RMDQ24_v1","0.146666666666667","107","75","88","19","64","11"
"9106","Separado_Divorciado","RMDQ24_v1","0","175","7","145","30","7","0"
"9107","X4","RMDQ24_v1","0","179","3","149","30","3","0"
"9108","X5","RMDQ24_v1","0.25","178","4","149","29","3","1"
"9109","X6","RMDQ24_v1","0.25","170","12","143","27","9","3"
"9110","Livrar_costas","RMDQ24_v1","0.196261682242991","16","107","14","2","86","21"
"9111","Livrar_perna","RMDQ24_v1","0.142857142857143","109","14","88","21","12","2"
"9112","Livrar_perda_sens","RMDQ24_v1","0","121","2","98","23","2","0"
"9113","D1","RMDQ24_v1","0","116","1","97","19","1","0"
"9114","D15","RMDQ24_v1","0.142857142857143","110","7","92","18","6","1"
"9115","D16","RMDQ24_v1","0.25","97","20","83","14","15","5"
"9116","D17","RMDQ24_v1","0","112","5","93","19","5","0"
"9117","D18","RMDQ24_v1","0.307692307692308","104","13","89","15","9","4"
"9118","D19","RMDQ24_v1","0.333333333333333","111","6","94","17","4","2"
"9119","D2","RMDQ24_v1","0.375","109","8","93","16","5","3"
"9120","D20","RMDQ24_v1","0.285714285714286","110","7","93","17","5","2"
"9121","D21","RMDQ24_v1","0.285714285714286","110","7","93","17","5","2"
"9122","D22","RMDQ24_v1","1","116","1","98","18","0","1"
"9123","D23","RMDQ24_v1","0","115","2","96","19","2","0"
"9124","D24","RMDQ24_v1","0.0416666666666667","93","24","75","18","23","1"
"9125","D25","RMDQ24_v1","0","114","3","95","19","3","0"
"9126","D26","RMDQ24_v1","0.5","115","2","97","18","1","1"
"9127","D27","RMDQ24_v1","0.5","113","4","96","17","2","2"
"9128","D28","RMDQ24_v1","0.4","112","5","95","17","3","2"
"9129","D29","RMDQ24_v1","0.214285714285714","75","42","65","10","33","9"
"9130","D3","RMDQ24_v1","0.5","115","2","97","18","1","1"
"9131","D30","RMDQ24_v1","0.213114754098361","56","61","50","6","48","13"
"9132","D31","RMDQ24_v1","0.176470588235294","100","17","84","16","14","3"
"9133","D32","RMDQ24_v1","0.216216216216216","80","37","69","11","29","8"
"9134","D33","RMDQ24_v1","0.0833333333333333","105","12","87","18","11","1"
"9135","D34","RMDQ24_v1","0.5","115","2","97","18","1","1"
"9136","D35","RMDQ24_v1","1","116","1","98","18","0","1"
"9137","D36","RMDQ24_v1","0","110","7","91","19","7","0"
"9138","D37","RMDQ24_v1","0.238095238095238","96","21","82","14","16","5"
"9139","D38","RMDQ24_v1","0","114","3","95","19","3","0"
"9140","D39","RMDQ24_v1","0.214285714285714","103","14","87","16","11","3"
"9141","D4","RMDQ24_v1","0.666666666666667","114","3","97","17","1","2"
"9142","D40","RMDQ24_v1","0","112","5","93","19","5","0"
"9143","D41","RMDQ24_v1","0.142857142857143","110","7","92","18","6","1"
"9144","D42","RMDQ24_v1","0.5","115","2","97","18","1","1"
"9145","D43","RMDQ24_v1","1","115","2","98","17","0","2"
"9146","D44","RMDQ24_v1","0.162162162162162","80","37","67","13","31","6"
"9147","D45","RMDQ24_v1","0.0833333333333333","105","12","87","18","11","1"
"9148","D46","RMDQ24_v1","0.189189189189189","80","37","68","12","30","7"
"9149","D47","RMDQ24_v1","0.166666666666667","105","12","88","17","10","2"
"9150","D48","RMDQ24_v1","0.153846153846154","91","26","76","15","22","4"
"9151","D49","RMDQ24_v1","0.0769230769230769","104","13","86","18","12","1"
"9152","D5","RMDQ24_v1","0.333333333333333","114","3","96","18","2","1"
"9153","D50","RMDQ24_v1","0","116","1","97","19","1","0"
"9154","D51","RMDQ24_v1","1","116","1","98","18","0","1"
"9155","D52","RMDQ24_v1","0","116","1","97","19","1","0"
"9156","D53","RMDQ24_v1","1","116","1","98","18","0","1"
"9157","D9","RMDQ24_v1","1","116","1","98","18","0","1"
"9158","RMDQ1_v1","RMDQ24_v1","0.352941176470588","134","85","129","5","55","30"
"9159","RMDQ2_v1","RMDQ24_v1","0.344444444444444","129","90","125","4","59","31"
"9160","RMDQ3_v1","RMDQ24_v1","0.417721518987342","141","79","139","2","46","33"
"9161","RMDQ4_v1","RMDQ24_v1","0.222222222222222","166","54","143","23","42","12"
"9162","RMDQ5_v1","RMDQ24_v1","0.472222222222222","148","72","147","1","38","34"
"9163","RMDQ6_v1","RMDQ24_v1","0.625","164","56","164","0","21","35"
"9164","RMDQ7_v1","RMDQ24_v1","0.846153846153846","181","39","179","2","6","33"
"9165","RMDQ8_v1","RMDQ24_v1","0.875","212","8","184","28","1","7"
"9166","RMDQ9_v1","RMDQ24_v1","0.970588235294118","186","34","184","2","1","33"
"9167","RMDQ10_v1","RMDQ24_v1","0.875","180","40","180","0","5","35"
"9168","RMDQ11_v1","RMDQ24_v1","0.833333333333333","178","42","178","0","7","35"
"9169","RMDQ12_v1","RMDQ24_v1","0.795454545454545","176","44","176","0","9","35"
"9170","RMDQ13_v1","RMDQ24_v1","0.717391304347826","174","46","172","2","13","33"
"9171","RMDQ14_v1","RMDQ24_v1","0.693877551020408","171","49","170","1","15","34"
"9172","RMDQ15_v1","RMDQ24_v1","0.870967741935484","189","31","181","8","4","27"
"9173","RMDQ16_v1","RMDQ24_v1","0.864864864864865","183","37","180","3","5","32"
"9174","RMDQ17_v1","RMDQ24_v1","0.673469387755102","171","49","169","2","16","33"
"9175","RMDQ18_v1","RMDQ24_v1","0.916666666666667","184","36","182","2","3","33"
"9176","RMDQ19_v1","RMDQ24_v1","0.96875","188","32","184","4","1","31"
"9177","RMDQ20_v1","RMDQ24_v1","0.921052631578947","182","38","182","0","3","35"
"9178","RMDQ21_v1","RMDQ24_v1","0.729166666666667","172","48","172","0","13","35"
"9179","RMDQ22_v1","RMDQ24_v1","0.894736842105263","182","38","181","1","4","34"
"9180","RMDQ23_v1","RMDQ24_v1","0.918918918918919","183","37","182","1","3","34"
"9181","RMDQ24_v1","RMDQ24_v1","1","185","35","185","0","0","35"
"9182","DN4_1a_v1","RMDQ24_v1","0.14","109","100","93","16","86","14"
"9183","DN4_1b_v1","RMDQ24_v1","0.0638297872340425","161","47","134","27","44","3"
"9184","DN4_1c_v1","RMDQ24_v1","0.1","152","60","128","24","54","6"
"9185","DN4_2a_v1","RMDQ24_v1","0.107142857142857","156","56","132","24","50","6"
"9186","DN4_2b_v1","RMDQ24_v1","0.241935483870968","150","62","135","15","47","15"
"9187","DN4_2c_v1","RMDQ24_v1","0.23728813559322","150","59","134","16","45","14"
"9188","DN4_2d_v1","RMDQ24_v1","0.272727272727273","201","11","174","27","8","3"
"9189","DN4_3a_v1","RMDQ24_v1","0.571428571428571","205","7","179","26","3","4"
"9190","DN4_3b_v1","RMDQ24_v1","0.571428571428571","205","7","179","26","3","4"
"9191","DN4_4_v1","RMDQ24_v1","0.666666666666667","206","6","180","26","2","4"
"9192","Fuma","DN4_1a_v1","0.41025641025641","145","39","78","67","23","16"
"9193","Cirurgia_coluna","DN4_1a_v1","0.472972972972973","123","74","66","57","39","35"
"9194","Aposentado","DN4_1a_v1","0.303030303030303","151","33","80","71","23","10"
"9195","Desempregado","DN4_1a_v1","0.384615384615385","155","26","86","69","16","10"
"9196","Licenca_Medica","DN4_1a_v1","0.588235294117647","165","17","95","70","7","10"
"9197","Aposentado_Invalidez","DN4_1a_v1","0.625","172","8","98","74","3","5"
"9198","Analg.e9.sicos","DN4_1a_v1","0.548148148148148","63","135","44","19","61","74"
"9199","OutraDoenca","DN4_1a_v1","0.424657534246575","117","73","62","55","42","31"
"9200","Dor_costas","DN4_1a_v1","0.504273504273504","75","117","48","27","58","59"
"9201","Dor_pernas","DN4_1a_v1","0.639344262295082","129","61","83","46","22","39"
"9202","Retornar_trabalho","DN4_1a_v1","0.411764705882353","171","17","90","81","10","7"
"9203","Masc","DN4_1a_v1","0.445205479452055","74","146","38","36","81","65"
"9204","Fem","DN4_1a_v1","0.486486486486487","146","74","81","65","38","36"
"9205","Casado_Amasiado","DN4_1a_v1","0.469135802469136","102","81","59","43","43","38"
"9206","Solteiro","DN4_1a_v1","0.394736842105263","107","76","56","51","46","30"
"9207","Separado_Divorciado","DN4_1a_v1","0.571428571428571","176","7","99","77","3","4"
"9208","X4","DN4_1a_v1","0.666666666666667","180","3","101","79","1","2"
"9209","X5","DN4_1a_v1","0.6","178","5","100","78","2","3"
"9210","X6","DN4_1a_v1","0.363636363636364","172","11","95","77","7","4"
"9211","Livrar_costas","DN4_1a_v1","0.456310679611651","15","103","5","10","56","47"
"9212","Livrar_perna","DN4_1a_v1","0.692307692307692","105","13","57","48","4","9"
"9213","Livrar_perda_sens","DN4_1a_v1","0.5","116","2","60","56","1","1"
"9214","D1","DN4_1a_v1","1","117","1","65","52","0","1"
"9215","D15","DN4_1a_v1","0.571428571428571","111","7","62","49","3","4"
"9216","D16","DN4_1a_v1","0.5","98","20","55","43","10","10"
"9217","D17","DN4_1a_v1","0.8","113","5","64","49","1","4"
"9218","D18","DN4_1a_v1","0.7","108","10","62","46","3","7"
"9219","D19","DN4_1a_v1","0.8","113","5","64","49","1","4"
"9220","D2","DN4_1a_v1","0.857142857142857","111","7","64","47","1","6"
"9221","D20","DN4_1a_v1","0.4","113","5","62","51","3","2"
"9222","D21","DN4_1a_v1","0.6","113","5","63","50","2","3"
"9223","D22","DN4_1a_v1","NaN","118","0","65","53","0","0"
"9224","D23","DN4_1a_v1","1","117","1","65","52","0","1"
"9225","D24","DN4_1a_v1","0.25","94","24","47","47","18","6"
"9226","D25","DN4_1a_v1","0.333333333333333","115","3","63","52","2","1"
"9227","D26","DN4_1a_v1","0","117","1","64","53","1","0"
"9228","D27","DN4_1a_v1","0.5","114","4","63","51","2","2"
"9229","D28","DN4_1a_v1","0.25","114","4","62","52","3","1"
"9230","D29","DN4_1a_v1","0.5","78","40","45","33","20","20"
"9231","D3","DN4_1a_v1","1","116","2","65","51","0","2"
"9232","D30","DN4_1a_v1","0.553571428571429","62","56","40","22","25","31"
"9233","D31","DN4_1a_v1","0.625","102","16","59","43","6","10"
"9234","D32","DN4_1a_v1","0.514285714285714","83","35","48","35","17","18"
"9235","D33","DN4_1a_v1","0.583333333333333","106","12","60","46","5","7"
"9236","D34","DN4_1a_v1","0.666666666666667","115","3","64","51","1","2"
"9237","D35","DN4_1a_v1","1","117","1","65","52","0","1"
"9238","D36","DN4_1a_v1","0.5","110","8","61","49","4","4"
"9239","D37","DN4_1a_v1","0.5","96","22","54","42","11","11"
"9240","D38","DN4_1a_v1","0.666666666666667","115","3","64","51","1","2"
"9241","D39","DN4_1a_v1","0.466666666666667","103","15","57","46","8","7"
"9242","D4","DN4_1a_v1","1","115","3","65","50","0","3"
"9243","D40","DN4_1a_v1","0.6","113","5","63","50","2","3"
"9244","D41","DN4_1a_v1","0.428571428571429","111","7","61","50","4","3"
"9245","D42","DN4_1a_v1","0","117","1","64","53","1","0"
"9246","D43","DN4_1a_v1","1","117","1","65","52","0","1"
"9247","D44","DN4_1a_v1","0.594594594594595","81","37","50","31","15","22"
"9248","D45","DN4_1a_v1","0.833333333333333","106","12","63","43","2","10"
"9249","D46","DN4_1a_v1","0.621621621621622","81","37","51","30","14","23"
"9250","D47","DN4_1a_v1","0.833333333333333","106","12","63","43","2","10"
"9251","D48","DN4_1a_v1","0.541666666666667","94","24","54","40","11","13"
"9252","D49","DN4_1a_v1","0.615384615384615","105","13","60","45","5","8"
"9253","D5","DN4_1a_v1","0.666666666666667","115","3","64","51","1","2"
"9254","D50","DN4_1a_v1","0.5","116","2","64","52","1","1"
"9255","D51","DN4_1a_v1","1","117","1","65","52","0","1"
"9256","D52","DN4_1a_v1","0.5","116","2","64","52","1","1"
"9257","D53","DN4_1a_v1","1","117","1","65","52","0","1"
"9258","D9","DN4_1a_v1","1","117","1","65","52","0","1"
"9259","RMDQ1_v1","DN4_1a_v1","0.493827160493827","127","81","68","59","41","40"
"9260","RMDQ2_v1","DN4_1a_v1","0.524390243902439","126","82","70","56","39","43"
"9261","RMDQ3_v1","DN4_1a_v1","0.56","134","75","76","58","33","42"
"9262","RMDQ4_v1","DN4_1a_v1","0.48936170212766","162","47","85","77","24","23"
"9263","RMDQ5_v1","DN4_1a_v1","0.514705882352941","141","68","76","65","33","35"
"9264","RMDQ6_v1","DN4_1a_v1","0.470588235294118","158","51","82","76","27","24"
"9265","RMDQ7_v1","DN4_1a_v1","0.472222222222222","173","36","90","83","19","17"
"9266","RMDQ8_v1","DN4_1a_v1","0.142857142857143","202","7","103","99","6","1"
"9267","RMDQ9_v1","DN4_1a_v1","0.451612903225806","178","31","92","86","17","14"
"9268","RMDQ10_v1","DN4_1a_v1","0.424242424242424","176","33","90","86","19","14"
"9269","RMDQ11_v1","DN4_1a_v1","0.514285714285714","174","35","92","82","17","18"
"9270","RMDQ12_v1","DN4_1a_v1","0.358974358974359","170","39","84","86","25","14"
"9271","RMDQ13_v1","DN4_1a_v1","0.395348837209302","166","43","83","83","26","17"
"9272","RMDQ14_v1","DN4_1a_v1","0.5","167","42","88","79","21","21"
"9273","RMDQ15_v1","DN4_1a_v1","0.466666666666667","179","30","93","86","16","14"
"9274","RMDQ16_v1","DN4_1a_v1","0.411764705882353","175","34","89","86","20","14"
"9275","RMDQ17_v1","DN4_1a_v1","0.4","164","45","82","82","27","18"
"9276","RMDQ18_v1","DN4_1a_v1","0.5","179","30","94","85","15","15"
"9277","RMDQ19_v1","DN4_1a_v1","0.483870967741935","178","31","93","85","16","15"
"9278","RMDQ20_v1","DN4_1a_v1","0.424242424242424","176","33","90","86","19","14"
"9279","RMDQ21_v1","DN4_1a_v1","0.439024390243902","168","41","86","82","23","18"
"9280","RMDQ22_v1","DN4_1a_v1","0.441176470588235","175","34","90","85","19","15"
"9281","RMDQ23_v1","DN4_1a_v1","0.424242424242424","176","33","90","86","19","14"
"9282","RMDQ24_v1","DN4_1a_v1","0.466666666666667","179","30","93","86","16","14"
"9283","DN4_1a_v1","DN4_1a_v1","1","119","101","119","0","0","101"
"9284","DN4_1b_v1","DN4_1a_v1","0.833333333333333","168","48","111","57","8","40"
"9285","DN4_1c_v1","DN4_1a_v1","0.754098360655738","159","61","104","55","15","46"
"9286","DN4_2a_v1","DN4_1a_v1","0.842105263157895","163","57","110","53","9","48"
"9287","DN4_2b_v1","DN4_1a_v1","0.707692307692308","155","65","100","55","19","46"
"9288","DN4_2c_v1","DN4_1a_v1","0.741935483870968","158","62","103","55","16","46"
"9289","DN4_2d_v1","DN4_1a_v1","0.818181818181818","209","11","117","92","2","9"
"9290","DN4_3a_v1","DN4_1a_v1","0.75","212","8","117","95","2","6"
"9291","DN4_3b_v1","DN4_1a_v1","0.666666666666667","211","9","116","95","3","6"
"9292","DN4_4_v1","DN4_1a_v1","0.857142857142857","213","7","118","95","1","6"
"9293","Fuma","DN4_1b_v1","0.128205128205128","144","39","107","37","34","5"
"9294","Cirurgia_coluna","DN4_1b_v1","0.25","124","72","94","30","54","18"
"9295","Aposentado","DN4_1b_v1","0.212121212121212","150","33","114","36","26","7"
"9296","Desempregado","DN4_1b_v1","0.192307692307692","154","26","117","37","21","5"
"9297","Licenca_Medica","DN4_1b_v1","0.117647058823529","164","17","124","40","15","2"
"9298","Aposentado_Invalidez","DN4_1b_v1","0.125","170","8","129","41","7","1"
"9299","Analg.e9.sicos","DN4_1b_v1","0.26865671641791","64","134","55","9","98","36"
"9300","OutraDoenca","DN4_1b_v1","0.211267605633803","117","71","90","27","56","15"
"9301","Dor_costas","DN4_1b_v1","0.239316239316239","75","117","59","16","89","28"
"9302","Dor_pernas","DN4_1b_v1","0.213114754098361","129","61","99","30","48","13"
"9303","Retornar_trabalho","DN4_1b_v1","0.117647058823529","171","17","131","40","15","2"
"9304","Masc","DN4_1b_v1","0.217687074829932","72","147","56","16","115","32"
"9305","Fem","DN4_1b_v1","0.222222222222222","147","72","115","32","56","16"
"9306","Casado_Amasiado","DN4_1b_v1","0.341772151898734","103","79","90","13","52","27"
"9307","Solteiro","DN4_1b_v1","0.128205128205128","104","78","74","30","68","10"
"9308","Separado_Divorciado","DN4_1b_v1","0.285714285714286","175","7","137","38","5","2"
"9309","X4","DN4_1b_v1","0","179","3","139","40","3","0"
"9310","X5","DN4_1b_v1","0","177","5","137","40","5","0"
"9311","X6","DN4_1b_v1","0.1","172","10","133","39","9","1"
"9312","Livrar_costas","DN4_1b_v1","0.194174757281553","16","103","13","3","83","20"
"9313","Livrar_perna","DN4_1b_v1","0.214285714285714","105","14","85","20","11","3"
"9314","Livrar_perda_sens","DN4_1b_v1","0","117","2","94","23","2","0"
"9315","D1","DN4_1b_v1","1","117","1","94","23","0","1"
"9316","D15","DN4_1b_v1","0","111","7","87","24","7","0"
"9317","D16","DN4_1b_v1","0.210526315789474","99","19","79","20","15","4"
"9318","D17","DN4_1b_v1","0.2","113","5","90","23","4","1"
"9319","D18","DN4_1b_v1","0.2","108","10","86","22","8","2"
"9320","D19","DN4_1b_v1","0.2","113","5","90","23","4","1"
"9321","D2","DN4_1b_v1","0.142857142857143","111","7","88","23","6","1"
"9322","D20","DN4_1b_v1","0.2","113","5","90","23","4","1"
"9323","D21","DN4_1b_v1","0.4","113","5","91","22","3","2"
"9324","D22","DN4_1b_v1","NaN","118","0","94","24","0","0"
"9325","D23","DN4_1b_v1","0","117","1","93","24","1","0"
"9326","D24","DN4_1b_v1","0.125","94","24","73","21","21","3"
"9327","D25","DN4_1b_v1","0.333333333333333","115","3","92","23","2","1"
"9328","D26","DN4_1b_v1","0","117","1","93","24","1","0"
"9329","D27","DN4_1b_v1","0","114","4","90","24","4","0"
"9330","D28","DN4_1b_v1","0","114","4","90","24","4","0"
"9331","D29","DN4_1b_v1","0.225","78","40","63","15","31","9"
"9332","D3","DN4_1b_v1","0","116","2","92","24","2","0"
"9333","D30","DN4_1b_v1","0.232142857142857","62","56","51","11","43","13"
"9334","D31","DN4_1b_v1","0.0625","102","16","79","23","15","1"
"9335","D32","DN4_1b_v1","0.228571428571429","83","35","67","16","27","8"
"9336","D33","DN4_1b_v1","0.166666666666667","106","12","84","22","10","2"
"9337","D34","DN4_1b_v1","0.333333333333333","115","3","92","23","2","1"
"9338","D35","DN4_1b_v1","0","117","1","93","24","1","0"
"9339","D36","DN4_1b_v1","0.125","110","8","87","23","7","1"
"9340","D37","DN4_1b_v1","0.19047619047619","97","21","77","20","17","4"
"9341","D38","DN4_1b_v1","0","115","3","91","24","3","0"
"9342","D39","DN4_1b_v1","0.214285714285714","104","14","83","21","11","3"
"9343","D4","DN4_1b_v1","0","115","3","91","24","3","0"
"9344","D40","DN4_1b_v1","0","113","5","89","24","5","0"
"9345","D41","DN4_1b_v1","0","111","7","87","24","7","0"
"9346","D42","DN4_1b_v1","0","117","1","93","24","1","0"
"9347","D43","DN4_1b_v1","1","117","1","94","23","0","1"
"9348","D44","DN4_1b_v1","0.216216216216216","81","37","65","16","29","8"
"9349","D45","DN4_1b_v1","0.0833333333333333","106","12","83","23","11","1"
"9350","D46","DN4_1b_v1","0.216216216216216","81","37","65","16","29","8"
"9351","D47","DN4_1b_v1","0.0833333333333333","106","12","83","23","11","1"
"9352","D48","DN4_1b_v1","0.208333333333333","94","24","75","19","19","5"
"9353","D49","DN4_1b_v1","0.153846153846154","105","13","83","22","11","2"
"9354","D5","DN4_1b_v1","0","115","3","91","24","3","0"
"9355","D50","DN4_1b_v1","0.5","116","2","93","23","1","1"
"9356","D51","DN4_1b_v1","0","117","1","93","24","1","0"
"9357","D52","DN4_1b_v1","0.5","116","2","93","23","1","1"
"9358","D53","DN4_1b_v1","1","117","1","94","23","0","1"
"9359","D9","DN4_1b_v1","0","117","1","93","24","1","0"
"9360","RMDQ1_v1","DN4_1b_v1","0.135802469135802","126","81","90","36","70","11"
"9361","RMDQ2_v1","DN4_1b_v1","0.134146341463415","125","82","89","36","71","11"
"9362","RMDQ3_v1","DN4_1b_v1","0.323943661971831","137","71","113","24","48","23"
"9363","RMDQ4_v1","DN4_1b_v1","0.395348837209302","165","43","135","30","26","17"
"9364","RMDQ5_v1","DN4_1b_v1","0.25","144","64","113","31","48","16"
"9365","RMDQ6_v1","DN4_1b_v1","0.25531914893617","161","47","126","35","35","12"
"9366","RMDQ7_v1","DN4_1b_v1","0.0833333333333333","172","36","128","44","33","3"
"9367","RMDQ8_v1","DN4_1b_v1","0","201","7","154","47","7","0"
"9368","RMDQ9_v1","DN4_1b_v1","0.129032258064516","177","31","134","43","27","4"
"9369","RMDQ10_v1","DN4_1b_v1","0.181818181818182","175","33","134","41","27","6"
"9370","RMDQ11_v1","DN4_1b_v1","0.0967741935483871","177","31","133","44","28","3"
"9371","RMDQ12_v1","DN4_1b_v1","0.0769230769230769","169","39","125","44","36","3"
"9372","RMDQ13_v1","DN4_1b_v1","0.13953488372093","165","43","124","41","37","6"
"9373","RMDQ14_v1","DN4_1b_v1","0.19047619047619","166","42","127","39","34","8"
"9374","RMDQ15_v1","DN4_1b_v1","0.1","178","30","134","44","27","3"
"9375","RMDQ16_v1","DN4_1b_v1","0.0882352941176471","174","34","130","44","31","3"
"9376","RMDQ17_v1","DN4_1b_v1","0.155555555555556","163","45","123","40","38","7"
"9377","RMDQ18_v1","DN4_1b_v1","0.1","178","30","134","44","27","3"
"9378","RMDQ19_v1","DN4_1b_v1","0.129032258064516","177","31","134","43","27","4"
"9379","RMDQ20_v1","DN4_1b_v1","0.0909090909090909","175","33","131","44","30","3"
"9380","RMDQ21_v1","DN4_1b_v1","0.0731707317073171","167","41","123","44","38","3"
"9381","RMDQ22_v1","DN4_1b_v1","0.205882352941176","174","34","134","40","27","7"
"9382","RMDQ23_v1","DN4_1b_v1","0.181818181818182","175","33","134","41","27","6"
"9383","RMDQ24_v1","DN4_1b_v1","0.1","178","30","134","44","27","3"
"9384","DN4_1a_v1","DN4_1b_v1","0.412371134020619","119","97","111","8","57","40"
"9385","DN4_1b_v1","DN4_1b_v1","1","171","48","171","0","0","48"
"9386","DN4_1c_v1","DN4_1b_v1","0.295081967213115","158","61","128","30","43","18"
"9387","DN4_2a_v1","DN4_1b_v1","0.433962264150943","166","53","141","25","30","23"
"9388","DN4_2b_v1","DN4_1b_v1","0.0983606557377049","158","61","116","42","55","6"
"9389","DN4_2c_v1","DN4_1b_v1","0.193548387096774","154","62","118","36","50","12"
"9390","DN4_2d_v1","DN4_1b_v1","0","208","11","160","48","11","0"
"9391","DN4_3a_v1","DN4_1b_v1","0.375","211","8","166","45","5","3"
"9392","DN4_3b_v1","DN4_1b_v1","0.222222222222222","210","9","164","46","7","2"
"9393","DN4_4_v1","DN4_1b_v1","0.285714285714286","212","7","166","46","5","2"
"9394","Fuma","DN4_1c_v1","0.358974358974359","147","39","109","38","25","14"
"9395","Cirurgia_coluna","DN4_1c_v1","0.297297297297297","126","74","97","29","52","22"
"9396","Aposentado","DN4_1c_v1","0.333333333333333","153","33","116","37","22","11"
"9397","Desempregado","DN4_1c_v1","0.153846153846154","157","26","114","43","22","4"
"9398","Licenca_Medica","DN4_1c_v1","0.470588235294118","167","17","128","39","9","8"
"9399","Aposentado_Invalidez","DN4_1c_v1","0.375","174","8","129","45","5","3"
"9400","Analg.e9.sicos","DN4_1c_v1","0.284671532846715","64","137","47","17","98","39"
"9401","OutraDoenca","DN4_1c_v1","0.301369863013699","119","73","86","33","51","22"
"9402","Dor_costas","DN4_1c_v1","0.305084745762712","76","118","60","16","82","36"
"9403","Dor_pernas","DN4_1c_v1","0.467741935483871","130","62","106","24","33","29"
"9404","Retornar_trabalho","DN4_1c_v1","0.411764705882353","174","17","128","46","10","7"
"9405","Masc","DN4_1c_v1","0.308724832214765","74","149","59","15","103","46"
"9406","Fem","DN4_1c_v1","0.202702702702703","149","74","103","46","59","15"
"9407","Casado_Amasiado","DN4_1c_v1","0.259259259259259","104","81","73","31","60","21"
"9408","Solteiro","DN4_1c_v1","0.269230769230769","107","78","76","31","57","21"
"9409","Separado_Divorciado","DN4_1c_v1","0.285714285714286","178","7","128","50","5","2"
"9410","X4","DN4_1c_v1","0.666666666666667","182","3","132","50","1","2"
"9411","X5","DN4_1c_v1","0.4","180","5","130","50","3","2"
"9412","X6","DN4_1c_v1","0.363636363636364","174","11","126","48","7","4"
"9413","Livrar_costas","DN4_1c_v1","0.278846153846154","16","104","10","6","75","29"
"9414","Livrar_perna","DN4_1c_v1","0.428571428571429","106","14","77","29","8","6"
"9415","Livrar_perda_sens","DN4_1c_v1","0","118","2","83","35","2","0"
"9416","D1","DN4_1c_v1","0","118","1","82","36","1","0"
"9417","D15","DN4_1c_v1","0.714285714285714","112","7","81","31","2","5"
"9418","D16","DN4_1c_v1","0.45","99","20","72","27","11","9"
"9419","D17","DN4_1c_v1","0.4","114","5","80","34","3","2"
"9420","D18","DN4_1c_v1","0.5","109","10","78","31","5","5"
"9421","D19","DN4_1c_v1","0.8","114","5","82","32","1","4"
"9422","D2","DN4_1c_v1","0.714285714285714","112","7","81","31","2","5"
"9423","D20","DN4_1c_v1","0.4","114","5","80","34","3","2"
"9424","D21","DN4_1c_v1","0.6","114","5","81","33","2","3"
"9425","D22","DN4_1c_v1","NaN","119","0","83","36","0","0"
"9426","D23","DN4_1c_v1","1","118","1","83","35","0","1"
"9427","D24","DN4_1c_v1","0.25","95","24","65","30","18","6"
"9428","D25","DN4_1c_v1","0.333333333333333","116","3","81","35","2","1"
"9429","D26","DN4_1c_v1","0","118","1","82","36","1","0"
"9430","D27","DN4_1c_v1","0.5","115","4","81","34","2","2"
"9431","D28","DN4_1c_v1","0.25","115","4","80","35","3","1"
"9432","D29","DN4_1c_v1","0.341463414634146","78","41","56","22","27","14"
"9433","D3","DN4_1c_v1","1","117","2","83","34","0","2"
"9434","D30","DN4_1c_v1","0.403508771929825","62","57","49","13","34","23"
"9435","D31","DN4_1c_v1","0.6875","103","16","78","25","5","11"
"9436","D32","DN4_1c_v1","0.333333333333333","83","36","59","24","24","12"
"9437","D33","DN4_1c_v1","0.583333333333333","107","12","78","29","5","7"
"9438","D34","DN4_1c_v1","0.666666666666667","116","3","82","34","1","2"
"9439","D35","DN4_1c_v1","1","118","1","83","35","0","1"
"9440","D36","DN4_1c_v1","0.375","111","8","78","33","5","3"
"9441","D37","DN4_1c_v1","0.409090909090909","97","22","70","27","13","9"
"9442","D38","DN4_1c_v1","0.666666666666667","116","3","82","34","1","2"
"9443","D39","DN4_1c_v1","0.333333333333333","104","15","73","31","10","5"
"9444","D4","DN4_1c_v1","1","116","3","83","33","0","3"
"9445","D40","DN4_1c_v1","0.6","114","5","81","33","2","3"
"9446","D41","DN4_1c_v1","0.285714285714286","112","7","78","34","5","2"
"9447","D42","DN4_1c_v1","0","118","1","82","36","1","0"
"9448","D43","DN4_1c_v1","1","118","1","83","35","0","1"
"9449","D44","DN4_1c_v1","0.368421052631579","81","38","59","22","24","14"
"9450","D45","DN4_1c_v1","0.583333333333333","107","12","78","29","5","7"
"9451","D46","DN4_1c_v1","0.394736842105263","81","38","60","21","23","15"
"9452","D47","DN4_1c_v1","0.75","107","12","80","27","3","9"
"9453","D48","DN4_1c_v1","0.44","94","25","69","25","14","11"
"9454","D49","DN4_1c_v1","0.615384615384615","106","13","78","28","5","8"
"9455","D5","DN4_1c_v1","0.666666666666667","116","3","82","34","1","2"
"9456","D50","DN4_1c_v1","0.5","117","2","82","35","1","1"
"9457","D51","DN4_1c_v1","1","118","1","83","35","0","1"
"9458","D52","DN4_1c_v1","0.5","117","2","82","35","1","1"
"9459","D53","DN4_1c_v1","1","118","1","83","35","0","1"
"9460","D9","DN4_1c_v1","1","118","1","83","35","0","1"
"9461","RMDQ1_v1","DN4_1c_v1","0.296296296296296","130","81","95","35","57","24"
"9462","RMDQ2_v1","DN4_1c_v1","0.329268292682927","129","82","97","32","55","27"
"9463","RMDQ3_v1","DN4_1c_v1","0.253333333333333","137","75","96","41","56","19"
"9464","RMDQ4_v1","DN4_1c_v1","0.212765957446809","165","47","115","50","37","10"
"9465","RMDQ5_v1","DN4_1c_v1","0.25","144","68","101","43","51","17"
"9466","RMDQ6_v1","DN4_1c_v1","0.274509803921569","161","51","115","46","37","14"
"9467","RMDQ7_v1","DN4_1c_v1","0.25","176","36","125","51","27","9"
"9468","RMDQ8_v1","DN4_1c_v1","0.142857142857143","205","7","146","59","6","1"
"9469","RMDQ9_v1","DN4_1c_v1","0.225806451612903","181","31","128","53","24","7"
"9470","RMDQ10_v1","DN4_1c_v1","0.181818181818182","179","33","125","54","27","6"
"9471","RMDQ11_v1","DN4_1c_v1","0.171428571428571","177","35","123","54","29","6"
"9472","RMDQ12_v1","DN4_1c_v1","0.153846153846154","173","39","119","54","33","6"
"9473","RMDQ13_v1","DN4_1c_v1","0.13953488372093","169","43","115","54","37","6"
"9474","RMDQ14_v1","DN4_1c_v1","0.166666666666667","170","42","117","53","35","7"
"9475","RMDQ15_v1","DN4_1c_v1","0.2","182","30","128","54","24","6"
"9476","RMDQ16_v1","DN4_1c_v1","0.176470588235294","178","34","124","54","28","6"
"9477","RMDQ17_v1","DN4_1c_v1","0.222222222222222","167","45","117","50","35","10"
"9478","RMDQ18_v1","DN4_1c_v1","0.2","182","30","128","54","24","6"
"9479","RMDQ19_v1","DN4_1c_v1","0.225806451612903","181","31","128","53","24","7"
"9480","RMDQ20_v1","DN4_1c_v1","0.181818181818182","179","33","125","54","27","6"
"9481","RMDQ21_v1","DN4_1c_v1","0.146341463414634","171","41","117","54","35","6"
"9482","RMDQ22_v1","DN4_1c_v1","0.264705882352941","178","34","127","51","25","9"
"9483","RMDQ23_v1","DN4_1c_v1","0.181818181818182","179","33","125","54","27","6"
"9484","RMDQ24_v1","DN4_1c_v1","0.2","182","30","128","54","24","6"
"9485","DN4_1a_v1","DN4_1c_v1","0.455445544554455","119","101","104","15","55","46"
"9486","DN4_1b_v1","DN4_1c_v1","0.375","171","48","128","43","30","18"
"9487","DN4_1c_v1","DN4_1c_v1","1","162","61","162","0","0","61"
"9488","DN4_2a_v1","DN4_1c_v1","0.631578947368421","166","57","141","25","21","36"
"9489","DN4_2b_v1","DN4_1c_v1","0.646153846153846","158","65","139","19","23","42"
"9490","DN4_2c_v1","DN4_1c_v1","0.532258064516129","158","62","130","28","29","33"
"9491","DN4_2d_v1","DN4_1c_v1","0.818181818181818","212","11","160","52","2","9"
"9492","DN4_3a_v1","DN4_1c_v1","0.875","215","8","161","54","1","7"
"9493","DN4_3b_v1","DN4_1c_v1","0.666666666666667","214","9","159","55","3","6"
"9494","DN4_4_v1","DN4_1c_v1","0.857142857142857","216","7","161","55","1","6"
"9495","Fuma","DN4_2a_v1","0.205128205128205","147","39","109","38","31","8"
"9496","Cirurgia_coluna","DN4_2a_v1","0.297297297297297","126","74","100","26","52","22"
"9497","Aposentado","DN4_2a_v1","0.212121212121212","153","33","115","38","26","7"
"9498","Desempregado","DN4_2a_v1","0.192307692307692","157","26","118","39","21","5"
"9499","Licenca_Medica","DN4_2a_v1","0.235294117647059","167","17","127","40","13","4"
"9500","Aposentado_Invalidez","DN4_2a_v1","0.125","174","8","129","45","7","1"
"9501","Analg.e9.sicos","DN4_2a_v1","0.27007299270073","64","137","50","14","100","37"
"9502","OutraDoenca","DN4_2a_v1","0.26027397260274","119","73","86","33","54","19"
"9503","Dor_costas","DN4_2a_v1","0.271186440677966","76","118","62","14","86","32"
"9504","Dor_pernas","DN4_2a_v1","0.387096774193548","130","62","107","23","38","24"
"9505","Retornar_trabalho","DN4_2a_v1","0.294117647058824","174","17","133","41","12","5"
"9506","Masc","DN4_2a_v1","0.268456375838926","74","149","57","17","109","40"
"9507","Fem","DN4_2a_v1","0.22972972972973","149","74","109","40","57","17"
"9508","Casado_Amasiado","DN4_2a_v1","0.259259259259259","104","81","78","26","60","21"
"9509","Solteiro","DN4_2a_v1","0.205128205128205","107","78","76","31","62","16"
"9510","Separado_Divorciado","DN4_2a_v1","0.285714285714286","178","7","133","45","5","2"
"9511","X4","DN4_2a_v1","0.666666666666667","182","3","137","45","1","2"
"9512","X5","DN4_2a_v1","0.4","180","5","135","45","3","2"
"9513","X6","DN4_2a_v1","0.363636363636364","174","11","131","43","7","4"
"9514","Livrar_costas","DN4_2a_v1","0.230769230769231","16","104","9","7","80","24"
"9515","Livrar_perna","DN4_2a_v1","0.5","106","14","82","24","7","7"
"9516","Livrar_perda_sens","DN4_2a_v1","0","118","2","87","31","2","0"
"9517","D1","DN4_2a_v1","1","118","1","88","30","0","1"
"9518","D15","DN4_2a_v1","0.571428571428571","112","7","85","27","3","4"
"9519","D16","DN4_2a_v1","0.4","99","20","76","23","12","8"
"9520","D17","DN4_2a_v1","0.4","114","5","85","29","3","2"
"9521","D18","DN4_2a_v1","0.3","109","10","81","28","7","3"
"9522","D19","DN4_2a_v1","0","114","5","83","31","5","0"
"9523","D2","DN4_2a_v1","0.428571428571429","112","7","84","28","4","3"
"9524","D20","DN4_2a_v1","0.2","114","5","84","30","4","1"
"9525","D21","DN4_2a_v1","0.4","114","5","85","29","3","2"
"9526","D22","DN4_2a_v1","NaN","119","0","88","31","0","0"
"9527","D23","DN4_2a_v1","1","118","1","88","30","0","1"
"9528","D24","DN4_2a_v1","0.0416666666666667","95","24","65","30","23","1"
"9529","D25","DN4_2a_v1","0","116","3","85","31","3","0"
"9530","D26","DN4_2a_v1","0","118","1","87","31","1","0"
"9531","D27","DN4_2a_v1","0.5","115","4","86","29","2","2"
"9532","D28","DN4_2a_v1","0","115","4","84","31","4","0"
"9533","D29","DN4_2a_v1","0.268292682926829","78","41","58","20","30","11"
"9534","D3","DN4_2a_v1","0","117","2","86","31","2","0"
"9535","D30","DN4_2a_v1","0.333333333333333","62","57","50","12","38","19"
"9536","D31","DN4_2a_v1","0.4375","103","16","79","24","9","7"
"9537","D32","DN4_2a_v1","0.305555555555556","83","36","63","20","25","11"
"9538","D33","DN4_2a_v1","0.75","107","12","85","22","3","9"
"9539","D34","DN4_2a_v1","0.666666666666667","116","3","87","29","1","2"
"9540","D35","DN4_2a_v1","1","118","1","88","30","0","1"
"9541","D36","DN4_2a_v1","0.375","111","8","83","28","5","3"
"9542","D37","DN4_2a_v1","0.363636363636364","97","22","74","23","14","8"
"9543","D38","DN4_2a_v1","0.666666666666667","116","3","87","29","1","2"
"9544","D39","DN4_2a_v1","0.266666666666667","104","15","77","27","11","4"
"9545","D4","DN4_2a_v1","0.333333333333333","116","3","86","30","2","1"
"9546","D40","DN4_2a_v1","0.4","114","5","85","29","3","2"
"9547","D41","DN4_2a_v1","0.285714285714286","112","7","83","29","5","2"
"9548","D42","DN4_2a_v1","0","118","1","87","31","1","0"
"9549","D43","DN4_2a_v1","1","118","1","88","30","0","1"
"9550","D44","DN4_2a_v1","0.368421052631579","81","38","64","17","24","14"
"9551","D45","DN4_2a_v1","0.666666666666667","107","12","84","23","4","8"
"9552","D46","DN4_2a_v1","0.368421052631579","81","38","64","17","24","14"
"9553","D47","DN4_2a_v1","0.666666666666667","107","12","84","23","4","8"
"9554","D48","DN4_2a_v1","0.48","94","25","75","19","13","12"
"9555","D49","DN4_2a_v1","0.769230769230769","106","13","85","21","3","10"
"9556","D5","DN4_2a_v1","0.666666666666667","116","3","87","29","1","2"
"9557","D50","DN4_2a_v1","0.5","117","2","87","30","1","1"
"9558","D51","DN4_2a_v1","1","118","1","88","30","0","1"
"9559","D52","DN4_2a_v1","0.5","117","2","87","30","1","1"
"9560","D53","DN4_2a_v1","1","118","1","88","30","0","1"
"9561","D9","DN4_2a_v1","1","118","1","88","30","0","1"
"9562","RMDQ1_v1","DN4_2a_v1","0.246913580246914","130","81","95","35","61","20"
"9563","RMDQ2_v1","DN4_2a_v1","0.25609756097561","129","82","95","34","61","21"
"9564","RMDQ3_v1","DN4_2a_v1","0.266666666666667","137","75","101","36","55","20"
"9565","RMDQ4_v1","DN4_2a_v1","0.276595744680851","165","47","122","43","34","13"
"9566","RMDQ5_v1","DN4_2a_v1","0.235294117647059","144","68","104","40","52","16"
"9567","RMDQ6_v1","DN4_2a_v1","0.294117647058824","161","51","120","41","36","15"
"9568","RMDQ7_v1","DN4_2a_v1","0.194444444444444","176","36","127","49","29","7"
"9569","RMDQ8_v1","DN4_2a_v1","0.142857142857143","205","7","150","55","6","1"
"9570","RMDQ9_v1","DN4_2a_v1","0.193548387096774","181","31","131","50","25","6"
"9571","RMDQ10_v1","DN4_2a_v1","0.272727272727273","179","33","132","47","24","9"
"9572","RMDQ11_v1","DN4_2a_v1","0.285714285714286","177","35","131","46","25","10"
"9573","RMDQ12_v1","DN4_2a_v1","0.153846153846154","173","39","123","50","33","6"
"9574","RMDQ13_v1","DN4_2a_v1","0.209302325581395","169","43","122","47","34","9"
"9575","RMDQ14_v1","DN4_2a_v1","0.142857142857143","170","42","120","50","36","6"
"9576","RMDQ15_v1","DN4_2a_v1","0.2","182","30","132","50","24","6"
"9577","RMDQ16_v1","DN4_2a_v1","0.176470588235294","178","34","128","50","28","6"
"9578","RMDQ17_v1","DN4_2a_v1","0.222222222222222","167","45","121","46","35","10"
"9579","RMDQ18_v1","DN4_2a_v1","0.2","182","30","132","50","24","6"
"9580","RMDQ19_v1","DN4_2a_v1","0.225806451612903","181","31","132","49","24","7"
"9581","RMDQ20_v1","DN4_2a_v1","0.181818181818182","179","33","129","50","27","6"
"9582","RMDQ21_v1","DN4_2a_v1","0.146341463414634","171","41","121","50","35","6"
"9583","RMDQ22_v1","DN4_2a_v1","0.176470588235294","178","34","128","50","28","6"
"9584","RMDQ23_v1","DN4_2a_v1","0.272727272727273","179","33","132","47","24","9"
"9585","RMDQ24_v1","DN4_2a_v1","0.2","182","30","132","50","24","6"
"9586","DN4_1a_v1","DN4_2a_v1","0.475247524752475","119","101","110","9","53","48"
"9587","DN4_1b_v1","DN4_2a_v1","0.479166666666667","171","48","141","30","25","23"
"9588","DN4_1c_v1","DN4_2a_v1","0.590163934426229","162","61","141","21","25","36"
"9589","DN4_2a_v1","DN4_2a_v1","1","166","57","166","0","0","57"
"9590","DN4_2b_v1","DN4_2a_v1","0.569230769230769","158","65","138","20","28","37"
"9591","DN4_2c_v1","DN4_2a_v1","0.451612903225806","158","62","129","29","34","28"
"9592","DN4_2d_v1","DN4_2a_v1","0.636363636363636","212","11","162","50","4","7"
"9593","DN4_3a_v1","DN4_2a_v1","0.5","215","8","162","53","4","4"
"9594","DN4_3b_v1","DN4_2a_v1","0.444444444444444","214","9","161","53","5","4"
"9595","DN4_4_v1","DN4_2a_v1","0.571428571428571","216","7","163","53","3","4"
"9596","Fuma","DN4_2b_v1","0.435897435897436","147","39","111","36","22","17"
"9597","Cirurgia_coluna","DN4_2b_v1","0.310810810810811","126","74","97","29","51","23"
"9598","Aposentado","DN4_2b_v1","0.272727272727273","153","33","110","43","24","9"
"9599","Desempregado","DN4_2b_v1","0.192307692307692","157","26","112","45","21","5"
"9600","Licenca_Medica","DN4_2b_v1","0.529411764705882","167","17","125","42","8","9"
"9601","Aposentado_Invalidez","DN4_2b_v1","0.5","174","8","126","48","4","4"
"9602","Analg.e9.sicos","DN4_2b_v1","0.306569343065693","64","137","46","18","95","42"
"9603","OutraDoenca","DN4_2b_v1","0.397260273972603","119","73","89","30","44","29"
"9604","Dor_costas","DN4_2b_v1","0.305084745762712","76","118","57","19","82","36"
"9605","Dor_pernas","DN4_2b_v1","0.451612903225806","130","62","102","28","34","28"
"9606","Retornar_trabalho","DN4_2b_v1","0.470588235294118","174","17","124","50","9","8"
"9607","Masc","DN4_2b_v1","0.302013422818792","74","149","54","20","104","45"
"9608","Fem","DN4_2b_v1","0.27027027027027","149","74","104","45","54","20"
"9609","Casado_Amasiado","DN4_2b_v1","0.222222222222222","104","81","67","37","63","18"
"9610","Solteiro","DN4_2b_v1","0.346153846153846","107","78","79","28","51","27"
"9611","Separado_Divorciado","DN4_2b_v1","0.142857142857143","178","7","124","54","6","1"
"9612","X4","DN4_2b_v1","1","182","3","130","52","0","3"
"9613","X5","DN4_2b_v1","0.4","180","5","127","53","3","2"
"9614","X6","DN4_2b_v1","0.363636363636364","174","11","123","51","7","4"
"9615","Livrar_costas","DN4_2b_v1","0.336538461538462","16","104","11","5","69","35"
"9616","Livrar_perna","DN4_2b_v1","0.357142857142857","106","14","71","35","9","5"
"9617","Livrar_perda_sens","DN4_2b_v1","0","118","2","78","40","2","0"
"9618","D1","DN4_2b_v1","0","118","1","82","36","1","0"
"9619","D15","DN4_2b_v1","0.714285714285714","112","7","81","31","2","5"
"9620","D16","DN4_2b_v1","0.35","99","20","70","29","13","7"
"9621","D17","DN4_2b_v1","0.6","114","5","81","33","2","3"
"9622","D18","DN4_2b_v1","0.6","109","10","79","30","4","6"
"9623","D19","DN4_2b_v1","0.6","114","5","81","33","2","3"
"9624","D2","DN4_2b_v1","0.714285714285714","112","7","81","31","2","5"
"9625","D20","DN4_2b_v1","0.4","114","5","80","34","3","2"
"9626","D21","DN4_2b_v1","0.4","114","5","80","34","3","2"
"9627","D22","DN4_2b_v1","NaN","119","0","83","36","0","0"
"9628","D23","DN4_2b_v1","1","118","1","83","35","0","1"
"9629","D24","DN4_2b_v1","0.166666666666667","95","24","63","32","20","4"
"9630","D25","DN4_2b_v1","0","116","3","80","36","3","0"
"9631","D26","DN4_2b_v1","0","118","1","82","36","1","0"
"9632","D27","DN4_2b_v1","1","115","4","83","32","0","4"
"9633","D28","DN4_2b_v1","0.75","115","4","82","33","1","3"
"9634","D29","DN4_2b_v1","0.24390243902439","78","41","52","26","31","10"
"9635","D3","DN4_2b_v1","1","117","2","83","34","0","2"
"9636","D30","DN4_2b_v1","0.350877192982456","62","57","46","16","37","20"
"9637","D31","DN4_2b_v1","0.625","103","16","77","26","6","10"
"9638","D32","DN4_2b_v1","0.25","83","36","56","27","27","9"
"9639","D33","DN4_2b_v1","0.583333333333333","107","12","78","29","5","7"
"9640","D34","DN4_2b_v1","0.666666666666667","116","3","82","34","1","2"
"9641","D35","DN4_2b_v1","1","118","1","83","35","0","1"
"9642","D36","DN4_2b_v1","0.75","111","8","81","30","2","6"
"9643","D37","DN4_2b_v1","0.454545454545455","97","22","71","26","12","10"
"9644","D38","DN4_2b_v1","1","116","3","83","33","0","3"
"9645","D39","DN4_2b_v1","0.4","104","15","74","30","9","6"
"9646","D4","DN4_2b_v1","1","116","3","83","33","0","3"
"9647","D40","DN4_2b_v1","0.8","114","5","82","32","1","4"
"9648","D41","DN4_2b_v1","0.714285714285714","112","7","81","31","2","5"
"9649","D42","DN4_2b_v1","0","118","1","82","36","1","0"
"9650","D43","DN4_2b_v1","1","118","1","83","35","0","1"
"9651","D44","DN4_2b_v1","0.289473684210526","81","38","56","25","27","11"
"9652","D45","DN4_2b_v1","0.666666666666667","107","12","79","28","4","8"
"9653","D46","DN4_2b_v1","0.342105263157895","81","38","58","23","25","13"
"9654","D47","DN4_2b_v1","0.75","107","12","80","27","3","9"
"9655","D48","DN4_2b_v1","0.36","94","25","67","27","16","9"
"9656","D49","DN4_2b_v1","0.615384615384615","106","13","78","28","5","8"
"9657","D5","DN4_2b_v1","0.666666666666667","116","3","82","34","1","2"
"9658","D50","DN4_2b_v1","0.5","117","2","82","35","1","1"
"9659","D51","DN4_2b_v1","1","118","1","83","35","0","1"
"9660","D52","DN4_2b_v1","0.5","117","2","82","35","1","1"
"9661","D53","DN4_2b_v1","1","118","1","83","35","0","1"
"9662","D9","DN4_2b_v1","1","118","1","83","35","0","1"
"9663","RMDQ1_v1","DN4_2b_v1","0.296296296296296","130","81","93","37","57","24"
"9664","RMDQ2_v1","DN4_2b_v1","0.317073170731707","129","82","94","35","56","26"
"9665","RMDQ3_v1","DN4_2b_v1","0.346666666666667","137","75","101","36","49","26"
"9666","RMDQ4_v1","DN4_2b_v1","0.340425531914894","165","47","119","46","31","16"
"9667","RMDQ5_v1","DN4_2b_v1","0.382352941176471","144","68","108","36","42","26"
"9668","RMDQ6_v1","DN4_2b_v1","0.450980392156863","161","51","122","39","28","23"
"9669","RMDQ7_v1","DN4_2b_v1","0.5","176","36","132","44","18","18"
"9670","RMDQ8_v1","DN4_2b_v1","1","205","7","150","55","0","7"
"9671","RMDQ9_v1","DN4_2b_v1","0.483870967741935","181","31","134","47","16","15"
"9672","RMDQ10_v1","DN4_2b_v1","0.454545454545455","179","33","132","47","18","15"
"9673","RMDQ11_v1","DN4_2b_v1","0.542857142857143","177","35","134","43","16","19"
"9674","RMDQ12_v1","DN4_2b_v1","0.384615384615385","173","39","126","47","24","15"
"9675","RMDQ13_v1","DN4_2b_v1","0.348837209302326","169","43","122","47","28","15"
"9676","RMDQ14_v1","DN4_2b_v1","0.333333333333333","170","42","122","48","28","14"
"9677","RMDQ15_v1","DN4_2b_v1","0.366666666666667","182","30","131","51","19","11"
"9678","RMDQ16_v1","DN4_2b_v1","0.411764705882353","178","34","130","48","20","14"
"9679","RMDQ17_v1","DN4_2b_v1","0.4","167","45","123","44","27","18"
"9680","RMDQ18_v1","DN4_2b_v1","0.466666666666667","182","30","134","48","16","14"
"9681","RMDQ19_v1","DN4_2b_v1","0.483870967741935","181","31","134","47","16","15"
"9682","RMDQ20_v1","DN4_2b_v1","0.454545454545455","179","33","132","47","18","15"
"9683","RMDQ21_v1","DN4_2b_v1","0.365853658536585","171","41","124","47","26","15"
"9684","RMDQ22_v1","DN4_2b_v1","0.441176470588235","178","34","131","47","19","15"
"9685","RMDQ23_v1","DN4_2b_v1","0.454545454545455","179","33","132","47","18","15"
"9686","RMDQ24_v1","DN4_2b_v1","0.5","182","30","135","47","15","15"
"9687","DN4_1a_v1","DN4_2b_v1","0.455445544554455","119","101","100","19","55","46"
"9688","DN4_1b_v1","DN4_2b_v1","0.125","171","48","116","55","42","6"
"9689","DN4_1c_v1","DN4_2b_v1","0.688524590163934","162","61","139","23","19","42"
"9690","DN4_2a_v1","DN4_2b_v1","0.649122807017544","166","57","138","28","20","37"
"9691","DN4_2b_v1","DN4_2b_v1","1","158","65","158","0","0","65"
"9692","DN4_2c_v1","DN4_2b_v1","0.596774193548387","158","62","130","28","25","37"
"9693","DN4_2d_v1","DN4_2b_v1","1","212","11","158","54","0","11"
"9694","DN4_3a_v1","DN4_2b_v1","0.875","215","8","157","58","1","7"
"9695","DN4_3b_v1","DN4_2b_v1","1","214","9","158","56","0","9"
"9696","DN4_4_v1","DN4_2b_v1","1","216","7","158","58","0","7"
"9697","Fuma","DN4_2c_v1","0.282051282051282","145","39","102","43","28","11"
"9698","Cirurgia_coluna","DN4_2c_v1","0.256756756756757","123","74","89","34","55","19"
"9699","Aposentado","DN4_2c_v1","0.303030303030303","151","33","109","42","23","10"
"9700","Desempregado","DN4_2c_v1","0.153846153846154","155","26","108","47","22","4"
"9701","Licenca_Medica","DN4_2c_v1","0.294117647058824","165","17","119","46","12","5"
"9702","Aposentado_Invalidez","DN4_2c_v1","0.5","172","8","125","47","4","4"
"9703","Analg.e9.sicos","DN4_2c_v1","0.311111111111111","63","135","46","17","93","42"
"9704","OutraDoenca","DN4_2c_v1","0.315068493150685","117","73","84","33","50","23"
"9705","Dor_costas","DN4_2c_v1","0.307692307692308","75","117","55","20","81","36"
"9706","Dor_pernas","DN4_2c_v1","0.426229508196721","129","61","99","30","35","26"
"9707","Retornar_trabalho","DN4_2c_v1","0.470588235294118","171","17","123","48","9","8"
"9708","Masc","DN4_2c_v1","0.280821917808219","74","146","53","21","105","41"
"9709","Fem","DN4_2c_v1","0.283783783783784","146","74","105","41","53","21"
"9710","Casado_Amasiado","DN4_2c_v1","0.271604938271605","102","81","70","32","59","22"
"9711","Solteiro","DN4_2c_v1","0.263157894736842","107","76","73","34","56","20"
"9712","Separado_Divorciado","DN4_2c_v1","0.571428571428571","176","7","126","50","3","4"
"9713","X4","DN4_2c_v1","0.666666666666667","180","3","128","52","1","2"
"9714","X5","DN4_2c_v1","0.8","178","5","128","50","1","4"
"9715","X6","DN4_2c_v1","0.181818181818182","172","11","120","52","9","2"
"9716","Livrar_costas","DN4_2c_v1","0.29126213592233","15","103","7","8","73","30"
"9717","Livrar_perna","DN4_2c_v1","0.538461538461538","105","13","74","31","6","7"
"9718","Livrar_perda_sens","DN4_2c_v1","0.5","116","2","79","37","1","1"
"9719","D1","DN4_2c_v1","0","117","1","84","33","1","0"
"9720","D15","DN4_2c_v1","0.428571428571429","111","7","81","30","4","3"
"9721","D16","DN4_2c_v1","0.45","98","20","74","24","11","9"
"9722","D17","DN4_2c_v1","0","113","5","80","33","5","0"
"9723","D18","DN4_2c_v1","0.1","108","10","76","32","9","1"
"9724","D19","DN4_2c_v1","0.2","113","5","81","32","4","1"
"9725","D2","DN4_2c_v1","0.285714285714286","111","7","80","31","5","2"
"9726","D20","DN4_2c_v1","0.4","113","5","82","31","3","2"
"9727","D21","DN4_2c_v1","0.2","113","5","81","32","4","1"
"9728","D22","DN4_2c_v1","NaN","118","0","85","33","0","0"
"9729","D23","DN4_2c_v1","1","117","1","85","32","0","1"
"9730","D24","DN4_2c_v1","0.0833333333333333","94","24","63","31","22","2"
"9731","D25","DN4_2c_v1","0","115","3","82","33","3","0"
"9732","D26","DN4_2c_v1","1","117","1","85","32","0","1"
"9733","D27","DN4_2c_v1","0.75","114","4","84","30","1","3"
"9734","D28","DN4_2c_v1","1","114","4","85","29","0","4"
"9735","D29","DN4_2c_v1","0.325","78","40","58","20","27","13"
"9736","D3","DN4_2c_v1","0.5","116","2","84","32","1","1"
"9737","D30","DN4_2c_v1","0.375","62","56","50","12","35","21"
"9738","D31","DN4_2c_v1","0.5","102","16","77","25","8","8"
"9739","D32","DN4_2c_v1","0.342857142857143","83","35","62","21","23","12"
"9740","D33","DN4_2c_v1","0.5","106","12","79","27","6","6"
"9741","D34","DN4_2c_v1","0.666666666666667","115","3","84","31","1","2"
"9742","D35","DN4_2c_v1","1","117","1","85","32","0","1"
"9743","D36","DN4_2c_v1","0.375","110","8","80","30","5","3"
"9744","D37","DN4_2c_v1","0.454545454545455","96","22","73","23","12","10"
"9745","D38","DN4_2c_v1","0.666666666666667","115","3","84","31","1","2"
"9746","D39","DN4_2c_v1","0.466666666666667","103","15","77","26","8","7"
"9747","D4","DN4_2c_v1","0.666666666666667","115","3","84","31","1","2"
"9748","D40","DN4_2c_v1","0.4","113","5","82","31","3","2"
"9749","D41","DN4_2c_v1","0.428571428571429","111","7","81","30","4","3"
"9750","D42","DN4_2c_v1","0","117","1","84","33","1","0"
"9751","D43","DN4_2c_v1","1","117","1","85","32","0","1"
"9752","D44","DN4_2c_v1","0.351351351351351","81","37","61","20","24","13"
"9753","D45","DN4_2c_v1","0.416666666666667","106","12","78","28","7","5"
"9754","D46","DN4_2c_v1","0.378378378378378","81","37","62","19","23","14"
"9755","D47","DN4_2c_v1","0.416666666666667","106","12","78","28","7","5"
"9756","D48","DN4_2c_v1","0.375","94","24","70","24","15","9"
"9757","D49","DN4_2c_v1","0.461538461538462","105","13","78","27","7","6"
"9758","D5","DN4_2c_v1","0.333333333333333","115","3","83","32","2","1"
"9759","D50","DN4_2c_v1","0.5","116","2","84","32","1","1"
"9760","D51","DN4_2c_v1","1","117","1","85","32","0","1"
"9761","D52","DN4_2c_v1","0.5","116","2","84","32","1","1"
"9762","D53","DN4_2c_v1","1","117","1","85","32","0","1"
"9763","D9","DN4_2c_v1","1","117","1","85","32","0","1"
"9764","RMDQ1_v1","DN4_2c_v1","0.382716049382716","127","81","100","27","50","31"
"9765","RMDQ2_v1","DN4_2c_v1","0.365853658536585","126","82","98","28","52","30"
"9766","RMDQ3_v1","DN4_2c_v1","0.346666666666667","134","75","101","33","49","26"
"9767","RMDQ4_v1","DN4_2c_v1","0.361702127659574","162","47","120","42","30","17"
"9768","RMDQ5_v1","DN4_2c_v1","0.382352941176471","141","68","108","33","42","26"
"9769","RMDQ6_v1","DN4_2c_v1","0.431372549019608","158","51","121","37","29","22"
"9770","RMDQ7_v1","DN4_2c_v1","0.388888888888889","173","36","128","45","22","14"
"9771","RMDQ8_v1","DN4_2c_v1","0.428571428571429","202","7","146","56","4","3"
"9772","RMDQ9_v1","DN4_2c_v1","0.451612903225806","178","31","133","45","17","14"
"9773","RMDQ10_v1","DN4_2c_v1","0.424242424242424","176","33","131","45","19","14"
"9774","RMDQ11_v1","DN4_2c_v1","0.4","174","35","129","45","21","14"
"9775","RMDQ12_v1","DN4_2c_v1","0.358974358974359","170","39","125","45","25","14"
"9776","RMDQ13_v1","DN4_2c_v1","0.325581395348837","166","43","121","45","29","14"
"9777","RMDQ14_v1","DN4_2c_v1","0.380952380952381","167","42","124","43","26","16"
"9778","RMDQ15_v1","DN4_2c_v1","0.333333333333333","179","30","130","49","20","10"
"9779","RMDQ16_v1","DN4_2c_v1","0.382352941176471","175","34","129","46","21","13"
"9780","RMDQ17_v1","DN4_2c_v1","0.377777777777778","164","45","122","42","28","17"
"9781","RMDQ18_v1","DN4_2c_v1","0.466666666666667","179","30","134","45","16","14"
"9782","RMDQ19_v1","DN4_2c_v1","0.483870967741935","178","31","134","44","16","15"
"9783","RMDQ20_v1","DN4_2c_v1","0.424242424242424","176","33","131","45","19","14"
"9784","RMDQ21_v1","DN4_2c_v1","0.439024390243902","168","41","127","41","23","18"
"9785","RMDQ22_v1","DN4_2c_v1","0.5","175","34","133","42","17","17"
"9786","RMDQ23_v1","DN4_2c_v1","0.424242424242424","176","33","131","45","19","14"
"9787","RMDQ24_v1","DN4_2c_v1","0.466666666666667","179","30","134","45","16","14"
"9788","DN4_1a_v1","DN4_2c_v1","0.455445544554455","119","101","103","16","55","46"
"9789","DN4_1b_v1","DN4_2c_v1","0.25","168","48","118","50","36","12"
"9790","DN4_1c_v1","DN4_2c_v1","0.540983606557377","159","61","130","29","28","33"
"9791","DN4_2a_v1","DN4_2c_v1","0.491228070175439","163","57","129","34","29","28"
"9792","DN4_2b_v1","DN4_2c_v1","0.569230769230769","155","65","130","25","28","37"
"9793","DN4_2c_v1","DN4_2c_v1","1","158","62","158","0","0","62"
"9794","DN4_2d_v1","DN4_2c_v1","0.818181818181818","209","11","156","53","2","9"
"9795","DN4_3a_v1","DN4_2c_v1","0.625","212","8","155","57","3","5"
"9796","DN4_3b_v1","DN4_2c_v1","0.777777777777778","211","9","156","55","2","7"
"9797","DN4_4_v1","DN4_2c_v1","0.714285714285714","213","7","156","57","2","5"
"9798","Fuma","DN4_2d_v1","0.102564102564103","147","39","143","4","35","4"
"9799","Cirurgia_coluna","DN4_2d_v1","0.0540540540540541","126","74","121","5","70","4"
"9800","Aposentado","DN4_2d_v1","0.0909090909090909","153","33","150","3","30","3"
"9801","Desempregado","DN4_2d_v1","0.0769230769230769","157","26","153","4","24","2"
"9802","Licenca_Medica","DN4_2d_v1","0.176470588235294","167","17","164","3","14","3"
"9803","Aposentado_Invalidez","DN4_2d_v1","0.25","174","8","170","4","6","2"
"9804","Analg.e9.sicos","DN4_2d_v1","0.0656934306569343","64","137","63","1","128","9"
"9805","OutraDoenca","DN4_2d_v1","0.0958904109589041","119","73","115","4","66","7"
"9806","Dor_costas","DN4_2d_v1","0.0423728813559322","76","118","73","3","113","5"
"9807","Dor_pernas","DN4_2d_v1","0.0806451612903226","130","62","126","4","57","5"
"9808","Retornar_trabalho","DN4_2d_v1","0.117647058823529","174","17","166","8","15","2"
"9809","Masc","DN4_2d_v1","0.0604026845637584","74","149","72","2","140","9"
"9810","Fem","DN4_2d_v1","0.027027027027027","149","74","140","9","72","2"
"9811","Casado_Amasiado","DN4_2d_v1","0.0246913580246914","104","81","99","5","79","2"
"9812","Solteiro","DN4_2d_v1","0.0256410256410256","107","78","102","5","76","2"
"9813","Separado_Divorciado","DN4_2d_v1","0","178","7","171","7","7","0"
"9814","X4","DN4_2d_v1","0.333333333333333","182","3","176","6","2","1"
"9815","X5","DN4_2d_v1","0","180","5","173","7","5","0"
"9816","X6","DN4_2d_v1","0.181818181818182","174","11","169","5","9","2"
"9817","Livrar_costas","DN4_2d_v1","0.0480769230769231","16","104","16","0","99","5"
"9818","Livrar_perna","DN4_2d_v1","0","106","14","101","5","14","0"
"9819","Livrar_perda_sens","DN4_2d_v1","0","118","2","113","5","2","0"
"9820","D1","DN4_2d_v1","0","118","1","112","6","1","0"
"9821","D15","DN4_2d_v1","0.142857142857143","112","7","107","5","6","1"
"9822","D16","DN4_2d_v1","0.1","99","20","95","4","18","2"
"9823","D17","DN4_2d_v1","0","114","5","108","6","5","0"
"9824","D18","DN4_2d_v1","0","109","10","103","6","10","0"
"9825","D19","DN4_2d_v1","0.2","114","5","109","5","4","1"
"9826","D2","DN4_2d_v1","0.285714285714286","112","7","108","4","5","2"
"9827","D20","DN4_2d_v1","0.2","114","5","109","5","4","1"
"9828","D21","DN4_2d_v1","0.2","114","5","109","5","4","1"
"9829","D22","DN4_2d_v1","NaN","119","0","113","6","0","0"
"9830","D23","DN4_2d_v1","0","118","1","112","6","1","0"
"9831","D24","DN4_2d_v1","0.0416666666666667","95","24","90","5","23","1"
"9832","D25","DN4_2d_v1","0","116","3","110","6","3","0"
"9833","D26","DN4_2d_v1","0","118","1","112","6","1","0"
"9834","D27","DN4_2d_v1","0","115","4","109","6","4","0"
"9835","D28","DN4_2d_v1","0","115","4","109","6","4","0"
"9836","D29","DN4_2d_v1","0.024390243902439","78","41","73","5","40","1"
"9837","D3","DN4_2d_v1","0.5","117","2","112","5","1","1"
"9838","D30","DN4_2d_v1","0.0526315789473684","62","57","59","3","54","3"
"9839","D31","DN4_2d_v1","0","103","16","97","6","16","0"
"9840","D32","DN4_2d_v1","0.0277777777777778","83","36","78","5","35","1"
"9841","D33","DN4_2d_v1","0.0833333333333333","107","12","102","5","11","1"
"9842","D34","DN4_2d_v1","0.333333333333333","116","3","111","5","2","1"
"9843","D35","DN4_2d_v1","1","118","1","113","5","0","1"
"9844","D36","DN4_2d_v1","0","111","8","105","6","8","0"
"9845","D37","DN4_2d_v1","0.0909090909090909","97","22","93","4","20","2"
"9846","D38","DN4_2d_v1","0","116","3","110","6","3","0"
"9847","D39","DN4_2d_v1","0.0666666666666667","104","15","99","5","14","1"
"9848","D4","DN4_2d_v1","0.666666666666667","116","3","112","4","1","2"
"9849","D40","DN4_2d_v1","0","114","5","108","6","5","0"
"9850","D41","DN4_2d_v1","0.142857142857143","112","7","107","5","6","1"
"9851","D42","DN4_2d_v1","0","118","1","112","6","1","0"
"9852","D43","DN4_2d_v1","0","118","1","112","6","1","0"
"9853","D44","DN4_2d_v1","0.0263157894736842","81","38","76","5","37","1"
"9854","D45","DN4_2d_v1","0","107","12","101","6","12","0"
"9855","D46","DN4_2d_v1","0.0526315789473684","81","38","77","4","36","2"
"9856","D47","DN4_2d_v1","0","107","12","101","6","12","0"
"9857","D48","DN4_2d_v1","0.08","94","25","90","4","23","2"
"9858","D49","DN4_2d_v1","0.0769230769230769","106","13","101","5","12","1"
"9859","D5","DN4_2d_v1","0.333333333333333","116","3","111","5","2","1"
"9860","D50","DN4_2d_v1","0","117","2","111","6","2","0"
"9861","D51","DN4_2d_v1","1","118","1","113","5","0","1"
"9862","D52","DN4_2d_v1","0","117","2","111","6","2","0"
"9863","D53","DN4_2d_v1","0","118","1","112","6","1","0"
"9864","D9","DN4_2d_v1","1","118","1","113","5","0","1"
"9865","RMDQ1_v1","DN4_2d_v1","0.0740740740740741","130","81","125","5","75","6"
"9866","RMDQ2_v1","DN4_2d_v1","0.0609756097560976","129","82","123","6","77","5"
"9867","RMDQ3_v1","DN4_2d_v1","0.0266666666666667","137","75","128","9","73","2"
"9868","RMDQ4_v1","DN4_2d_v1","0","165","47","154","11","47","0"
"9869","RMDQ5_v1","DN4_2d_v1","0.0441176470588235","144","68","136","8","65","3"
"9870","RMDQ6_v1","DN4_2d_v1","0.0588235294117647","161","51","153","8","48","3"
"9871","RMDQ7_v1","DN4_2d_v1","0.0833333333333333","176","36","168","8","33","3"
"9872","RMDQ8_v1","DN4_2d_v1","0","205","7","194","11","7","0"
"9873","RMDQ9_v1","DN4_2d_v1","0.0967741935483871","181","31","173","8","28","3"
"9874","RMDQ10_v1","DN4_2d_v1","0.0909090909090909","179","33","171","8","30","3"
"9875","RMDQ11_v1","DN4_2d_v1","0.0857142857142857","177","35","169","8","32","3"
"9876","RMDQ12_v1","DN4_2d_v1","0.0769230769230769","173","39","165","8","36","3"
"9877","RMDQ13_v1","DN4_2d_v1","0.0697674418604651","169","43","161","8","40","3"
"9878","RMDQ14_v1","DN4_2d_v1","0.0476190476190476","170","42","161","9","40","2"
"9879","RMDQ15_v1","DN4_2d_v1","0.0666666666666667","182","30","173","9","28","2"
"9880","RMDQ16_v1","DN4_2d_v1","0.0588235294117647","178","34","169","9","32","2"
"9881","RMDQ17_v1","DN4_2d_v1","0.0444444444444444","167","45","158","9","43","2"
"9882","RMDQ18_v1","DN4_2d_v1","0.0666666666666667","182","30","173","9","28","2"
"9883","RMDQ19_v1","DN4_2d_v1","0.0967741935483871","181","31","173","8","28","3"
"9884","RMDQ20_v1","DN4_2d_v1","0.0909090909090909","179","33","171","8","30","3"
"9885","RMDQ21_v1","DN4_2d_v1","0.0731707317073171","171","41","163","8","38","3"
"9886","RMDQ22_v1","DN4_2d_v1","0.0882352941176471","178","34","170","8","31","3"
"9887","RMDQ23_v1","DN4_2d_v1","0.0909090909090909","179","33","171","8","30","3"
"9888","RMDQ24_v1","DN4_2d_v1","0.1","182","30","174","8","27","3"
"9889","DN4_1a_v1","DN4_2d_v1","0.0891089108910891","119","101","117","2","92","9"
"9890","DN4_1b_v1","DN4_2d_v1","0","171","48","160","11","48","0"
"9891","DN4_1c_v1","DN4_2d_v1","0.147540983606557","162","61","160","2","52","9"
"9892","DN4_2a_v1","DN4_2d_v1","0.12280701754386","166","57","162","4","50","7"
"9893","DN4_2b_v1","DN4_2d_v1","0.169230769230769","158","65","158","0","54","11"
"9894","DN4_2c_v1","DN4_2d_v1","0.145161290322581","158","62","156","2","53","9"
"9895","DN4_2d_v1","DN4_2d_v1","1","212","11","212","0","0","11"
"9896","DN4_3a_v1","DN4_2d_v1","0.375","215","8","207","8","5","3"
"9897","DN4_3b_v1","DN4_2d_v1","0.333333333333333","214","9","206","8","6","3"
"9898","DN4_4_v1","DN4_2d_v1","0.428571428571429","216","7","208","8","4","3"
"9899","Fuma","DN4_3a_v1","0.102564102564103","147","39","144","3","35","4"
"9900","Cirurgia_coluna","DN4_3a_v1","0.0405405405405405","126","74","124","2","71","3"
"9901","Aposentado","DN4_3a_v1","0.0606060606060606","153","33","149","4","31","2"
"9902","Desempregado","DN4_3a_v1","0.115384615384615","157","26","155","2","23","3"
"9903","Licenca_Medica","DN4_3a_v1","0.117647058823529","167","17","164","3","15","2"
"9904","Aposentado_Invalidez","DN4_3a_v1","0.25","174","8","170","4","6","2"
"9905","Analg.e9.sicos","DN4_3a_v1","0.0510948905109489","64","137","64","0","130","7"
"9906","OutraDoenca","DN4_3a_v1","0.0410958904109589","119","73","115","4","70","3"
"9907","Dor_costas","DN4_3a_v1","0.0423728813559322","76","118","75","1","113","5"
"9908","Dor_pernas","DN4_3a_v1","0.0806451612903226","130","62","129","1","57","5"
"9909","Retornar_trabalho","DN4_3a_v1","0.176470588235294","174","17","170","4","14","3"
"9910","Masc","DN4_3a_v1","0.0402684563758389","74","149","72","2","143","6"
"9911","Fem","DN4_3a_v1","0.027027027027027","149","74","143","6","72","2"
"9912","Casado_Amasiado","DN4_3a_v1","0.037037037037037","104","81","101","3","78","3"
"9913","Solteiro","DN4_3a_v1","0.0384615384615385","107","78","104","3","75","3"
"9914","Separado_Divorciado","DN4_3a_v1","0","178","7","172","6","7","0"
"9915","X4","DN4_3a_v1","0","182","3","176","6","3","0"
"9916","X5","DN4_3a_v1","0","180","5","174","6","5","0"
"9917","X6","DN4_3a_v1","0","174","11","168","6","11","0"
"9918","Livrar_costas","DN4_3a_v1","0.0384615384615385","16","104","16","0","100","4"
"9919","Livrar_perna","DN4_3a_v1","0","106","14","102","4","14","0"
"9920","Livrar_perda_sens","DN4_3a_v1","0","118","2","114","4","2","0"
"9921","D1","DN4_3a_v1","0","118","1","113","5","1","0"
"9922","D15","DN4_3a_v1","0.142857142857143","112","7","108","4","6","1"
"9923","D16","DN4_3a_v1","0.05","99","20","95","4","19","1"
"9924","D17","DN4_3a_v1","0","114","5","109","5","5","0"
"9925","D18","DN4_3a_v1","0.1","109","10","105","4","9","1"
"9926","D19","DN4_3a_v1","0.2","114","5","110","4","4","1"
"9927","D2","DN4_3a_v1","0.285714285714286","112","7","109","3","5","2"
"9928","D20","DN4_3a_v1","0.2","114","5","110","4","4","1"
"9929","D21","DN4_3a_v1","0","114","5","109","5","5","0"
"9930","D22","DN4_3a_v1","NaN","119","0","114","5","0","0"
"9931","D23","DN4_3a_v1","0","118","1","113","5","1","0"
"9932","D24","DN4_3a_v1","0.0833333333333333","95","24","92","3","22","2"
"9933","D25","DN4_3a_v1","0","116","3","111","5","3","0"
"9934","D26","DN4_3a_v1","0","118","1","113","5","1","0"
"9935","D27","DN4_3a_v1","0","115","4","110","5","4","0"
"9936","D28","DN4_3a_v1","0","115","4","110","5","4","0"
"9937","D29","DN4_3a_v1","0","78","41","73","5","41","0"
"9938","D3","DN4_3a_v1","0.5","117","2","113","4","1","1"
"9939","D30","DN4_3a_v1","0.0350877192982456","62","57","59","3","55","2"
"9940","D31","DN4_3a_v1","0","103","16","98","5","16","0"
"9941","D32","DN4_3a_v1","0","83","36","78","5","36","0"
"9942","D33","DN4_3a_v1","0","107","12","102","5","12","0"
"9943","D34","DN4_3a_v1","0.666666666666667","116","3","113","3","1","2"
"9944","D35","DN4_3a_v1","1","118","1","114","4","0","1"
"9945","D36","DN4_3a_v1","0","111","8","106","5","8","0"
"9946","D37","DN4_3a_v1","0.0454545454545455","97","22","93","4","21","1"
"9947","D38","DN4_3a_v1","0","116","3","111","5","3","0"
"9948","D39","DN4_3a_v1","0","104","15","99","5","15","0"
"9949","D4","DN4_3a_v1","0.666666666666667","116","3","113","3","1","2"
"9950","D40","DN4_3a_v1","0","114","5","109","5","5","0"
"9951","D41","DN4_3a_v1","0","112","7","107","5","7","0"
"9952","D42","DN4_3a_v1","0","118","1","113","5","1","0"
"9953","D43","DN4_3a_v1","1","118","1","114","4","0","1"
"9954","D44","DN4_3a_v1","0","81","38","76","5","38","0"
"9955","D45","DN4_3a_v1","0","107","12","102","5","12","0"
"9956","D46","DN4_3a_v1","0.0263157894736842","81","38","77","4","37","1"
"9957","D47","DN4_3a_v1","0.0833333333333333","107","12","103","4","11","1"
"9958","D48","DN4_3a_v1","0","94","25","89","5","25","0"
"9959","D49","DN4_3a_v1","0","106","13","101","5","13","0"
"9960","D5","DN4_3a_v1","0.333333333333333","116","3","112","4","2","1"
"9961","D50","DN4_3a_v1","0.5","117","2","113","4","1","1"
"9962","D51","DN4_3a_v1","1","118","1","114","4","0","1"
"9963","D52","DN4_3a_v1","0.5","117","2","113","4","1","1"
"9964","D53","DN4_3a_v1","1","118","1","114","4","0","1"
"9965","D9","DN4_3a_v1","1","118","1","114","4","0","1"
"9966","RMDQ1_v1","DN4_3a_v1","0.0617283950617284","130","81","128","2","76","5"
"9967","RMDQ2_v1","DN4_3a_v1","0.0609756097560976","129","82","127","2","77","5"
"9968","RMDQ3_v1","DN4_3a_v1","0.0666666666666667","137","75","135","2","70","5"
"9969","RMDQ4_v1","DN4_3a_v1","0.0212765957446809","165","47","159","6","46","1"
"9970","RMDQ5_v1","DN4_3a_v1","0.0588235294117647","144","68","141","3","64","4"
"9971","RMDQ6_v1","DN4_3a_v1","0.0784313725490196","161","51","158","3","47","4"
"9972","RMDQ7_v1","DN4_3a_v1","0.111111111111111","176","36","173","3","32","4"
"9973","RMDQ8_v1","DN4_3a_v1","0","205","7","198","7","7","0"
"9974","RMDQ9_v1","DN4_3a_v1","0.161290322580645","181","31","179","2","26","5"
"9975","RMDQ10_v1","DN4_3a_v1","0.121212121212121","179","33","176","3","29","4"
"9976","RMDQ11_v1","DN4_3a_v1","0.114285714285714","177","35","174","3","31","4"
"9977","RMDQ12_v1","DN4_3a_v1","0.102564102564103","173","39","170","3","35","4"
"9978","RMDQ13_v1","DN4_3a_v1","0.0930232558139535","169","43","166","3","39","4"
"9979","RMDQ14_v1","DN4_3a_v1","0.0952380952380952","170","42","167","3","38","4"
"9980","RMDQ15_v1","DN4_3a_v1","0.133333333333333","182","30","179","3","26","4"
"9981","RMDQ16_v1","DN4_3a_v1","0.117647058823529","178","34","175","3","30","4"
"9982","RMDQ17_v1","DN4_3a_v1","0.0888888888888889","167","45","164","3","41","4"
"9983","RMDQ18_v1","DN4_3a_v1","0.133333333333333","182","30","179","3","26","4"
"9984","RMDQ19_v1","DN4_3a_v1","0.129032258064516","181","31","178","3","27","4"
"9985","RMDQ20_v1","DN4_3a_v1","0.121212121212121","179","33","176","3","29","4"
"9986","RMDQ21_v1","DN4_3a_v1","0.0975609756097561","171","41","168","3","37","4"
"9987","RMDQ22_v1","DN4_3a_v1","0.117647058823529","178","34","175","3","30","4"
"9988","RMDQ23_v1","DN4_3a_v1","0.121212121212121","179","33","176","3","29","4"
"9989","RMDQ24_v1","DN4_3a_v1","0.133333333333333","182","30","179","3","26","4"
"9990","DN4_1a_v1","DN4_3a_v1","0.0594059405940594","119","101","117","2","95","6"
"9991","DN4_1b_v1","DN4_3a_v1","0.0625","171","48","166","5","45","3"
"9992","DN4_1c_v1","DN4_3a_v1","0.114754098360656","162","61","161","1","54","7"
"9993","DN4_2a_v1","DN4_3a_v1","0.0701754385964912","166","57","162","4","53","4"
"9994","DN4_2b_v1","DN4_3a_v1","0.107692307692308","158","65","157","1","58","7"
"9995","DN4_2c_v1","DN4_3a_v1","0.0806451612903226","158","62","155","3","57","5"
"9996","DN4_2d_v1","DN4_3a_v1","0.272727272727273","212","11","207","5","8","3"
"9997","DN4_3a_v1","DN4_3a_v1","1","215","8","215","0","0","8"
"9998","DN4_3b_v1","DN4_3a_v1","0.777777777777778","214","9","213","1","2","7"
"9999","DN4_4_v1","DN4_3a_v1","1","216","7","215","1","0","7"
"10000","Fuma","DN4_3b_v1","0.128205128205128","147","39","144","3","34","5"
"10001","Cirurgia_coluna","DN4_3b_v1","0.027027027027027","126","74","123","3","72","2"
"10002","Aposentado","DN4_3b_v1","0.0606060606060606","153","33","148","5","31","2"
"10003","Desempregado","DN4_3b_v1","0.115384615384615","157","26","154","3","23","3"
"10004","Licenca_Medica","DN4_3b_v1","0.117647058823529","167","17","163","4","15","2"
"10005","Aposentado_Invalidez","DN4_3b_v1","0.25","174","8","169","5","6","2"
"10006","Analg.e9.sicos","DN4_3b_v1","0.0583941605839416","64","137","64","0","129","8"
"10007","OutraDoenca","DN4_3b_v1","0.0410958904109589","119","73","114","5","70","3"
"10008","Dor_costas","DN4_3b_v1","0.0338983050847458","76","118","73","3","114","4"
"10009","Dor_pernas","DN4_3b_v1","0.0645161290322581","130","62","127","3","58","4"
"10010","Retornar_trabalho","DN4_3b_v1","0.176470588235294","174","17","169","5","14","3"
"10011","Masc","DN4_3b_v1","0.0469798657718121","74","149","72","2","142","7"
"10012","Fem","DN4_3b_v1","0.027027027027027","149","74","142","7","72","2"
"10013","Casado_Amasiado","DN4_3b_v1","0.0246913580246914","104","81","99","5","79","2"
"10014","Solteiro","DN4_3b_v1","0.0641025641025641","107","78","105","2","73","5"
"10015","Separado_Divorciado","DN4_3b_v1","0","178","7","171","7","7","0"
"10016","X4","DN4_3b_v1","0","182","3","175","7","3","0"
"10017","X5","DN4_3b_v1","0","180","5","173","7","5","0"
"10018","X6","DN4_3b_v1","0","174","11","167","7","11","0"
"10019","Livrar_costas","DN4_3b_v1","0.0384615384615385","16","104","16","0","100","4"
"10020","Livrar_perna","DN4_3b_v1","0","106","14","102","4","14","0"
"10021","Livrar_perda_sens","DN4_3b_v1","0","118","2","114","4","2","0"
"10022","D1","DN4_3b_v1","0","118","1","113","5","1","0"
"10023","D15","DN4_3b_v1","0.142857142857143","112","7","108","4","6","1"
"10024","D16","DN4_3b_v1","0.05","99","20","95","4","19","1"
"10025","D17","DN4_3b_v1","0","114","5","109","5","5","0"
"10026","D18","DN4_3b_v1","0.1","109","10","105","4","9","1"
"10027","D19","DN4_3b_v1","0.2","114","5","110","4","4","1"
"10028","D2","DN4_3b_v1","0.285714285714286","112","7","109","3","5","2"
"10029","D20","DN4_3b_v1","0.2","114","5","110","4","4","1"
"10030","D21","DN4_3b_v1","0","114","5","109","5","5","0"
"10031","D22","DN4_3b_v1","NaN","119","0","114","5","0","0"
"10032","D23","DN4_3b_v1","0","118","1","113","5","1","0"
"10033","D24","DN4_3b_v1","0.0833333333333333","95","24","92","3","22","2"
"10034","D25","DN4_3b_v1","0","116","3","111","5","3","0"
"10035","D26","DN4_3b_v1","0","118","1","113","5","1","0"
"10036","D27","DN4_3b_v1","0.25","115","4","111","4","3","1"
"10037","D28","DN4_3b_v1","0.25","115","4","111","4","3","1"
"10038","D29","DN4_3b_v1","0","78","41","73","5","41","0"
"10039","D3","DN4_3b_v1","0.5","117","2","113","4","1","1"
"10040","D30","DN4_3b_v1","0.0350877192982456","62","57","59","3","55","2"
"10041","D31","DN4_3b_v1","0","103","16","98","5","16","0"
"10042","D32","DN4_3b_v1","0","83","36","78","5","36","0"
"10043","D33","DN4_3b_v1","0","107","12","102","5","12","0"
"10044","D34","DN4_3b_v1","0.666666666666667","116","3","113","3","1","2"
"10045","D35","DN4_3b_v1","1","118","1","114","4","0","1"
"10046","D36","DN4_3b_v1","0","111","8","106","5","8","0"
"10047","D37","DN4_3b_v1","0.0454545454545455","97","22","93","4","21","1"
"10048","D38","DN4_3b_v1","0","116","3","111","5","3","0"
"10049","D39","DN4_3b_v1","0","104","15","99","5","15","0"
"10050","D4","DN4_3b_v1","0.666666666666667","116","3","113","3","1","2"
"10051","D40","DN4_3b_v1","0","114","5","109","5","5","0"
"10052","D41","DN4_3b_v1","0","112","7","107","5","7","0"
"10053","D42","DN4_3b_v1","0","118","1","113","5","1","0"
"10054","D43","DN4_3b_v1","1","118","1","114","4","0","1"
"10055","D44","DN4_3b_v1","0","81","38","76","5","38","0"
"10056","D45","DN4_3b_v1","0","107","12","102","5","12","0"
"10057","D46","DN4_3b_v1","0.0263157894736842","81","38","77","4","37","1"
"10058","D47","DN4_3b_v1","0.0833333333333333","107","12","103","4","11","1"
"10059","D48","DN4_3b_v1","0","94","25","89","5","25","0"
"10060","D49","DN4_3b_v1","0","106","13","101","5","13","0"
"10061","D5","DN4_3b_v1","0.333333333333333","116","3","112","4","2","1"
"10062","D50","DN4_3b_v1","0.5","117","2","113","4","1","1"
"10063","D51","DN4_3b_v1","1","118","1","114","4","0","1"
"10064","D52","DN4_3b_v1","0.5","117","2","113","4","1","1"
"10065","D53","DN4_3b_v1","1","118","1","114","4","0","1"
"10066","D9","DN4_3b_v1","1","118","1","114","4","0","1"
"10067","RMDQ1_v1","DN4_3b_v1","0.0493827160493827","130","81","127","3","77","4"
"10068","RMDQ2_v1","DN4_3b_v1","0.0487804878048781","129","82","126","3","78","4"
"10069","RMDQ3_v1","DN4_3b_v1","0.0533333333333333","137","75","134","3","71","4"
"10070","RMDQ4_v1","DN4_3b_v1","0","165","47","158","7","47","0"
"10071","RMDQ5_v1","DN4_3b_v1","0.0588235294117647","144","68","141","3","64","4"
"10072","RMDQ6_v1","DN4_3b_v1","0.0784313725490196","161","51","158","3","47","4"
"10073","RMDQ7_v1","DN4_3b_v1","0.111111111111111","176","36","173","3","32","4"
"10074","RMDQ8_v1","DN4_3b_v1","0","205","7","198","7","7","0"
"10075","RMDQ9_v1","DN4_3b_v1","0.129032258064516","181","31","178","3","27","4"
"10076","RMDQ10_v1","DN4_3b_v1","0.121212121212121","179","33","176","3","29","4"
"10077","RMDQ11_v1","DN4_3b_v1","0.114285714285714","177","35","174","3","31","4"
"10078","RMDQ12_v1","DN4_3b_v1","0.102564102564103","173","39","170","3","35","4"
"10079","RMDQ13_v1","DN4_3b_v1","0.0930232558139535","169","43","166","3","39","4"
"10080","RMDQ14_v1","DN4_3b_v1","0.0952380952380952","170","42","167","3","38","4"
"10081","RMDQ15_v1","DN4_3b_v1","0.133333333333333","182","30","179","3","26","4"
"10082","RMDQ16_v1","DN4_3b_v1","0.117647058823529","178","34","175","3","30","4"
"10083","RMDQ17_v1","DN4_3b_v1","0.0888888888888889","167","45","164","3","41","4"
"10084","RMDQ18_v1","DN4_3b_v1","0.133333333333333","182","30","179","3","26","4"
"10085","RMDQ19_v1","DN4_3b_v1","0.129032258064516","181","31","178","3","27","4"
"10086","RMDQ20_v1","DN4_3b_v1","0.121212121212121","179","33","176","3","29","4"
"10087","RMDQ21_v1","DN4_3b_v1","0.0975609756097561","171","41","168","3","37","4"
"10088","RMDQ22_v1","DN4_3b_v1","0.117647058823529","178","34","175","3","30","4"
"10089","RMDQ23_v1","DN4_3b_v1","0.121212121212121","179","33","176","3","29","4"
"10090","RMDQ24_v1","DN4_3b_v1","0.133333333333333","182","30","179","3","26","4"
"10091","DN4_1a_v1","DN4_3b_v1","0.0594059405940594","119","101","116","3","95","6"
"10092","DN4_1b_v1","DN4_3b_v1","0.0416666666666667","171","48","164","7","46","2"
"10093","DN4_1c_v1","DN4_3b_v1","0.0983606557377049","162","61","159","3","55","6"
"10094","DN4_2a_v1","DN4_3b_v1","0.0701754385964912","166","57","161","5","53","4"
"10095","DN4_2b_v1","DN4_3b_v1","0.138461538461538","158","65","158","0","56","9"
"10096","DN4_2c_v1","DN4_3b_v1","0.112903225806452","158","62","156","2","55","7"
"10097","DN4_2d_v1","DN4_3b_v1","0.272727272727273","212","11","206","6","8","3"
"10098","DN4_3a_v1","DN4_3b_v1","0.875","215","8","213","2","1","7"
"10099","DN4_3b_v1","DN4_3b_v1","1","214","9","214","0","0","9"
"10100","DN4_4_v1","DN4_3b_v1","1","216","7","214","2","0","7"
"10101","Fuma","DN4_4_v1","0.102564102564103","147","39","145","2","35","4"
"10102","Cirurgia_coluna","DN4_4_v1","0.027027027027027","126","74","124","2","72","2"
"10103","Aposentado","DN4_4_v1","0.0606060606060606","153","33","150","3","31","2"
"10104","Desempregado","DN4_4_v1","0.115384615384615","157","26","156","1","23","3"
"10105","Licenca_Medica","DN4_4_v1","0.117647058823529","167","17","165","2","15","2"
"10106","Aposentado_Invalidez","DN4_4_v1","0.25","174","8","171","3","6","2"
"10107","Analg.e9.sicos","DN4_4_v1","0.0437956204379562","64","137","64","0","131","6"
"10108","OutraDoenca","DN4_4_v1","0.0273972602739726","119","73","115","4","71","2"
"10109","Dor_costas","DN4_4_v1","0.0338983050847458","76","118","75","1","114","4"
"10110","Dor_pernas","DN4_4_v1","0.0645161290322581","130","62","129","1","58","4"
"10111","Retornar_trabalho","DN4_4_v1","0.176470588235294","174","17","171","3","14","3"
"10112","Masc","DN4_4_v1","0.0335570469798658","74","149","72","2","144","5"
"10113","Fem","DN4_4_v1","0.027027027027027","149","74","144","5","72","2"
"10114","Casado_Amasiado","DN4_4_v1","0.0246913580246914","104","81","101","3","79","2"
"10115","Solteiro","DN4_4_v1","0.0384615384615385","107","78","105","2","75","3"
"10116","Separado_Divorciado","DN4_4_v1","0","178","7","173","5","7","0"
"10117","X4","DN4_4_v1","0","182","3","177","5","3","0"
"10118","X5","DN4_4_v1","0","180","5","175","5","5","0"
"10119","X6","DN4_4_v1","0","174","11","169","5","11","0"
"10120","Livrar_costas","DN4_4_v1","0.0288461538461538","16","104","16","0","101","3"
"10121","Livrar_perna","DN4_4_v1","0","106","14","103","3","14","0"
"10122","Livrar_perda_sens","DN4_4_v1","0","118","2","115","3","2","0"
"10123","D1","DN4_4_v1","0","118","1","114","4","1","0"
"10124","D15","DN4_4_v1","0.142857142857143","112","7","109","3","6","1"
"10125","D16","DN4_4_v1","0.05","99","20","96","3","19","1"
"10126","D17","DN4_4_v1","0","114","5","110","4","5","0"
"10127","D18","DN4_4_v1","0.1","109","10","106","3","9","1"
"10128","D19","DN4_4_v1","0.2","114","5","111","3","4","1"
"10129","D2","DN4_4_v1","0.285714285714286","112","7","110","2","5","2"
"10130","D20","DN4_4_v1","0.2","114","5","111","3","4","1"
"10131","D21","DN4_4_v1","0","114","5","110","4","5","0"
"10132","D22","DN4_4_v1","NaN","119","0","115","4","0","0"
"10133","D23","DN4_4_v1","0","118","1","114","4","1","0"
"10134","D24","DN4_4_v1","0.0833333333333333","95","24","93","2","22","2"
"10135","D25","DN4_4_v1","0","116","3","112","4","3","0"
"10136","D26","DN4_4_v1","0","118","1","114","4","1","0"
"10137","D27","DN4_4_v1","0","115","4","111","4","4","0"
"10138","D28","DN4_4_v1","0","115","4","111","4","4","0"
"10139","D29","DN4_4_v1","0","78","41","74","4","41","0"
"10140","D3","DN4_4_v1","0.5","117","2","114","3","1","1"
"10141","D30","DN4_4_v1","0.0350877192982456","62","57","60","2","55","2"
"10142","D31","DN4_4_v1","0","103","16","99","4","16","0"
"10143","D32","DN4_4_v1","0","83","36","79","4","36","0"
"10144","D33","DN4_4_v1","0","107","12","103","4","12","0"
"10145","D34","DN4_4_v1","0.666666666666667","116","3","114","2","1","2"
"10146","D35","DN4_4_v1","1","118","1","115","3","0","1"
"10147","D36","DN4_4_v1","0","111","8","107","4","8","0"
"10148","D37","DN4_4_v1","0.0454545454545455","97","22","94","3","21","1"
"10149","D38","DN4_4_v1","0","116","3","112","4","3","0"
"10150","D39","DN4_4_v1","0","104","15","100","4","15","0"
"10151","D4","DN4_4_v1","0.666666666666667","116","3","114","2","1","2"
"10152","D40","DN4_4_v1","0","114","5","110","4","5","0"
"10153","D41","DN4_4_v1","0","112","7","108","4","7","0"
"10154","D42","DN4_4_v1","0","118","1","114","4","1","0"
"10155","D43","DN4_4_v1","1","118","1","115","3","0","1"
"10156","D44","DN4_4_v1","0","81","38","77","4","38","0"
"10157","D45","DN4_4_v1","0","107","12","103","4","12","0"
"10158","D46","DN4_4_v1","0.0263157894736842","81","38","78","3","37","1"
"10159","D47","DN4_4_v1","0.0833333333333333","107","12","104","3","11","1"
"10160","D48","DN4_4_v1","0","94","25","90","4","25","0"
"10161","D49","DN4_4_v1","0","106","13","102","4","13","0"
"10162","D5","DN4_4_v1","0.333333333333333","116","3","113","3","2","1"
"10163","D50","DN4_4_v1","0.5","117","2","114","3","1","1"
"10164","D51","DN4_4_v1","1","118","1","115","3","0","1"
"10165","D52","DN4_4_v1","0.5","117","2","114","3","1","1"
"10166","D53","DN4_4_v1","1","118","1","115","3","0","1"
"10167","D9","DN4_4_v1","1","118","1","115","3","0","1"
"10168","RMDQ1_v1","DN4_4_v1","0.0493827160493827","130","81","128","2","77","4"
"10169","RMDQ2_v1","DN4_4_v1","0.0487804878048781","129","82","127","2","78","4"
"10170","RMDQ3_v1","DN4_4_v1","0.0533333333333333","137","75","135","2","71","4"
"10171","RMDQ4_v1","DN4_4_v1","0","165","47","159","6","47","0"
"10172","RMDQ5_v1","DN4_4_v1","0.0588235294117647","144","68","142","2","64","4"
"10173","RMDQ6_v1","DN4_4_v1","0.0784313725490196","161","51","159","2","47","4"
"10174","RMDQ7_v1","DN4_4_v1","0.111111111111111","176","36","174","2","32","4"
"10175","RMDQ8_v1","DN4_4_v1","0","205","7","199","6","7","0"
"10176","RMDQ9_v1","DN4_4_v1","0.129032258064516","181","31","179","2","27","4"
"10177","RMDQ10_v1","DN4_4_v1","0.121212121212121","179","33","177","2","29","4"
"10178","RMDQ11_v1","DN4_4_v1","0.114285714285714","177","35","175","2","31","4"
"10179","RMDQ12_v1","DN4_4_v1","0.102564102564103","173","39","171","2","35","4"
"10180","RMDQ13_v1","DN4_4_v1","0.0930232558139535","169","43","167","2","39","4"
"10181","RMDQ14_v1","DN4_4_v1","0.0952380952380952","170","42","168","2","38","4"
"10182","RMDQ15_v1","DN4_4_v1","0.133333333333333","182","30","180","2","26","4"
"10183","RMDQ16_v1","DN4_4_v1","0.117647058823529","178","34","176","2","30","4"
"10184","RMDQ17_v1","DN4_4_v1","0.0888888888888889","167","45","165","2","41","4"
"10185","RMDQ18_v1","DN4_4_v1","0.133333333333333","182","30","180","2","26","4"
"10186","RMDQ19_v1","DN4_4_v1","0.129032258064516","181","31","179","2","27","4"
"10187","RMDQ20_v1","DN4_4_v1","0.121212121212121","179","33","177","2","29","4"
"10188","RMDQ21_v1","DN4_4_v1","0.0975609756097561","171","41","169","2","37","4"
"10189","RMDQ22_v1","DN4_4_v1","0.117647058823529","178","34","176","2","30","4"
"10190","RMDQ23_v1","DN4_4_v1","0.121212121212121","179","33","177","2","29","4"
"10191","RMDQ24_v1","DN4_4_v1","0.133333333333333","182","30","180","2","26","4"
"10192","DN4_1a_v1","DN4_4_v1","0.0594059405940594","119","101","118","1","95","6"
"10193","DN4_1b_v1","DN4_4_v1","0.0416666666666667","171","48","166","5","46","2"
"10194","DN4_1c_v1","DN4_4_v1","0.0983606557377049","162","61","161","1","55","6"
"10195","DN4_2a_v1","DN4_4_v1","0.0701754385964912","166","57","163","3","53","4"
"10196","DN4_2b_v1","DN4_4_v1","0.107692307692308","158","65","158","0","58","7"
"10197","DN4_2c_v1","DN4_4_v1","0.0806451612903226","158","62","156","2","57","5"
"10198","DN4_2d_v1","DN4_4_v1","0.272727272727273","212","11","208","4","8","3"
"10199","DN4_3a_v1","DN4_4_v1","0.875","215","8","215","0","1","7"
"10200","DN4_3b_v1","DN4_4_v1","0.777777777777778","214","9","214","0","2","7"
"10201","DN4_4_v1","DN4_4_v1","1","216","7","216","0","0","7"
